-3.3142 4.3981 0.0000
-3.1954 4.3183 0.0000
-3.1881 4.3881 0.0000
-3.1788 4.4565 0.0000
-3.1805 4.5422 0.0000
-3.1447 4.5755 0.0000
-3.1192 4.6244 0.0000
-3.0914 4.6706 0.0000
-3.0478 4.6932 0.0000
-2.9917 4.6960 0.0000
-2.9294 4.6880 0.0000
-2.8779 4.6963 0.0000
-2.8203 4.6938 0.0000
-2.7625 4.6898 0.0000
-2.7045 4.6843 0.0000
-2.6512 4.6860 0.0000
-2.5976 4.6862 0.0000
-2.5442 4.6859 0.0000
-2.4920 4.6867 0.0000
-2.4357 4.6790 0.0000
-2.3866 4.6840 0.0000
-2.3332 4.6796 0.0000
-2.2817 4.6782 0.0000
-2.2309 4.6772 0.0000
-2.1811 4.6775 0.0000
-2.1303 4.6745 0.0000
-2.0792 4.6700 0.0000
-2.0332 4.6761 0.0000
-1.9845 4.6752 0.0000
-1.9345 4.6702 0.0000
-1.8876 4.6721 0.0000
-1.8376 4.6651 0.0000
-1.7969 4.6810 0.0000
-1.7465 4.6712 0.0000
-1.7022 4.6769 0.0000
-1.6510 4.6623 0.0000
-1.6083 4.6709 0.0000
-1.5611 4.6658 0.0000
-1.5129 4.6564 0.0000
-1.4705 4.6637 0.0000
-1.4247 4.6601 0.0000
-1.3800 4.6589 0.0000
-1.3360 4.6592 0.0000
-1.2918 4.6582 0.0000
-1.2478 4.6567 0.0000
-1.2046 4.6578 0.0000
-1.1607 4.6555 0.0000
-1.1173 4.6538 0.0000
-1.0744 4.6536 0.0000
-1.0313 4.6521 0.0000
-0.9884 4.6501 0.0000
-0.7714 3.7913 0.0000
-0.6142 3.1599 0.0000
-0.5861 3.1621 0.0000
-0.7232 4.1017 0.0000
-0.7732 4.6207 0.0000
-0.6669 4.2105 0.0000
-0.6749 4.5158 0.0000
-3.1880 4.4773 0.0000
-3.1279 4.6120 0.0000
-2.9996 4.6133 0.0000
-2.8750 4.6151 0.0000
-0.6580 3.1495 0.0000
-0.5888 3.1590 0.0000
-2.5197 4.6206 0.0000
-2.3915 4.6111 0.0000
-2.2943 4.6225 0.0000
-2.1974 4.6327 0.0000
-2.0693 4.6168 0.0000
-1.9709 4.6222 0.0000
-1.8705 4.6242 0.0000
-1.7427 4.6020 0.0000
-1.6441 4.6017 0.0000
-1.5749 4.6247 0.0000
-1.4445 4.5937 0.0000
-1.3772 4.6158 0.0000
-0.7237 4.1091 0.0000
-0.7252 4.1833 0.0000
-1.1069 4.6130 0.0000
-0.6907 4.2995 0.0000
-0.7314 4.4146 0.0000
-0.7305 4.4914 0.0000
-3.1556 3.3840 0.4186
-3.1651 3.4541 0.4186
-3.0466 3.3835 0.4186
-2.9944 3.3845 0.4186
-2.9411 3.3834 0.4186
-2.8900 3.3838 0.4186
-2.8649 3.4143 0.4186
-2.8534 3.4615 0.4186
-2.8363 3.5026 0.4186
-2.8237 3.5499 0.4186
-2.8210 3.6107 0.4186
-2.8015 3.6510 0.4186
-2.7882 3.7001 0.4186
-2.7433 3.7074 0.4186
-2.6938 3.7077 0.4186
-2.6341 3.6928 0.4186
-2.5828 3.6886 0.4186
-2.5301 3.6814 0.4186
-2.4783 3.6743 0.4186
-2.4346 3.6783 0.4186
-2.3828 3.6692 0.4186
-2.3378 3.6696 0.4186
-2.2930 3.6695 0.4186
-2.2415 3.6578 0.4186
-2.1972 3.6567 0.4186
-2.1520 3.6533 0.4186
-2.1085 3.6520 0.4186
-2.0598 3.6407 0.4186
-2.0163 3.6375 0.4186
-1.9731 3.6339 0.4186
-1.9286 3.6271 0.4186
-1.8890 3.6288 0.4186
-1.8473 3.6255 0.4186
-1.8049 3.6200 0.4186
-1.7671 3.6230 0.4186
-1.7263 3.6194 0.4186
-1.6879 3.6198 0.4186
-1.6472 3.6144 0.4186
-1.6135 3.6240 0.4186
-1.5703 3.6114 0.4186
-1.5321 3.6093 0.4186
-1.4967 3.6133 0.4186
-1.4628 3.6207 0.4186
-1.4224 3.6110 0.4186
-1.3876 3.6148 0.4186
-1.3476 3.6043 0.4186
-1.3147 3.6122 0.4186
-1.2798 3.6141 0.4186
-1.2443 3.6138 0.4186
-1.2045 3.5998 0.4186
-1.1684 3.5959 0.4186
-1.0555 3.3475 0.4186
-1.0251 3.3528 0.4186
-0.9884 3.3367 0.4186
-0.9589 3.3442 0.4186
-0.9260 3.3390 0.4186
-0.8937 3.3353 0.4186
-0.8618 3.3324 0.4186
-0.8308 3.3320 0.4186
-0.8007 3.3352 0.4186
-0.7635 3.3070 0.4186
-0.7363 3.3214 0.4186
-0.7425 3.4930 0.4186
-0.6611 3.2494 0.4186
-0.6108 3.1422 0.4186
-0.5819 3.1395 0.4186
-0.6326 3.5877 0.4186
-0.6772 4.0467 0.4186
-0.6764 4.2708 0.4186
-0.6742 4.5109 0.4186
-3.1108 3.3154 0.4186
-2.9261 3.3001 0.4186
-2.8747 3.3478 0.4186
-3.1621 3.6450 0.4186
-2.7784 3.5935 0.4186
-2.6068 3.5735 0.4186
-2.4361 3.5509 0.4186
-2.2915 3.5400 0.4186
-2.1457 3.5259 0.4186
-1.9990 3.5084 0.4186
-1.4540 3.2442 0.4186
-1.3305 3.2309 0.4186
-1.2043 3.2136 0.4186
-1.1098 3.2145 0.4186
-0.9799 3.1902 0.4186
-0.8830 3.1857 0.4186
-0.7570 3.1594 0.4186
-0.6252 3.1266 0.4186
-3.2039 3.2039 0.8372
-3.1723 3.2282 0.8372
-3.1364 3.2478 0.8372
-3.1279 3.2961 0.8372
-3.1270 3.3533 0.8372
-3.1604 3.4490 0.8372
-3.1670 3.5173 0.8372
-3.1647 3.5770 0.8372
-3.1655 3.6415 0.8372
-3.1693 3.7108 0.8372
-3.1689 3.7766 0.8372
-3.1511 3.8226 0.8372
-3.1623 3.9052 0.8372
-3.1574 3.9694 0.8372
-3.1546 4.0378 0.8372
-3.1558 4.1127 0.8372
-3.1499 4.1801 0.8372
-3.1472 4.2532 0.8372
-3.1494 4.3347 0.8372
-3.1462 4.4109 0.8372
-3.1180 4.4529 0.8372
-3.0592 4.4511 0.8372
-2.9755 4.4113 0.8372
-2.8944 4.3729 0.8372
-2.8376 4.3695 0.8372
-2.7735 4.3536 0.8372
-2.6772 4.2843 0.8372
-2.5796 4.2095 0.8372
-2.5144 4.1847 0.8372
-2.4418 4.1453 0.8372
-2.3800 4.1223 0.8372
-2.3331 4.1237 0.8372
-2.2738 4.1020 0.8372
-2.2193 4.0874 0.8372
-2.1699 4.0810 0.8372
-2.1139 4.0607 0.8372
-2.0720 4.0666 0.8372
-2.0284 4.0684 0.8372
-1.9823 4.0643 0.8372
-1.9364 4.0598 0.8372
-1.8878 4.0485 0.8372
-1.8433 4.0448 0.8372
-1.8043 4.0525 0.8372
-1.7621 4.0525 0.8372
-1.7165 4.0438 0.8372
-1.6796 4.0549 0.8372
-1.6344 4.0453 0.8372
-1.5987 4.0585 0.8372
-1.5585 4.0601 0.8372
-1.5255 4.0801 0.8372
-1.4840 4.0773 0.8372
-1.4447 4.0798 0.8372
-1.4065 4.0846 0.8372
-1.3714 4.0987 0.8372
-1.3377 4.1171 0.8372
-1.2987 4.1191 0.8372
-1.2639 4.1341 0.8372
-1.2264 4.1402 0.8372
-1.1866 4.1382 0.8372
-1.1499 4.1465 0.8372
-1.1158 4.1641 0.8372
-1.0799 4.1756 0.8372
-0.8320 3.3368 0.8372
-0.7592 3.1621 0.8372
-0.7291 3.1579 0.8372
-0.7032 3.1720 0.8372
-0.6474 3.0460 0.8372
-0.6176 3.0358 0.8372
-0.5896 3.0332 0.8372
-0.5644 3.0451 0.8372
-0.5399 3.0618 0.8372
-0.5344 3.1936 0.8372
-0.6838 4.3172 0.8372
-0.6737 4.5079 0.8372
-0.7354 5.2326 0.8372
-0.7176 5.4510 0.8372
-0.7107 5.7885 0.8372
-3.2062 3.1372 0.8372
-3.1567 3.1886 0.8372
-3.2326 3.4495 0.8372
-3.2488 3.6119 0.8372
-3.2156 3.9110 0.8372
-3.2236 4.1608 0.8372
-2.9004 4.2941 0.8372
-2.4333 4.0739 0.8372
-0.6897 2.9981 0.8372
-0.6277 3.0135 0.8372
-0.8196 3.2025 0.8372
-0.8177 3.2614 0.8372
-1.7212 3.9668 0.8372
-0.7811 3.3574 0.8372
-0.7806 3.4190 0.8372
-0.7801 3.4815 0.8372
-1.4366 4.0489 0.8372
-0.7486 3.5850 0.8372
-0.7492 3.6504 0.8372
-0.7490 3.7161 0.8372
-0.7496 3.7834 0.8372
-0.7494 3.8509 0.8372
-0.7506 3.9207 0.8372
-0.7517 3.9915 0.8372
-0.7526 4.0632 0.8372
-0.7541 4.1366 0.8372
-0.7569 4.2123 0.8372
-3.2011 3.2011 1.2558
-3.1660 3.2218 1.2558
-3.1280 3.2392 1.2558
-3.1244 3.2925 1.2558
-3.1242 3.3503 1.2558
-3.1584 3.4468 1.2558
-3.1623 3.5121 1.2558
-3.1686 3.5815 1.2558
-3.1675 3.6437 1.2558
-3.1680 3.7093 1.2558
-3.1644 3.7712 1.2558
-3.1696 3.8450 1.2558
-3.1592 3.9013 1.2558
-3.1568 3.9686 1.2558
-3.1546 4.0378 1.2558
-3.1619 4.1207 1.2558
-3.1559 4.1880 1.2558
-3.1514 4.2588 1.2558
-3.1258 4.3024 1.2558
-3.0202 4.2342 1.2558
-2.9465 4.2080 1.2558
-2.8094 4.0877 1.2558
-2.7043 4.0092 1.2558
-2.6200 3.9585 1.2558
-2.5533 3.9317 1.2558
-2.4829 3.8973 1.2558
-2.4260 3.8824 1.2558
-2.3727 3.8718 1.2558
-2.3105 3.8453 1.2558
-2.2555 3.8291 1.2558
-2.2000 3.8105 1.2558
-2.1598 3.8174 1.2558
-2.1070 3.8011 1.2558
-2.0723 3.8167 1.2558
-2.0258 3.8099 1.2558
-1.9795 3.8026 1.2558
-1.9408 3.8091 1.2558
-1.8901 3.7909 1.2558
-1.8482 3.7893 1.2558
-1.8172 3.8098 1.2558
-1.7826 3.8228 1.2558
-1.7367 3.8109 1.2558
-1.6969 3.8113 1.2558
-1.6676 3.8351 1.2558
-1.6258 3.8302 1.2558
-1.5897 3.8378 1.2558
-1.5587 3.8580 1.2558
-1.5213 3.8622 1.2558
-1.4808 3.8576 1.2558
-1.4443 3.8628 1.2558
-1.4108 3.8762 1.2558
-1.3806 3.8988 1.2558
-1.3472 3.9126 1.2558
-1.3095 3.9137 1.2558
-1.2759 3.9269 1.2558
-1.2440 3.9455 1.2558
-1.2084 3.9524 1.2558
-1.1724 3.9580 1.2558
-1.1400 3.9758 1.2558
-1.1037 3.9798 1.2558
-1.0669 3.9815 1.2558
-1.0308 3.9859 1.2558
-0.7983 3.2020 1.2558
-0.7592 3.1621 1.2558
-0.7259 3.1443 1.2558
-0.6937 3.1290 1.2558
-0.6580 3.0958 1.2558
-0.6290 3.0917 1.2558
-0.6001 3.0872 1.2558
-0.5675 3.0619 1.2558
-0.5402 3.0637 1.2558
-0.5199 3.1068 1.2558
-0.6869 4.3369 1.2558
-0.6715 4.4931 1.2558
-0.7277 5.1781 1.2558
-0.7681 5.8347 1.2558
-0.7227 5.8858 1.2558
-3.2034 3.1359 1.2558
-3.1549 3.1877 1.2558
-3.2326 3.4495 1.2558
-3.2188 3.6746 1.2558
-3.2450 3.8469 1.2558
-3.2167 4.1567 1.2558
-2.5870 3.8618 1.2558
-2.2504 3.7322 1.2558
-2.1608 3.7497 1.2558
-2.0123 3.7283 1.2558
-1.9208 3.7411 1.2558
-1.8304 3.7532 1.2558
-0.6559 3.0325 1.2558
-0.5930 3.0467 1.2558
-0.8185 3.2619 1.2558
-1.4916 3.8030 1.2558
-0.7819 3.3580 1.2558
-0.7806 3.4190 1.2558
-0.7801 3.4815 1.2558
-0.7805 3.5454 1.2558
-1.1765 3.9193 1.2558
-0.7492 3.6504 1.2558
-0.7490 3.7161 1.2558
-0.7496 3.7834 1.2558
-0.7501 3.8516 1.2558
-0.7506 3.9207 1.2558
-0.7517 3.9915 1.2558
-3.1961 3.1961 1.6744
-3.1590 3.2146 1.6744
-3.1287 3.2399 1.6744
-3.1196 3.2874 1.6744
-3.1215 3.3474 1.6744
-3.1665 3.4556 1.6744
-3.1710 3.5218 1.6744
-3.1693 3.5823 1.6744
-3.1622 3.6377 1.6744
-3.1667 3.7077 1.6744
-3.1632 3.7697 1.6744
-3.1689 3.8442 1.6744
-3.1680 3.9122 1.6744
-3.1561 3.9678 1.6744
-3.1583 4.0425 1.6744
-3.1564 4.1135 1.6744
-3.1024 4.1170 1.6744
-3.0098 4.0675 1.6744
-2.8396 3.9084 1.6744
-2.7159 3.8076 1.6744
-2.6098 3.7271 1.6744
-2.5517 3.7127 1.6744
-2.4884 3.6892 1.6744
-2.4236 3.6616 1.6744
-2.3643 3.6407 1.6744
-2.3034 3.6156 1.6744
-2.2453 3.5932 1.6744
-2.1882 3.5709 1.6744
-2.1384 3.5590 1.6744
-2.0875 3.5439 1.6744
-2.0455 3.5429 1.6744
-2.0032 3.5406 1.6744
-1.9654 3.5457 1.6744
-1.9277 3.5504 1.6744
-1.8920 3.5583 1.6744
-1.8507 3.5551 1.6744
-1.8155 3.5631 1.6744
-1.7835 3.5771 1.6744
-1.7530 3.5943 1.6744
-1.7199 3.6058 1.6744
-1.6879 3.6198 1.6744
-1.6521 3.6253 1.6744
-1.6168 3.6313 1.6744
-1.5822 3.6389 1.6744
-1.5512 3.6544 1.6744
-1.5193 3.6678 1.6744
-1.4857 3.6772 1.6744
-1.4510 3.6835 1.6744
-1.4159 3.6886 1.6744
-1.3812 3.6942 1.6744
-1.3517 3.7137 1.6744
-1.3179 3.7215 1.6744
-1.2866 3.7367 1.6744
-1.2511 3.7392 1.6744
-1.2203 3.7557 1.6744
-1.1878 3.7672 1.6744
-1.1525 3.7698 1.6744
-1.1185 3.7758 1.6744
-1.0896 3.7999 1.6744
-1.0535 3.7986 1.6744
-1.0234 3.8193 1.6744
-0.9910 3.8319 1.6744
-0.7923 3.1777 1.6744
-0.7566 3.1515 1.6744
-0.7241 3.1365 1.6744
-0.6956 3.1378 1.6744
-0.6618 3.1134 1.6744
-0.6302 3.0975 1.6744
-0.6041 3.1078 1.6744
-0.5797 3.1277 1.6744
-0.5536 3.1396 1.6744
-0.5232 3.1265 1.6744
-0.4953 3.1270 1.6744
-0.6675 4.4664 1.6744
-0.7301 5.1949 1.6744
-3.2025 3.1355 1.6744
-3.1540 3.1873 1.6744
-3.2308 3.4487 1.6744
-3.2179 3.6741 1.6744
-3.2415 3.8449 1.6744
-2.5571 3.6193 1.6744
-2.1728 3.4715 1.6744
-2.0553 3.4726 1.6744
-1.9390 3.4724 1.6744
-1.8804 3.5054 1.6744
-1.8207 3.5372 1.6744
-1.7314 3.5494 1.6744
-1.6709 3.5788 1.6744
-1.6103 3.6075 1.6744
-0.6890 3.0549 1.6744
-0.6210 3.0660 1.6744
-0.5531 3.0761 1.6744
-1.3304 3.6880 1.6744
-0.7827 3.3586 1.6744
-0.7806 3.4190 1.6744
-0.7809 3.4821 1.6744
-0.7805 3.5454 1.6744
-0.7809 3.6102 1.6744
-0.7813 3.6759 1.6744
-0.7817 3.7426 1.6744
-0.8499 3.8661 1.6744
-0.7501 3.8516 1.6744
-3.1954 3.1954 2.0930
-3.1597 3.2153 2.0930
-3.1218 3.2327 2.0930
-3.1203 3.2881 2.0930
-3.1263 3.3525 2.0930
-3.1624 3.4512 2.0930
-3.1683 3.5188 2.0930
-3.1673 3.5800 2.0930
-3.1734 3.6505 2.0930
-3.1752 3.7176 2.0930
-3.1638 3.7705 2.0930
-3.1651 3.8396 2.0930
-3.1705 3.9153 2.0930
-3.1686 3.9835 2.0930
-3.1171 3.9897 2.0930
-2.9549 3.8509 2.0930
-2.8123 3.7320 2.0930
-2.6981 3.6463 2.0930
-2.5992 3.5775 2.0930
-2.4988 3.5031 2.0930
-2.4274 3.4667 2.0930
-2.3744 3.4547 2.0930
-2.3123 3.4281 2.0930
-2.2243 3.3606 2.0930
-2.1845 3.3639 2.0930
-2.1304 3.3440 2.0930
-2.0895 3.3439 2.0930
-2.0534 3.3509 2.0930
-2.0071 3.3404 2.0930
-1.9804 3.3621 2.0930
-1.9415 3.3628 2.0930
-1.9042 3.3657 2.0930
-1.8685 3.3708 2.0930
-1.8480 3.4037 2.0930
-1.8211 3.4250 2.0930
-1.7870 3.4327 2.0930
-1.7501 3.4348 2.0930
-1.7112 3.4321 2.0930
-1.6816 3.4478 2.0930
-1.6497 3.4587 2.0930
-1.6182 3.4703 2.0930
-1.5825 3.4724 2.0930
-1.5550 3.4925 2.0930
-1.5232 3.5032 2.0930
-1.4914 3.5136 2.0930
-1.4634 3.5329 2.0930
-1.4336 3.5483 2.0930
-1.3982 3.5495 2.0930
-1.3729 3.5765 2.0930
-1.3385 3.5800 2.0930
-1.3120 3.6047 2.0930
-1.2812 3.6179 2.0930
-1.2469 3.6213 2.0930
-1.2194 3.6444 2.0930
-1.1851 3.6473 2.0930
-1.1547 3.6623 2.0930
-1.1230 3.6732 2.0930
-1.0929 3.6895 2.0930
-1.0618 3.7028 2.0930
-1.0299 3.7138 2.0930
-1.0040 3.7468 2.0930
-0.9702 3.7516 2.0930
-0.7894 3.1661 2.0930
-0.7538 3.1398 2.0930
-0.7259 3.1443 2.0930
-0.6982 3.1495 2.0930
-0.6597 3.1037 2.0930
-0.6310 3.1015 2.0930
-0.6051 3.1127 2.0930
-0.5799 3.1287 2.0930
-0.5545 3.1445 2.0930
-0.5263 3.1453 2.0930
-0.4989 3.1497 2.0930
-0.4711 3.1520 2.0930
-0.7364 5.2395 2.0930
-0.7248 5.5055 2.0930
-0.7177 5.8451 2.0930
-3.2016 3.1351 2.0930
-3.1540 3.1873 2.0930
-3.2326 3.4495 2.0930
-3.2480 3.6115 2.0930
-2.2203 3.2905 2.0930
-2.0497 3.2647 2.0930
-1.9923 3.2997 2.0930
-1.9052 3.3170 2.0930
-1.7582 3.3637 2.0930
-1.6979 3.3936 2.0930
-1.6375 3.4227 2.0930
-1.5771 3.4511 2.0930
-1.5158 3.4781 2.0930
-1.4535 3.5037 2.0930
-0.6907 3.0560 2.0930
-0.8221 3.2042 2.0930
-0.5900 3.1019 2.0930
-0.5212 3.1108 2.0930
-0.7827 3.3586 2.0930
-0.7814 3.4196 2.0930
-0.7809 3.4821 2.0930
-0.7805 3.5454 2.0930
-0.7809 3.6102 2.0930
-0.7813 3.6759 2.0930
-0.7817 3.7426 2.0930
-0.8152 3.8375 2.0930
-0.7494 3.8509 2.0930
-3.1862 3.1862 2.5116
-3.1513 3.2068 2.5116
-3.1253 3.2363 2.5116
-3.1217 3.2896 2.5116
-3.1201 3.3459 2.5116
-3.1672 3.4564 2.5116
-3.1630 3.5128 2.5116
-3.1693 3.5823 2.5116
-3.1714 3.6483 2.5116
-3.1693 3.7108 2.5116
-3.1715 3.7797 2.5116
-3.1689 3.8442 2.5116
-3.1686 3.9129 2.5116
-3.0192 3.7956 2.5116
-2.8585 3.6587 2.5116
-2.7467 3.5796 2.5116
-2.6672 3.5396 2.5116
-2.5577 3.4566 2.5116
-2.4593 3.3849 2.5116
-2.3629 3.3126 2.5116
-2.2960 3.2791 2.5116
-2.2186 3.2281 2.5116
-2.1809 3.2332 2.5116
-2.1426 3.2371 2.5116
-2.0914 3.2205 2.5116
-2.0562 3.2277 2.5116
-2.0211 3.2345 2.5116
-1.9959 3.2571 2.5116
-1.9633 3.2675 2.5116
-1.9312 3.2785 2.5116
-1.9000 3.2909 2.5116
-1.8678 3.3013 2.5116
-1.8335 3.3078 2.5116
-1.8046 3.3237 2.5116
-1.7765 3.3411 2.5116
-1.7426 3.3476 2.5116
-1.7070 3.3502 2.5116
-1.6773 3.3641 2.5116
-1.6474 3.3777 2.5116
-1.6166 3.3892 2.5116
-1.5840 3.3968 2.5116
-1.5642 3.4324 2.5116
-1.5297 3.4358 2.5116
-1.5077 3.4674 2.5116
-1.4727 3.4694 2.5116
-1.4442 3.4867 2.5116
-1.4108 3.4918 2.5116
-1.3868 3.5207 2.5116
-1.3557 3.5317 2.5116
-1.3280 3.5519 2.5116
-1.3000 3.5718 2.5116
-1.2751 3.6009 2.5116
-1.2420 3.6072 2.5116
-1.2086 3.6122 2.5116
-1.1764 3.6207 2.5116
-1.1451 3.6318 2.5116
-1.1122 3.6378 2.5116
-1.0835 3.6579 2.5116
-1.0549 3.6787 2.5116
-1.0238 3.6917 2.5116
-0.9918 3.7014 2.5116
-0.9580 3.7041 2.5116
-0.7870 3.1564 2.5116
-0.7538 3.1398 2.5116
-0.7261 3.1453 2.5116
-0.6946 3.1329 2.5116
-0.6570 3.0909 2.5116
-0.6292 3.0926 2.5116
-0.6037 3.1059 2.5116
-0.5786 3.1218 2.5116
-0.5527 3.1346 2.5116
-0.5267 3.1472 2.5116
-0.4989 3.1497 2.5116
-0.4786 3.2024 2.5116
-0.7316 5.2058 2.5116
-0.7577 5.7553 2.5116
-0.7232 5.8898 2.5116
-3.1797 3.1254 2.5116
-3.2317 3.4491 2.5116
-2.2449 3.1676 2.5116
-2.1049 3.1610 2.5116
-2.0490 3.1974 2.5116
-1.9622 3.2162 2.5116
-1.9052 3.2505 2.5116
-1.8463 3.2830 2.5116
-1.7580 3.2975 2.5116
-1.6982 3.3277 2.5116
-1.6382 3.3571 2.5116
-1.5765 3.3846 2.5116
-1.4847 3.4579 2.5116
-1.4227 3.4833 2.5116
-0.6932 3.0577 2.5116
-0.6243 3.0682 2.5116
-1.2658 3.5751 2.5116
-0.5228 3.1120 2.5116
-0.7835 3.3592 2.5116
-0.7814 3.4196 2.5116
-0.7817 3.4827 2.5116
-0.7813 3.5460 2.5116
-0.7809 3.6102 2.5116
-0.7813 3.6759 2.5116
-0.7817 3.7426 2.5116
-3.1517 5.8667 2.5116
-3.1891 3.1891 2.9302
-3.1576 3.2132 2.9302
-3.1357 3.2471 2.9302
-3.1224 3.2903 2.9302
-3.1317 3.3584 2.9302
-3.1665 3.4556 2.9302
-3.1677 3.5180 2.9302
-3.1713 3.5845 2.9302
-3.1773 3.6551 2.9302
-3.1739 3.7161 2.9302
-3.1696 3.7774 2.9302
-3.1651 3.8396 2.9302
-3.0107 3.7179 2.9302
-2.9401 3.6963 2.9302
-2.7791 3.5571 2.9302
-2.6694 3.4789 2.9302
-2.5728 3.4142 2.9302
-2.4465 3.3063 2.9302
-2.3470 3.2304 2.9302
-2.2915 3.2125 2.9302
-2.2415 3.2012 2.9302
-2.2073 3.2116 2.9302
-2.1764 3.2266 2.9302
-2.1101 3.1879 2.9302
-2.0778 3.1995 2.9302
-2.0476 3.2142 2.9302
-2.0169 3.2277 2.9302
-1.9834 3.2366 2.9302
-1.9530 3.2504 2.9302
-1.9246 3.2673 2.9302
-1.8880 3.2701 2.9302
-1.8550 3.2786 2.9302
-1.8229 3.2886 2.9302
-1.7979 3.3114 2.9302
-1.7676 3.3243 2.9302
-1.7408 3.3440 2.9302
-1.7115 3.3591 2.9302
-1.6853 3.3802 2.9302
-1.6518 3.3867 2.9302
-1.6157 3.3874 2.9302
-1.5945 3.4195 2.9302
-1.5659 3.4360 2.9302
-1.5297 3.4358 2.9302
-1.5005 3.4509 2.9302
-1.4711 3.4657 2.9302
-1.4473 3.4941 2.9302
-1.4111 3.4927 2.9302
-1.3854 3.5170 2.9302
-1.3532 3.5252 2.9302
-1.3241 3.5416 2.9302
-1.2935 3.5539 2.9302
-1.2605 3.5594 2.9302
-1.2310 3.5750 2.9302
-1.2016 3.5913 2.9302
-1.1767 3.6216 2.9302
-1.1487 3.6432 2.9302
-1.1169 3.6531 2.9302
-1.0869 3.6694 2.9302
-1.0540 3.6759 2.9302
-1.0219 3.6849 2.9302
-0.9905 3.6966 2.9302
-0.9249 3.5763 2.9302
-0.7850 3.1486 2.9302
-0.7510 3.1281 2.9302
-0.7228 3.1307 2.9302
-0.6859 3.0939 2.9302
-0.6558 3.0851 2.9302
-0.6280 3.0868 2.9302
-0.6005 3.0892 2.9302
-0.5748 3.1012 2.9302
-0.5479 3.1071 2.9302
-0.5214 3.1157 2.9302
-0.4981 3.1448 2.9302
-0.6762 4.5247 2.9302
-0.7290 5.1870 2.9302
-3.1788 3.1250 2.9302
-3.2326 3.4495 2.9302
-2.3543 3.1561 2.9302
-2.2440 3.1671 2.9302
-2.0766 3.1459 2.9302
-2.0200 3.1817 2.9302
-1.9631 3.2167 2.9302
-1.8756 3.2337 2.9302
-1.8169 3.2660 2.9302
-1.6973 3.3271 2.9302
-1.6374 3.3565 2.9302
-3.2370 4.4222 2.9302
-1.5147 3.4113 2.9302
-1.4537 3.4378 2.9302
-0.8198 3.0842 2.9302
-0.6559 3.0325 2.9302
-0.8485 3.2223 2.9302
-0.5580 3.0795 2.9302
-1.2026 3.5969 2.9302
-0.7835 3.3592 2.9302
-0.7814 3.4196 2.9302
-0.7817 3.4827 2.9302
-0.7813 3.5460 2.9302
-0.7809 3.6102 2.9302
-0.7813 3.6759 2.9302
-0.7817 3.7426 2.9302
-3.1862 3.1862 3.3487
-3.1478 3.2032 3.3487
-3.1260 3.2370 3.3487
-3.1306 3.2990 3.3487
-3.1290 3.3555 3.3487
-3.1678 3.4571 3.3487
-3.1723 3.5232 3.3487
-3.1766 3.5905 3.3487
-3.1740 3.6513 3.3487
-3.1680 3.7093 3.3487
-3.1696 3.7774 3.3487
-3.1174 3.7817 3.3487
-3.0019 3.7070 3.3487
-2.8243 3.5507 3.3487
-2.7015 3.4578 3.3487
-2.5690 3.3480 3.3487
-2.4253 3.2185 3.3487
-2.3745 3.2090 3.3487
-2.3047 3.1722 3.3487
-2.2647 3.1751 3.3487
-2.2197 3.1701 3.3487
-2.1784 3.1696 3.3487
-2.1423 3.1760 3.3487
-2.1084 3.1854 3.3487
-2.0718 3.1903 3.3487
-2.0434 3.2074 3.3487
-2.0084 3.2141 3.3487
-1.9761 3.2247 3.3487
-1.9510 3.2469 3.3487
-1.9124 3.2466 3.3487
-1.8870 3.2684 3.3487
-1.8648 3.2960 3.3487
-1.8331 3.3069 3.3487
-1.7975 3.3105 3.3487
-1.7600 3.3102 3.3487
-1.7343 3.3316 3.3487
-1.7025 3.3413 3.3487
-1.6697 3.3488 3.3487
-1.6448 3.3723 3.3487
-1.6123 3.3802 3.3487
-1.5857 3.4005 3.3487
-1.5551 3.4124 3.3487
-1.5261 3.4276 3.3487
-1.5017 3.4536 3.3487
-1.4711 3.4657 3.3487
-1.4385 3.4729 3.3487
-1.4134 3.4983 3.3487
-1.3868 3.5207 3.3487
-1.3500 3.5168 3.3487
-1.3199 3.5303 3.3487
-1.2877 3.5379 3.3487
-1.2645 3.5707 3.3487
-1.2375 3.5939 3.3487
-1.2070 3.6074 3.3487
-1.1804 3.6330 3.3487
-1.1478 3.6403 3.3487
-1.1107 3.6330 3.3487
-1.0804 3.6474 3.3487
-1.0529 3.6720 3.3487
-1.0209 3.6811 3.3487
-0.9900 3.6947 3.3487
-0.8653 3.3459 3.3487
-0.7838 3.1438 3.3487
-0.7496 3.1223 3.3487
-0.7228 3.1307 3.3487
-0.6824 3.0783 3.3487
-0.6549 3.0812 3.3487
-0.6264 3.0789 3.3487
-0.6001 3.0872 3.3487
-0.5731 3.0923 3.3487
-0.5459 3.0962 3.3487
-0.5186 3.0989 3.3487
-0.6997 4.4179 3.3487
-0.6923 4.6326 3.3487
-0.7369 5.2435 3.3487
-0.7191 5.4619 3.3487
-0.7209 5.8709 3.3487
-3.1788 3.1250 3.3487
-3.2308 3.4487 3.3487
-2.4612 3.1417 3.3487
-2.2438 3.0998 3.3487
-2.1322 3.1090 3.3487
-2.0766 3.1459 3.3487
-2.0208 3.1822 3.3487
-1.9342 3.2007 3.3487
-1.8169 3.2660 3.3487
-1.7580 3.2975 3.3487
-1.6982 3.3277 3.3487
-1.6382 3.3571 3.3487
-1.5773 3.3851 3.3487
-1.5147 3.4113 3.3487
-1.4528 3.4372 3.3487
-0.7214 3.0191 3.3487
-0.6575 3.0336 3.3487
-0.5897 3.0444 3.3487
-1.2026 3.5969 3.3487
-0.7835 3.3592 3.3487
-0.7822 3.4202 3.3487
-0.7817 3.4827 3.3487
-0.7813 3.5460 3.3487
-0.7809 3.6102 3.3487
-0.7813 3.6759 3.3487
-0.7817 3.7426 3.3487
-3.1982 3.1429 3.7673
-3.1777 3.1777 3.7673
-3.1471 3.2025 3.7673
-3.1308 3.2421 3.7673
-3.1244 3.2925 3.7673
-3.1392 3.3664 3.7673
-3.1678 3.4571 3.7673
-3.1730 3.5240 3.7673
-3.1713 3.5845 3.7673
-3.1760 3.6535 3.7673
-3.1836 3.7275 3.7673
-3.1696 3.7774 3.7673
-3.0875 3.7455 3.7673
-2.9628 3.6588 3.7673
-2.8524 3.5859 3.7673
-2.7526 3.5232 3.7673
-2.6286 3.4257 3.7673
-2.5342 3.3631 3.7673
-2.4614 3.3264 3.7673
-2.3758 3.2700 3.7673
-2.3246 3.2589 3.7673
-2.2392 3.1980 3.7673
-2.1977 3.1976 3.7673
-2.1635 3.2075 3.7673
-2.1277 3.2146 3.7673
-2.0898 3.2180 3.7673
-2.0616 3.2361 3.7673
-2.0259 3.2421 3.7673
-1.9886 3.2451 3.7673
-1.9556 3.2547 3.7673
-1.9261 3.2699 3.7673
-1.8930 3.2788 3.7673
-1.8628 3.2926 3.7673
-1.8272 3.2964 3.7673
-1.8018 3.3184 3.7673
-1.7610 3.3119 3.7673
-1.7256 3.3148 3.7673
-1.6925 3.3217 3.7673
-1.6625 3.3345 3.7673
-1.6321 3.3462 3.7673
-1.5972 3.3486 3.7673
-1.5650 3.3561 3.7673
-1.5360 3.3705 3.7673
-1.5049 3.3801 3.7673
-1.4786 3.4005 3.7673
-1.4473 3.4095 3.7673
-1.4221 3.4331 3.7673
-1.3917 3.4445 3.7673
-1.3645 3.4639 3.7673
-1.3346 3.4767 3.7673
-1.3094 3.5022 3.7673
-1.2874 3.5370 3.7673
-1.2544 3.5424 3.7673
-1.2264 3.5618 3.7673
-1.1927 3.5647 3.7673
-1.1585 3.5655 3.7673
-1.1270 3.5745 3.7673
-1.1011 3.6014 3.7673
-1.0744 3.6272 3.7673
-1.0452 3.6451 3.7673
-1.0179 3.6705 3.7673
-0.9913 3.6995 3.7673
-0.8323 3.2181 3.7673
-0.7812 3.1331 3.7673
-0.7468 3.1106 3.7673
-0.7140 3.0927 3.7673
-0.6807 3.0705 3.7673
-0.6499 3.0577 3.7673
-0.6190 3.0427 3.7673
-0.5894 3.0322 3.7673
-0.5649 3.0481 3.7673
-0.5591 3.1711 3.7673
-0.6968 4.1641 3.7673
-0.6985 4.4100 3.7673
-0.6954 4.6533 3.7673
-0.7327 5.2138 3.7673
-0.7503 5.6988 3.7673
-0.7224 5.8838 3.7673
-3.1733 3.1225 3.7673
-3.2272 3.4469 3.7673
-3.2462 3.6106 3.7673
-2.2165 3.1528 3.7673
-2.1331 3.1760 3.7673
-2.0490 3.1974 3.7673
-1.9631 3.2167 3.7673
-1.8756 3.2337 3.7673
-1.7874 3.2490 3.7673
-1.6977 3.2619 3.7673
-1.6382 3.2916 3.7673
-1.5777 3.3200 3.7673
-1.5163 3.3470 3.7673
-1.4531 3.3721 3.7673
-0.7230 3.0202 3.7673
-0.6285 3.0140 3.7673
-0.8493 3.2229 3.7673
-1.2019 3.5304 3.7673
-1.1383 3.5510 3.7673
-0.7835 3.3592 3.7673
-0.7822 3.4202 3.7673
-0.7809 3.4821 3.7673
-0.7813 3.5460 3.7673
-0.7817 3.6109 3.7673
-0.7813 3.6759 3.7673
-0.7817 3.7426 3.7673
-3.1532 5.8680 3.7673
-3.2053 3.1499 4.1859
-3.1777 3.1777 4.1859
-3.1422 3.1975 4.1859
-3.1399 3.2514 4.1859
-3.1341 3.3026 4.1859
-3.1549 3.3832 4.1859
-3.1732 3.4630 4.1859
-3.1744 3.5255 4.1859
-3.1753 3.5890 4.1859
-3.1766 3.6543 4.1859
-3.1765 3.7191 4.1859
-3.1715 3.7797 4.1859
-3.1766 3.8535 4.1859
-3.1428 3.8811 4.1859
-3.0242 3.8019 4.1859
-2.9583 3.7864 4.1859
-2.8679 3.7375 4.1859
-2.7714 3.6777 4.1859
-2.6910 3.6366 4.1859
-2.6109 3.5937 4.1859
-2.5539 3.5805 4.1859
-2.4910 3.5576 4.1859
-2.3812 3.4646 4.1859
-2.3145 3.4314 4.1859
-2.2464 3.3939 4.1859
-2.1633 3.3312 4.1859
-2.0976 3.2926 4.1859
-2.0402 3.2650 4.1859
-1.9876 3.2434 4.1859
-1.9051 3.1707 4.1859
-1.8292 3.1053 4.1859
-1.7750 3.0744 4.1859
-1.7511 3.0950 4.1859
-1.7288 3.1189 4.1859
-1.6896 3.1119 4.1859
-1.6718 3.1442 4.1859
-1.6489 3.1675 4.1859
-1.6294 3.1978 4.1859
-1.6059 3.2209 4.1859
-1.5847 3.2491 4.1859
-1.5636 3.2782 4.1859
-1.5409 3.3044 4.1859
-1.5190 3.3332 4.1859
-1.4935 3.3545 4.1859
-1.4706 3.3821 4.1859
-1.4379 3.3875 4.1859
-1.4044 3.3906 4.1859
-1.3778 3.4102 4.1859
-1.3480 3.4221 4.1859
-1.3195 3.4374 4.1859
-1.2870 3.4423 4.1859
-1.2535 3.4440 4.1859
-1.2291 3.4708 4.1859
-1.1958 3.4729 4.1859
-1.1632 3.4766 4.1859
-1.1387 3.5046 4.1859
-1.1114 3.5249 4.1859
-1.0780 3.5259 4.1859
-1.0492 3.5419 4.1859
-1.0201 3.5576 4.1859
-0.9931 3.5809 4.1859
-0.9638 3.5971 4.1859
-0.8192 3.1678 4.1859
-0.7787 3.1234 4.1859
-0.7473 3.1126 4.1859
-0.7151 3.0975 4.1859
-0.6796 3.0656 4.1859
-0.6451 3.0352 4.1859
-0.6168 3.0319 4.1859
-0.5906 3.0381 4.1859
-0.5655 3.0510 4.1859
-0.5423 3.0756 4.1859
-0.7000 4.1828 4.1859
-0.7015 4.4288 4.1859
-0.6833 4.5722 4.1859
-0.7284 5.1831 4.1859
-3.1751 3.1233 4.1859
-3.2534 3.3834 4.1859
-3.2417 3.6083 4.1859
-1.7906 3.0572 4.1859
-1.7340 3.0897 4.1859
-1.6393 3.1635 4.1859
-1.4840 3.3268 4.1859
-1.4219 3.3522 4.1859
-1.3598 3.3768 4.1859
-0.6580 2.9771 4.1859
-0.8499 3.1634 4.1859
-0.8202 3.2631 4.1859
-1.0740 3.5051 4.1859
-0.7835 3.3592 4.1859
-0.7822 3.4202 4.1859
-0.7817 3.4827 4.1859
-0.7813 3.5460 4.1859
-0.7817 3.6109 4.1859
-0.7813 3.6759 4.1859
-3.2125 3.1569 4.6045
-3.1813 3.1813 4.6045
-3.1485 3.2039 4.6045
-3.1371 3.2485 4.6045
-3.1265 3.2947 4.6045
-3.1645 3.3935 4.6045
-3.1759 3.4659 4.6045
-3.1744 3.5255 4.6045
-3.1733 3.5867 4.6045
-3.1832 3.6619 4.6045
-3.1797 3.7229 4.6045
-3.1760 3.7850 4.6045
-3.1728 3.8489 4.6045
-3.1743 3.9199 4.6045
-3.1779 3.9952 4.6045
-3.1448 4.0252 4.6045
-3.0085 3.9208 4.6045
-2.8905 3.8358 4.6045
-2.7867 3.7661 4.6045
-2.6962 3.7110 4.6045
-2.5957 3.6391 4.6045
-2.5203 3.5994 4.6045
-2.4559 3.5734 4.6045
-2.3749 3.5209 4.6045
-2.3132 3.4948 4.6045
-2.2554 3.4729 4.6045
-2.1820 3.4250 4.6045
-2.0927 3.3489 4.6045
-2.0252 3.3048 4.6045
-1.9335 3.2178 4.6045
-1.8388 3.1217 4.6045
-1.7910 3.1021 4.6045
-1.7456 3.0854 4.6045
-1.7104 3.0857 4.6045
-1.6934 3.1189 4.6045
-1.6723 3.1451 4.6045
-1.6452 3.1604 4.6045
-1.6257 3.1907 4.6045
-1.6050 3.2191 4.6045
-1.5838 3.2473 4.6045
-1.5640 3.2791 4.6045
-1.5324 3.2863 4.6045
-1.5049 3.3022 4.6045
-1.4826 3.3299 4.6045
-1.4491 3.3326 4.6045
-1.4180 3.3405 4.6045
-1.3926 3.3620 4.6045
-1.3628 3.3731 4.6045
-1.3337 3.3858 4.6045
-1.3023 3.3926 4.6045
-1.2741 3.4076 4.6045
-1.2453 3.4214 4.6045
-1.2144 3.4293 4.6045
-1.1877 3.4493 4.6045
-1.1594 3.4652 4.6045
-1.1251 3.4628 4.6045
-1.0964 3.4773 4.6045
-1.0712 3.5039 4.6045
-1.0432 3.5217 4.6045
-1.0132 3.5336 4.6045
-0.9864 3.5568 4.6045
-0.9569 3.5710 4.6045
-0.8177 3.1620 4.6045
-0.7766 3.1146 4.6045
-0.7459 3.1067 4.6045
-0.7180 3.1102 4.6045
-0.6772 3.0548 4.6045
-0.6456 3.0371 4.6045
-0.6186 3.0407 4.6045
-0.5921 3.0460 4.6045
-0.5691 3.0707 4.6045
-0.5425 3.0765 4.6045
-0.5323 3.1808 4.6045
-0.7016 4.4298 4.6045
-3.2480 3.0819 4.6045
-3.1751 3.1233 4.6045
-3.2480 3.3808 4.6045
-3.2399 3.6074 4.6045
-1.7625 3.0419 4.6045
-1.9631 3.2167 4.6045
-2.2246 3.4312 4.6045
-3.2302 4.0820 4.6045
-1.6081 3.2092 4.6045
-1.5180 3.2834 4.6045
-1.4552 3.3088 4.6045
-1.3916 3.3329 4.6045
-1.3279 3.3561 4.6045
-0.6938 3.0009 4.6045
-0.6269 3.0129 4.6045
-0.8493 3.2229 4.6045
-1.1060 3.4633 4.6045
-0.7835 3.3592 4.6045
-0.7822 3.4202 4.6045
-0.7817 3.4827 4.6045
-0.7813 3.5460 4.6045
-0.7817 3.6109 4.6045
-0.7821 3.6766 4.6045
-3.2132 3.1576 5.0231
-3.1721 3.1721 5.0231
-3.1499 3.2053 5.0231
-3.1433 3.2550 5.0231
-3.1361 3.3048 5.0231
-3.1754 3.4052 5.0231
-3.1732 3.4630 5.0231
-3.1784 3.5299 5.0231
-3.1812 3.5957 5.0231
-3.1852 3.6641 5.0231
-3.1836 3.7275 5.0231
-3.1767 3.7858 5.0231
-3.1734 3.8496 5.0231
-3.1756 3.9215 5.0231
-3.1723 3.9882 5.0231
-3.0875 3.9519 5.0231
-2.9659 3.8652 5.0231
-2.8592 3.7943 5.0231
-2.7796 3.7564 5.0231
-2.7091 3.7288 5.0231
-2.6004 3.6456 5.0231
-2.5157 3.5928 5.0231
-2.4565 3.5742 5.0231
-2.3900 3.5433 5.0231
-2.3237 3.5107 5.0231
-2.2646 3.4872 5.0231
-2.1992 3.4520 5.0231
-2.1282 3.4058 5.0231
-2.0383 3.3261 5.0231
-1.9484 3.2427 5.0231
-1.8652 3.1665 5.0231
-1.8075 3.1307 5.0231
-1.7767 3.1402 5.0231
-1.7540 3.1644 5.0231
-1.7268 3.1804 5.0231
-1.7117 3.2192 5.0231
-1.6905 3.2473 5.0231
-1.6707 3.2789 5.0231
-1.6478 3.3050 5.0231
-1.6264 3.3345 5.0231
-1.5765 3.3053 5.0231
-1.5442 3.3116 5.0231
-1.5095 3.3123 5.0231
-1.4878 3.3417 5.0231
-1.4606 3.3592 5.0231
-1.4312 3.3718 5.0231
-1.3979 3.3749 5.0231
-1.3647 3.3777 5.0231
-1.3425 3.4081 5.0231
-1.3113 3.4160 5.0231
-1.2797 3.4226 5.0231
-1.2501 3.4346 5.0231
-1.2254 3.4604 5.0231
-1.1958 3.4729 5.0231
-1.1604 3.4680 5.0231
-1.1359 3.4961 5.0231
-1.1054 3.5059 5.0231
-1.0751 3.5163 5.0231
-1.0469 3.5342 5.0231
-1.0163 3.5442 5.0231
-0.9877 3.5616 5.0231
-0.9571 3.5720 5.0231
-0.8117 3.1387 5.0231
-0.7756 3.1108 5.0231
-0.7461 3.1077 5.0231
-0.7180 3.1102 5.0231
-0.6753 3.0460 5.0231
-0.6464 3.0411 5.0231
-0.6226 3.0603 5.0231
-0.5974 3.0735 5.0231
-0.5713 3.0825 5.0231
-0.5459 3.0962 5.0231
-0.5222 3.1206 5.0231
-0.7005 4.4229 5.0231
-3.2434 3.0799 5.0231
-3.1742 3.1229 5.0231
-3.2426 3.3782 5.0231
-3.2319 3.6033 5.0231
-1.8486 3.0886 5.0231
-1.7908 3.1212 5.0231
-2.1367 3.3815 5.0231
-3.2302 4.0820 5.0231
-1.5773 3.2550 5.0231
-1.4857 3.3279 5.0231
-1.4236 3.3533 5.0231
-1.3606 3.3773 5.0231
-0.6905 2.9987 5.0231
-0.7263 3.0800 5.0231
-0.8493 3.2229 5.0231
-0.5580 3.0795 5.0231
-1.0740 3.5051 5.0231
-0.7835 3.3592 5.0231
-0.7830 3.4208 5.0231
-0.7817 3.4827 5.0231
-0.7813 3.5460 5.0231
-0.7809 3.6102 5.0231
-0.7813 3.6759 5.0231
-3.2096 3.1541 5.4417
-3.1693 3.1693 5.4417
-3.1485 3.2039 5.4417
-3.1412 3.2529 5.4417
-3.1417 3.3106 5.4417
-3.1863 3.4169 5.4417
-3.1800 3.4704 5.4417
-3.1784 3.5299 5.4417
-3.1779 3.5920 5.4417
-3.1878 3.6671 5.4417
-3.1803 3.7237 5.4417
-3.1824 3.7927 5.4417
-3.1778 3.8550 5.4417
-3.1844 3.9324 5.4417
-3.1798 3.9976 5.4417
-3.1386 4.0173 5.4417
-3.0048 3.9160 5.4417
-2.9152 3.8686 5.4417
-2.8314 3.8264 5.4417
-2.7244 3.7498 5.4417
-2.6492 3.7140 5.4417
-2.5822 3.6878 5.4417
-2.5029 3.6418 5.4417
-2.3671 3.5093 5.4417
-2.3231 3.5098 5.4417
-2.2788 3.5090 5.4417
-2.2395 3.5153 5.4417
-2.1732 3.4778 5.4417
-2.0884 3.4080 5.4417
-2.0174 3.3575 5.4417
-1.9322 3.2802 5.4417
-1.8915 3.2762 5.4417
-1.8348 3.2429 5.4417
-1.8054 3.2571 5.4417
-1.7617 3.2446 5.4417
-1.7380 3.2687 5.4417
-1.7154 3.2952 5.4417
-1.6975 3.3315 5.4417
-1.6768 3.3632 5.4417
-1.6527 3.3885 5.4417
-1.6230 3.4027 5.4417
-1.5912 3.4122 5.4417
-1.5410 3.3814 5.4417
-1.5070 3.3847 5.4417
-1.4849 3.4151 5.4417
-1.4609 3.4418 5.4417
-1.4354 3.4655 5.4417
-1.4085 3.4862 5.4417
-1.3751 3.4909 5.4417
-1.3457 3.5056 5.4417
-1.3168 3.5219 5.4417
-1.2833 3.5257 5.4417
-1.2508 3.5321 5.4417
-1.2248 3.5570 5.4417
-1.1908 3.5591 5.4417
-1.1650 3.5855 5.4417
-1.1340 3.5965 5.4417
-1.1011 3.6014 5.4417
-1.0761 3.6330 5.4417
-1.0463 3.6489 5.4417
-1.0112 3.6464 5.4417
-0.9820 3.6647 5.4417
-0.8120 3.1397 5.4417
-0.7768 3.1156 5.4417
-0.7424 3.0921 5.4417
-0.7156 3.0995 5.4417
-0.6772 3.0548 5.4417
-0.6491 3.0538 5.4417
-0.6252 3.0730 5.4417
-0.5986 3.0794 5.4417
-0.5719 3.0855 5.4417
-0.5459 3.0962 5.4417
-0.5211 3.1137 5.4417
-0.7016 4.4298 5.4417
-3.2434 3.0799 5.4417
-3.1751 3.1233 5.4417
-3.2627 3.3121 5.4417
-3.2604 3.5401 5.4417
-3.2536 3.7717 5.4417
-1.9920 3.2327 5.4417
-1.8173 3.2008 5.4417
-1.7278 3.2797 5.4417
-1.6075 3.3382 5.4417
-1.5460 3.3655 5.4417
-1.4537 3.4378 5.4417
-0.6897 2.9981 5.4417
-0.7272 3.0806 5.4417
-0.5872 3.0427 5.4417
-1.2019 3.5304 5.4417
-0.7835 3.3592 5.4417
-0.7830 3.4208 5.4417
-0.7817 3.4827 5.4417
-0.7813 3.5460 5.4417
-0.7817 3.6109 5.4417
-0.7813 3.6759 5.4417
-0.7817 3.7426 5.4417
-3.2096 3.1541 5.8603
-3.1707 3.1707 5.8603
-3.1457 3.2011 5.8603
-3.1482 3.2600 5.8603
-3.1451 3.3142 5.8603
-3.1849 3.4154 5.8603
-3.1814 3.4718 5.8603
-3.1817 3.5337 5.8603
-3.1806 3.5950 5.8603
-3.1793 3.6573 5.8603
-3.1868 3.7313 5.8603
-3.1863 3.7973 5.8603
-3.1874 3.8666 5.8603
-3.1781 3.9246 5.8603
-3.1798 3.9976 5.8603
-3.1780 4.0677 5.8603
-3.1284 4.0770 5.8603
-3.0187 4.0060 5.8603
-2.9277 3.9566 5.8603
-2.8161 3.8760 5.8603
-2.7363 3.8361 5.8603
-2.6539 3.7902 5.8603
-2.5624 3.7283 5.8603
-2.4957 3.7000 5.8603
-2.4147 3.6483 5.8603
-2.3403 3.6038 5.8603
-2.2744 3.5701 5.8603
-2.2198 3.5525 5.8603
-2.1757 3.5504 5.8603
-2.1261 3.5384 5.8603
-2.0642 3.5042 5.8603
-1.9925 3.4511 5.8603
-1.9121 3.3796 5.8603
-1.8743 3.3813 5.8603
-1.8576 3.4212 5.8603
-1.8239 3.4303 5.8603
-1.7694 3.3990 5.8603
-1.7401 3.4152 5.8603
-1.7188 3.4473 5.8603
-1.7009 3.4873 5.8603
-1.6687 3.4984 5.8603
-1.6444 3.5264 5.8603
-1.6161 3.5461 5.8603
-1.5895 3.5701 5.8603
-1.5611 3.5903 5.8603
-1.5332 3.6121 5.8603
-1.5013 3.6244 5.8603
-1.4587 3.6105 5.8603
-1.4297 3.6296 5.8603
-1.4041 3.6578 5.8603
-1.3651 3.6511 5.8603
-1.3339 3.6648 5.8603
-1.3079 3.6933 5.8603
-1.2713 3.6923 5.8603
-1.2343 3.6890 5.8603
-1.2049 3.7082 5.8603
-1.1703 3.7119 5.8603
-1.1382 3.7229 5.8603
-1.1082 3.7413 5.8603
-1.0819 3.7730 5.8603
-1.0551 3.8044 5.8603
-1.0234 3.8193 5.8603
-0.8087 3.1271 5.8603
-0.7739 3.1040 5.8603
-0.7419 3.0902 5.8603
-0.7097 3.0741 5.8603
-0.6766 3.0519 5.8603
-0.6474 3.0460 5.8603
-0.6228 3.0613 5.8603
-0.5967 3.0695 5.8603
-0.5708 3.0796 5.8603
-0.5449 3.0903 5.8603
-0.5222 3.1206 5.8603
-0.6989 4.4130 5.8603
-0.7161 4.7918 5.8603
-0.7520 5.3504 5.8603
-0.7088 5.3835 5.8603
-0.7020 5.7171 5.8603
-3.2204 3.0700 5.8603
-3.1751 3.1233 5.8603
-3.2564 3.3091 5.8603
-3.2550 3.5375 5.8603
-3.2492 3.7694 5.8603
-3.2508 4.0118 5.8603
-1.9347 3.3340 5.8603
-1.8175 3.3325 5.8603
-1.8173 3.3993 5.8603
-3.2403 4.3388 5.8603
-1.6690 3.5096 5.8603
-3.2552 4.6076 5.8603
-0.6922 2.9998 5.8603
-0.8507 3.1639 5.8603
-0.8493 3.2229 5.8603
-0.5588 3.0801 5.8603
-1.2987 3.6654 5.8603
-0.7843 3.3598 5.8603
-0.7830 3.4208 5.8603
-0.7825 3.4833 5.8603
-0.7813 3.5460 5.8603
-0.7809 3.6102 5.8603
-0.7813 3.6759 5.8603
-0.7817 3.7426 5.8603
-0.7828 3.8107 5.8603
-0.7831 3.8792 5.8603
-3.2068 3.1513 6.2789
-3.1700 3.1700 6.2789
-3.1534 3.2089 6.2789
-3.1461 3.2579 6.2789
-3.1506 3.3200 6.2789
-3.1870 3.4176 6.2789
-3.1841 3.4748 6.2789
-3.1851 3.5374 6.2789
-3.1865 3.6017 6.2789
-3.1930 3.6732 6.2789
-3.1894 3.7344 6.2789
-3.1895 3.8011 6.2789
-3.1829 3.8612 6.2789
-3.1850 3.9331 6.2789
-3.1817 3.9999 6.2789
-3.1793 4.0693 6.2789
-3.1759 4.1389 6.2789
-3.1048 4.1202 6.2789
-3.0068 4.0635 6.2789
-2.9101 4.0054 6.2789
-2.8385 3.9794 6.2789
-2.7595 3.9409 6.2789
-2.6797 3.8989 6.2789
-2.6070 3.8650 6.2789
-2.5345 3.8292 6.2789
-2.4727 3.8076 6.2789
-2.4076 3.7792 6.2789
-2.3571 3.7721 6.2789
-2.2995 3.7525 6.2789
-2.2481 3.7415 6.2789
-2.1672 3.6792 6.2789
-2.0610 3.5698 6.2789
-2.0125 3.5571 6.2789
-1.9703 3.5545 6.2789
-1.9368 3.5671 6.2789
-1.8854 3.5459 6.2789
-1.8544 3.5622 6.2789
-1.8228 3.5774 6.2789
-1.7799 3.5699 6.2789
-1.7509 3.5898 6.2789
-1.7315 3.6302 6.2789
-1.7095 3.6660 6.2789
-1.6886 3.7054 6.2789
-1.6583 3.7245 6.2789
-1.6253 3.7379 6.2789
-1.5911 3.7483 6.2789
-1.5564 3.7574 6.2789
-1.5172 3.7551 6.2789
-1.4788 3.7542 6.2789
-1.4467 3.7689 6.2789
-1.4120 3.7767 6.2789
-1.3763 3.7813 6.2789
-1.3436 3.7941 6.2789
-1.3114 3.8085 6.2789
-1.2752 3.8113 6.2789
-1.2419 3.8223 6.2789
-1.2100 3.8378 6.2789
-1.1826 3.8683 6.2789
-1.1505 3.8842 6.2789
-1.1161 3.8921 6.2789
-1.0812 3.8988 6.2789
-1.0518 3.9255 6.2789
-0.8080 3.1242 6.2789
-0.7722 3.0972 6.2789
-0.7403 3.0834 6.2789
-0.7057 3.0566 6.2789
-0.6738 3.0392 6.2789
-0.6468 3.0430 6.2789
-0.6206 3.0505 6.2789
-0.5925 3.0480 6.2789
-0.5682 3.0658 6.2789
-0.5414 3.0706 6.2789
-0.7021 4.1957 6.2789
-0.7018 4.4308 6.2789
-0.7435 4.9747 6.2789
-0.7024 4.9979 6.2789
-0.7568 5.7484 6.2789
-0.7146 5.8203 6.2789
-3.2406 3.0787 6.2789
-3.1769 3.1241 6.2789
-3.2750 3.2425 6.2789
-3.2461 3.5330 6.2789
-3.2404 3.7647 6.2789
-3.2447 4.0083 6.2789
-2.1164 3.5086 6.2789
-2.0282 3.5260 6.2789
-1.9102 3.5237 6.2789
-1.8216 3.5377 6.2789
-0.6938 3.0009 6.2789
-0.6293 3.0146 6.2789
-1.5828 3.7270 6.2789
-0.8193 3.2625 6.2789
-1.4265 3.7566 6.2789
-0.7835 3.3592 6.2789
-0.7838 3.4214 6.2789
-0.7825 3.4833 6.2789
-0.7813 3.5460 6.2789
-0.7817 3.6109 6.2789
-0.7813 3.6759 6.2789
-0.7817 3.7426 6.2789
-0.7828 3.8107 6.2789
-0.7838 3.8799 6.2789
-0.7848 3.9499 6.2789
-0.7871 4.0223 6.2789
-3.2521 3.1406 6.6975
-3.2061 3.1506 6.6975
-3.1735 3.1735 6.6975
-3.1534 3.2089 6.6975
-3.1517 3.2636 6.6975
-3.1630 3.3331 6.6975
-3.1972 3.4286 6.6975
-3.1928 3.4844 6.6975
-3.1958 3.5493 6.6975
-3.1885 3.6040 6.6975
-3.1878 3.6671 6.6975
-3.1855 3.7298 6.6975
-3.1863 3.7973 6.6975
-3.1804 3.8581 6.6975
-3.1774 3.9238 6.6975
-3.1873 4.0070 6.6975
-3.1836 4.0748 6.6975
-3.1850 4.1508 6.6975
-3.1812 4.2216 6.6975
-3.1752 4.2910 6.6975
-3.1141 4.2862 6.6975
-3.0301 4.2481 6.6975
-2.9379 4.1957 6.6975
-2.8530 4.1511 6.6975
-2.7781 4.1187 6.6975
-2.7100 4.0944 6.6975
-2.6459 4.0743 6.6975
-2.5774 4.0457 6.6975
-2.5081 4.0138 6.6975
-2.4176 3.9452 6.6975
-2.3295 3.8770 6.6975
-2.2697 3.8532 6.6975
-2.2150 3.8365 6.6975
-2.1622 3.8217 6.6975
-2.1021 3.7924 6.6975
-2.0518 3.7789 6.6975
-2.0028 3.7667 6.6975
-1.9703 3.7849 6.6975
-1.9181 3.7645 6.6975
-1.8816 3.7739 6.6975
-1.8385 3.7695 6.6975
-1.8060 3.7863 6.6975
-1.7805 3.8183 6.6975
-1.7612 3.8646 6.6975
-1.7388 3.9054 6.6975
-1.7007 3.9113 6.6975
-1.6645 3.9214 6.6975
-1.6291 3.9330 6.6975
-1.5902 3.9359 6.6975
-1.5565 3.9515 6.6975
-1.5170 3.9518 6.6975
-1.4810 3.9612 6.6975
-1.4454 3.9711 6.6975
-1.4130 3.9902 6.6975
-1.3739 3.9901 6.6975
-1.3381 3.9991 6.6975
-1.3037 4.0125 6.6975
-1.2693 4.0256 6.6975
-1.2338 4.0356 6.6975
-1.2011 4.0548 6.6975
-1.1682 4.0738 6.6975
-1.1371 4.1002 6.6975
-1.1008 4.1081 6.6975
-0.8040 3.1087 6.6975
-0.7705 3.0904 6.6975
-0.7419 3.0902 6.6975
-0.7012 3.0371 6.6975
-0.6703 3.0236 6.6975
-0.6435 3.0274 6.6975
-0.6125 3.0103 6.6975
-0.5869 3.0195 6.6975
-0.5680 3.0648 6.6975
-0.7034 3.9895 6.6975
-0.7049 4.2124 6.6975
-0.7010 4.4258 6.6975
-0.7438 4.9767 6.6975
-0.7057 5.0216 6.6975
-0.7336 5.5719 6.6975
-0.7089 5.7736 6.6975
-3.2425 3.0795 6.6975
-3.1943 3.1319 6.6975
-3.1576 3.1890 6.6975
-3.2677 3.4666 6.6975
-3.2359 3.7623 6.6975
-3.2395 4.0054 6.6975
-3.2582 4.2650 6.6975
-2.6955 4.0050 6.6975
-2.1320 3.7317 6.6975
-2.0114 3.7278 6.6975
-1.9200 3.7406 6.6975
-0.6621 2.9799 6.6975
-0.5929 2.9900 6.6975
-1.7731 3.8578 6.6975
-0.8177 3.2614 6.6975
-1.6219 3.8959 6.6975
-0.7835 3.3592 6.6975
-0.7830 3.4208 6.6975
-0.7817 3.4827 6.6975
-0.7821 3.5466 6.6975
-0.7817 3.6109 6.6975
-0.7813 3.6759 6.6975
-0.7817 3.7426 6.6975
-0.7828 3.8107 6.6975
-0.7838 3.8799 6.6975
-0.7855 3.9506 6.6975
-0.7871 4.0223 6.6975
-0.7893 4.0957 6.6975
-0.7905 4.1694 6.6975
-3.2313 3.1204 7.1161
-3.2068 3.1513 7.1161
-3.1756 3.1756 7.1161
-3.1625 3.2182 7.1161
-3.1551 3.2672 7.1161
-3.1740 3.3447 7.1161
-3.1999 3.4315 7.1161
-3.1969 3.4888 7.1161
-3.1918 3.5448 7.1161
-3.1991 3.6160 7.1161
-3.1930 3.6732 7.1161
-3.1894 3.7344 7.1161
-3.1934 3.8057 7.1161
-3.1855 3.8643 7.1161
-3.1869 3.9355 7.1161
-3.1860 4.0054 7.1161
-3.1817 4.0724 7.1161
-3.1814 4.1461 7.1161
-3.1812 4.2216 7.1161
-3.1781 4.2950 7.1161
-3.1735 4.3679 7.1161
-3.1602 4.4304 7.1161
-3.1203 4.4562 7.1161
-3.0745 4.4734 7.1161
-2.9962 4.4420 7.1161
-2.8927 4.3704 7.1161
-2.8027 4.3158 7.1161
-2.7225 4.2735 7.1161
-2.6411 4.2267 7.1161
-2.5723 4.1975 7.1161
-2.5051 4.1693 7.1161
-2.4438 4.1487 7.1161
-2.3820 4.1257 7.1161
-2.3213 4.1029 7.1161
-2.2708 4.0967 7.1161
-2.2193 4.0874 7.1161
-2.1647 4.0713 7.1161
-2.1180 4.0687 7.1161
-2.0829 4.0879 7.1161
-2.0271 4.0657 7.1161
-1.9806 4.0608 7.1161
-1.9395 4.0661 7.1161
-1.9043 4.0838 7.1161
-1.8703 4.1039 7.1161
-1.8352 4.1219 7.1161
-1.7928 4.1231 7.1161
-1.7505 4.1239 7.1161
-1.7125 4.1344 7.1161
-1.6689 4.1306 7.1161
-1.6210 4.1152 7.1161
-1.5804 4.1171 7.1161
-1.5409 4.1214 7.1161
-1.5025 4.1281 7.1161
-1.4647 4.1363 7.1161
-1.4296 4.1518 7.1161
-1.3939 4.1660 7.1161
-1.3519 4.1609 7.1161
-1.3168 4.1763 7.1161
-1.2780 4.1800 7.1161
-1.2426 4.1948 7.1161
-1.2078 4.2122 7.1161
-1.1710 4.2226 7.1161
-1.1341 4.2327 7.1161
-0.8047 3.1116 7.1161
-0.7674 3.0778 7.1161
-0.7403 3.0834 7.1161
-0.7009 3.0361 7.1161
-0.6684 3.0148 7.1161
-0.6397 3.0098 7.1161
-0.6121 3.0084 7.1161
-0.5865 3.0175 7.1161
-0.5660 3.0540 7.1161
-0.6843 3.8811 7.1161
-3.2406 3.0787 7.1161
-3.1952 3.1323 7.1161
-3.1494 3.2592 7.1161
-3.2659 3.4658 7.1161
-3.2596 3.6958 7.1161
-3.2672 3.9396 7.1161
-3.2241 4.3289 7.1161
-2.7266 4.1834 7.1161
-0.7249 2.9645 7.1161
-0.6630 2.9805 7.1161
-0.8507 3.1639 7.1161
-2.0039 4.0164 7.1161
-0.8169 3.2608 7.1161
-1.8832 4.0823 7.1161
-0.7843 3.3598 7.1161
-0.7830 3.4208 7.1161
-0.7817 3.4827 7.1161
-0.7821 3.5466 7.1161
-0.7817 3.6109 7.1161
-0.7813 3.6759 7.1161
-0.7817 3.7426 7.1161
-0.7828 3.8107 7.1161
-0.7838 3.8799 7.1161
-0.7848 3.9499 7.1161
-0.7864 4.0216 7.1161
-0.7893 4.0957 7.1161
-0.7898 4.1687 7.1161
-0.8255 4.2751 7.1161
-3.2284 3.1176 7.5347
-3.1790 3.1240 7.5347
-3.1318 3.1318 7.5347
-3.0994 3.1540 7.5347
-3.0593 3.1680 7.5347
-3.0012 3.1626 7.5347
-2.9251 3.1368 7.5347
-2.8672 3.1290 7.5347
-2.8164 3.1279 7.5347
-2.7618 3.1216 7.5347
-2.7181 3.1268 7.5347
-2.6764 3.1336 7.5347
-2.6515 3.1599 7.5347
-2.6003 3.1544 7.5347
-2.5657 3.1684 7.5347
-2.5330 3.1844 7.5347
-2.3055 3.1157 7.5347
-2.2689 3.1228 7.5347
-2.2235 3.1172 7.5347
-2.1859 3.1218 7.5347
-2.1444 3.1201 7.5347
-2.1031 3.1180 7.5347
-2.0653 3.1204 7.5347
-2.0201 3.1106 7.5347
-1.9864 3.1180 7.5347
-1.9459 3.1140 7.5347
-1.9087 3.1147 7.5347
-1.8722 3.1158 7.5347
-1.8322 3.1105 7.5347
-1.7990 3.1160 7.5347
-1.7658 3.1211 7.5347
-1.7288 3.1189 7.5347
-1.7321 3.1901 7.5347
-1.8319 3.4453 7.5347
-1.8359 3.5268 7.5347
-1.8182 3.5685 7.5347
-1.7741 3.5583 7.5347
-1.8127 3.7165 7.5347
-1.8757 3.9326 7.5347
-1.9212 4.1201 7.5347
-2.3571 5.1722 7.5347
-2.3054 5.1780 7.5347
-2.2458 5.1649 7.5347
-2.1178 4.9891 7.5347
-1.9789 4.7774 7.5347
-2.3076 5.7115 7.5347
-1.9417 4.9294 7.5347
-1.9327 5.0348 7.5347
-1.6824 4.4998 7.5347
-1.5299 4.2032 7.5347
-1.5953 4.5049 7.5347
-1.5445 4.4855 7.5347
-1.5358 4.5899 7.5347
-1.5089 4.6440 7.5347
-1.6870 5.3504 7.5347
-1.5768 5.1574 7.5347
-1.5257 5.1508 7.5347
-1.4804 5.1629 7.5347
-1.3536 5.2338 7.5347
-1.3035 5.2280 7.5347
-1.2531 5.2197 7.5347
-1.2035 5.2129 7.5347
-0.7333 3.3077 7.5347
-0.6528 3.0714 7.5347
-0.6252 3.0730 7.5347
-0.7087 3.6458 7.5347
-0.9644 5.2034 7.5347
-0.9195 5.2146 7.5347
-0.8752 5.2303 7.5347
-0.8286 5.2318 7.5347
-0.7827 5.2368 7.5347
-0.7488 5.3276 7.5347
-0.7615 5.7841 7.5347
-3.1902 3.0568 7.5347
-3.2875 3.1734 7.5347
-3.1339 3.1782 7.5347
-3.0555 3.3632 7.5347
-2.1600 3.0572 7.5347
-2.0205 3.0508 7.5347
-1.8771 3.0398 7.5347
-1.7906 3.0572 7.5347
-2.1681 3.3992 7.5347
-2.1711 3.4705 7.5347
-2.2061 3.5614 7.5347
-0.6559 3.0325 7.5347
-2.4175 4.3816 7.5347
-2.4088 4.5401 7.5347
-2.4172 4.6301 7.5347
-2.0124 4.4101 7.5347
-2.0538 4.5225 7.5347
-1.9172 4.4980 7.5347
-2.3407 5.0950 7.5347
-1.8854 4.8042 7.5347
-1.6993 4.9007 7.5347
-1.9296 5.3803 7.5347
-2.9841 3.2566 7.9533
-2.9843 3.3144 7.9533
-2.9686 3.6012 7.9533
-2.9603 3.6557 7.9533
-3.0097 3.9940 7.9533
-2.9569 3.9960 7.9533
-2.8936 4.0567 7.9533
-2.8524 4.1503 7.9533
-2.7658 4.1004 7.9533
-2.7100 4.0944 7.9533
-2.6720 4.1145 7.9533
-2.6586 4.1731 7.9533
-2.6046 4.1682 7.9533
-2.5535 4.1669 7.9533
-2.5077 4.1735 7.9533
-2.4545 4.1668 7.9533
-2.4105 4.1751 7.9533
-2.3572 4.1664 7.9533
-2.3106 4.1684 7.9533
-2.2646 4.1709 7.9533
-2.2098 4.1560 7.9533
-2.1674 4.1636 7.9533
-2.1192 4.1592 7.9533
-2.0498 4.1113 7.9533
-2.0073 4.1156 7.9533
-1.9821 4.1555 7.9533
-1.9140 4.1047 7.9533
-1.8528 4.0657 7.9533
-1.8136 4.0735 7.9533
-1.7740 4.0800 7.9533
-1.7212 4.0548 7.9533
-1.6938 4.0891 7.9533
-1.6745 4.1445 7.9533
-1.6346 4.1497 7.9533
-1.5937 4.1516 7.9533
-1.5514 4.1495 7.9533
-1.5121 4.1544 7.9533
-1.4674 4.1439 7.9533
-1.4309 4.1556 7.9533
-1.3847 4.1385 7.9533
-1.3445 4.1380 7.9533
-1.3042 4.1363 7.9533
-0.9941 3.2514 7.9533
-1.0313 3.4815 7.9533
-1.1866 4.1382 7.9533
-1.0054 3.6252 7.9533
-0.9760 3.6425 7.9533
-1.0694 4.1350 7.9533
-0.9752 3.9113 7.9533
-1.0281 4.2823 7.9533
-1.1967 5.1836 7.9533
-1.1567 5.2173 7.9533
-1.1082 5.2135 7.9533
-1.0614 5.2171 7.9533
-1.0124 5.2085 7.9533
-0.9658 5.2113 7.9533
-0.9210 5.2234 7.9533
-0.8670 5.1810 7.9533
-0.8180 5.1646 7.9533
-0.7787 5.2101 7.9533
-0.7508 5.3425 7.9533
-0.7539 5.7266 7.9533
-3.0144 3.1963 7.9533
-3.0016 3.3369 7.9533
-2.9940 3.6337 7.9533
-2.9296 3.7524 7.9533
-2.9748 3.9345 7.9533
-2.7103 4.0931 7.9533
-2.5925 4.0980 7.9533
-2.4727 4.0995 7.9533
-1.0166 3.2145 7.9533
-2.2559 4.1117 7.9533
-2.0360 4.0385 7.9533
-1.9088 4.0254 7.9533
-0.9136 3.3907 7.9533
-1.0097 3.5886 7.9533
-0.9446 3.6055 7.9533
-1.5056 4.1018 7.9533
-1.4089 4.1009 7.9533
-1.3135 4.0993 7.9533
-0.9799 3.9030 7.9533
-1.1177 4.0868 7.9533
-1.0504 4.1036 7.9533
-2.9016 5.2346 8.3719
-2.8501 5.2492 8.3719
-2.8337 5.3295 8.3719
-3.0674 5.8924 8.3719
-2.7258 5.3496 8.3719
-2.6790 5.3732 8.3719
-2.3768 4.8733 8.3719
-2.4307 5.0960 8.3719
-2.4554 5.2656 8.3719
-2.4342 5.3415 8.3719
-2.3054 5.1780 8.3719
-2.2661 5.2117 8.3719
-2.2412 5.2800 8.3719
-2.2502 5.4324 8.3719
-2.1128 5.2293 8.3719
-1.9216 4.8782 8.3719
-1.8964 5.0721 8.3719
-2.0029 5.5028 8.3719
-1.7164 4.8471 8.3719
-1.6545 4.8051 8.3719
-1.8953 5.6643 8.3719
-1.8396 5.6616 8.3719
-1.7874 5.6689 8.3719
-1.7940 5.8679 8.3719
-1.5317 5.1709 8.3719
-1.4984 5.2254 8.3719
-1.5174 5.4715 8.3719
-1.3556 5.2416 8.3719
-1.3088 5.2493 8.3719
-1.2590 5.2440 8.3719
-1.2066 5.2265 8.3719
-1.1580 5.2232 8.3719
-1.1075 5.2106 8.3719
-1.0602 5.2112 8.3719
-1.0124 5.2085 8.3719
-0.9679 5.2221 8.3719
-0.9221 5.2293 8.3719
-0.8757 5.2332 8.3719
-0.8299 5.2397 8.3719
-0.7835 5.2428 8.3719
-0.7538 5.3633 8.3719
-0.7659 5.8178 8.3719
-2.9249 5.1909 8.3719
-2.2553 4.7621 8.3719
-2.2604 4.8525 8.3719
-2.6010 5.2158 8.3719
-2.3793 5.1268 8.3719
-1.8257 4.7541 8.3719
-1.9839 4.9741 8.3719
-1.5665 4.9541 8.3719
-1.9713 5.4192 8.3719
-1.5916 5.1544 8.3719
-1.5335 5.1891 8.3719
-1.4216 5.1706 8.3719
-1.3594 5.1994 8.3719
-1.2521 5.1818 8.3719
-1.1511 5.1685 8.3719
-1.0769 5.1813 8.3719
-0.9770 5.1656 8.3719
-0.9047 5.1779 8.3719
-0.3597 5.9978 8.3719
-2.8992 5.2302 8.7905
-2.8348 5.2211 8.7905
-2.7750 5.2191 8.7905
-2.7151 5.2156 8.7905
-2.6577 5.2160 8.7905
-2.5942 5.2031 8.7905
-2.5390 5.2058 8.7905
-2.4853 5.2106 8.7905
-2.4470 5.2475 8.7905
-2.2016 4.8310 8.7905
-2.2090 4.9615 8.7905
-2.3474 5.3987 8.7905
-2.2912 5.3978 8.7905
-2.1668 5.2310 8.7905
-2.0633 5.1069 8.7905
-2.3526 5.9724 8.7905
-2.0965 5.4614 8.7905
-1.8270 4.8866 8.7905
-2.0254 5.5649 8.7905
-1.8066 5.1016 8.7905
-1.8639 5.4131 8.7905
-1.8305 5.4709 8.7905
-1.7667 5.4372 8.7905
-1.7116 5.4286 8.7905
-1.6610 5.4328 8.7905
-1.5348 5.1815 8.7905
-1.4851 5.1793 8.7905
-1.4524 5.2373 8.7905
-1.3922 5.1957 8.7905
-1.3423 5.1902 8.7905
-1.2965 5.1998 8.7905
-1.2443 5.1827 8.7905
-1.1990 5.1934 8.7905
-1.1517 5.1949 8.7905
-1.1036 5.1920 8.7905
-1.0568 5.1946 8.7905
-1.0079 5.1850 8.7905
-0.9606 5.1827 8.7905
-0.9130 5.1781 8.7905
-0.8682 5.1879 8.7905
-0.8235 5.1992 8.7905
-0.7773 5.2012 8.7905
-0.7287 5.1850 8.7905
-0.7018 5.3310 8.7905
-0.7267 5.9186 8.7905
-2.9931 5.1491 8.7905
-2.8599 5.1410 8.7905
-2.7233 5.1278 8.7905
-2.6220 5.1401 8.7905
-2.5240 5.1535 8.7905
-2.0745 4.8755 8.7905
-2.3404 5.1860 8.7905
-1.8235 4.8371 8.7905
-2.9637 5.9144 8.7905
-2.1284 5.2804 8.7905
-1.6407 4.9348 8.7905
-1.8761 5.2379 8.7905
-2.0840 5.5242 8.7905
-1.5162 5.0828 8.7905
-1.5572 5.2120 8.7905
-1.3910 5.1405 8.7905
-1.3191 5.1591 8.7905
-1.2178 5.1468 8.7905
-1.1414 5.1584 8.7905
-1.0404 5.1429 8.7905
-0.9722 5.1604 8.7905
-0.8682 5.1381 8.7905
-0.8011 5.1545 8.7905
-0.2955 5.9061 8.7905
-2.4387 4.1401 9.2090
-2.2355 3.8720 9.2090
-2.1361 3.7756 9.2090
-2.1031 3.7941 9.2090
-2.0809 3.8325 9.2090
-2.0572 3.8691 9.2090
-2.0663 3.9694 9.2090
-1.9599 3.8465 9.2090
-1.8566 3.7238 9.2090
-1.7978 3.6860 9.2090
-1.7685 3.7078 9.2090
-1.7463 3.7449 9.2090
-1.7255 3.7863 9.2090
-1.7010 3.8204 9.2090
-1.6871 3.8801 9.2090
-1.8954 4.4654 9.2090
-2.1518 5.1950 9.2090
-2.0933 5.1811 9.2090
-2.0392 5.1768 9.2090
-1.9345 5.0395 9.2090
-1.9366 5.1798 9.2090
-1.8712 5.1411 9.2090
-1.7782 5.0215 9.2090
-1.7773 5.1616 9.2090
-1.7344 5.1835 9.2090
-1.6820 5.1766 9.2090
-1.6304 5.1711 9.2090
-1.5817 5.1736 9.2090
-1.5325 5.1738 9.2090
-1.4827 5.1706 9.2090
-1.4364 5.1795 9.2090
-1.3901 5.1880 9.2090
-1.3393 5.1786 9.2090
-1.2933 5.1872 9.2090
-1.2424 5.1750 9.2090
-1.1958 5.1798 9.2090
-1.1484 5.1802 9.2090
-1.0996 5.1734 9.2090
-1.0531 5.1760 9.2090
-1.0042 5.1663 9.2090
-0.9593 5.1759 9.2090
-0.9118 5.1712 9.2090
-0.8652 5.1701 9.2090
-0.8213 5.1854 9.2090
-0.7760 5.1923 9.2090
-0.7295 5.1910 9.2090
-0.6872 5.2200 9.2090
-0.6958 5.6664 9.2090
-2.3383 3.4247 9.2090
-2.1711 3.4705 9.2090
-1.7873 3.3147 9.2090
-1.8773 3.4353 9.2090
-1.9094 3.5232 9.2090
-1.9437 3.6140 9.2090
-1.9465 3.6864 9.2090
-2.2739 3.9704 9.2090
-3.0949 5.1315 9.2090
-2.9580 5.1226 9.2090
-2.8551 5.1373 9.2090
-2.7194 5.1248 9.2090
-2.6157 5.1351 9.2090
-2.4852 5.1220 9.2090
-2.3832 5.1300 9.2090
-2.2769 5.1327 9.2090
-2.1429 5.1099 9.2090
-2.0407 5.1120 9.2090
-1.9689 5.1393 9.2090
-1.8622 5.1342 9.2090
-2.9293 2.8786 9.6276
-2.8892 2.8892 9.6276
-2.8134 2.8630 9.6276
-2.7738 2.8723 9.6276
-2.7066 2.8522 9.6276
-2.6571 2.8494 9.6276
-2.6078 2.8459 9.6276
-2.5614 2.8448 9.6276
-2.5120 2.8393 9.6276
-2.4628 2.8332 9.6276
-2.4218 2.8356 9.6276
-2.3725 2.8275 9.6276
-2.3242 2.8195 9.6276
-2.2844 2.8210 9.6276
-2.2442 2.8213 9.6276
-2.2121 2.8313 9.6276
-2.1648 2.8212 9.6276
-2.1328 2.8304 9.6276
-2.0938 2.8296 9.6276
-2.0543 2.8275 9.6276
-2.0110 2.8193 9.6276
-1.9760 2.8220 9.6276
-1.9354 2.8160 9.6276
-1.9046 2.8237 9.6276
-1.8611 2.8119 9.6276
-1.8256 2.8112 9.6276
-1.7919 2.8127 9.6276
-1.7546 2.8079 9.6276
-1.7227 2.8112 9.6276
-1.6852 2.8047 9.6276
-1.6546 2.8089 9.6276
-1.6230 2.8111 9.6276
-1.5930 2.8156 9.6276
-1.5562 2.8075 9.6276
-1.5255 2.8096 9.6276
-1.4957 2.8131 9.6276
-1.4656 2.8154 9.6276
-1.4355 2.8174 9.6276
-1.4002 2.8083 9.6276
-1.3752 2.8195 9.6276
-1.3453 2.8206 9.6276
-1.3160 2.8222 9.6276
-1.2855 2.8209 9.6276
-1.2593 2.8283 9.6276
-1.2273 2.8227 9.6276
-1.2011 2.8296 9.6276
-1.1733 2.8326 9.6276
-1.1485 2.8427 9.6276
-1.1230 2.8508 9.6276
-1.0912 2.8428 9.6276
-1.0688 2.8587 9.6276
-1.0510 2.8877 9.6276
-1.0325 2.9156 9.6276
-1.0151 2.9481 9.6276
-1.0036 2.9995 9.6276
-0.9861 3.0348 9.6276
-0.9767 3.0977 9.6276
-0.9599 3.1395 9.6276
-0.9424 3.1814 9.6276
-0.9341 3.2577 9.6276
-0.9217 3.3236 9.6276
-0.9092 3.3933 9.6276
-0.8971 3.4689 9.6276
-0.8866 3.5561 9.6276
-0.8820 3.6736 9.6276
-0.8721 3.7776 9.6276
-0.8625 3.8905 9.6276
-0.8531 4.0133 9.6276
-0.8467 4.1617 9.6276
-0.8396 4.3192 9.6276
-0.8428 4.5476 9.6276
-0.8321 4.7192 9.6276
-0.7945 4.7480 9.6276
-0.7534 4.7567 9.6276
-0.7173 4.7997 9.6276
-0.7197 5.1207 9.6276
-0.6876 5.2229 9.6276
-0.6862 5.5890 9.6276
-2.9228 2.8012 9.6276
-2.7296 2.7886 9.6276
-2.5061 2.7593 9.6276
-2.3529 2.7573 9.6276
-2.1940 2.7498 9.6276
-2.0592 2.7508 9.6276
-1.8923 2.7342 9.6276
-1.8062 2.7538 9.6276
-1.6907 2.7575 9.6276
-1.5711 2.7571 9.6276
-1.4475 2.7525 9.6276
-1.3561 2.7628 9.6276
-1.2624 2.7704 9.6276
-1.2031 2.7954 9.6276
-1.1341 2.8142 9.6276
-1.0608 2.8295 9.6276
-3.1151 4.1790 9.6276
-3.0746 4.5767 9.6276
-3.1529 4.7168 9.6276
-3.0802 4.7561 9.6276
-3.2042 5.2124 9.6276
-3.1588 5.9775 9.6276
-2.8998 2.8998 10.0462
-2.8282 2.8780 10.0462
-2.7772 2.8759 10.0462
-2.7238 2.8703 10.0462
-2.6748 2.8684 10.0462
-2.6247 2.8643 10.0462
-2.5695 2.8537 10.0462
-2.5206 2.8490 10.0462
-2.4799 2.8528 10.0462
-2.4302 2.8454 10.0462
-2.3899 2.8482 10.0462
-2.3433 2.8427 10.0462
-2.3090 2.8513 10.0462
-2.2616 2.8432 10.0462
-2.2225 2.8447 10.0462
-2.1897 2.8537 10.0462
-2.1503 2.8535 10.0462
-2.1098 2.8513 10.0462
-2.0719 2.8518 10.0462
-2.0319 2.8486 10.0462
-1.9995 2.8556 10.0462
-1.9541 2.8432 10.0462
-1.9169 2.8419 10.0462
-1.8860 2.8494 10.0462
-1.8501 2.8490 10.0462
-1.8075 2.8372 10.0462
-1.7736 2.8384 10.0462
-1.7384 2.8367 10.0462
-1.7058 2.8389 10.0462
-1.6693 2.8339 10.0462
-1.6295 2.8224 10.0462
-1.5994 2.8269 10.0462
-1.5684 2.8294 10.0462
-1.5374 2.8315 10.0462
-1.5009 2.8228 10.0462
-1.4702 2.8242 10.0462
-1.4410 2.8281 10.0462
-1.4104 2.8289 10.0462
-1.3804 2.8303 10.0462
-1.3505 2.8314 10.0462
-1.3211 2.8331 10.0462
-1.2914 2.8336 10.0462
-1.2621 2.8347 10.0462
-1.2329 2.8355 10.0462
-1.2081 2.8462 10.0462
-1.1802 2.8492 10.0462
-1.1549 2.8585 10.0462
-1.1263 2.8592 10.0462
-1.0955 2.8540 10.0462
-1.0723 2.8681 10.0462
-1.0493 2.8830 10.0462
-1.0311 2.9118 10.0462
-1.0197 2.9614 10.0462
-1.0036 2.9995 10.0462
-0.9898 3.0462 10.0462
-0.9755 3.0939 10.0462
-0.9599 3.1395 10.0462
-0.9424 3.1814 10.0462
-0.9311 3.2471 10.0462
-0.9217 3.3236 10.0462
-0.9121 3.4039 10.0462
-0.9019 3.4873 10.0462
-0.8879 3.5610 10.0462
-0.8789 3.6610 10.0462
-0.8724 3.7786 10.0462
-0.8608 3.8827 10.0462
-0.8537 4.0163 10.0462
-0.8441 4.1490 10.0462
-0.8382 4.3123 10.0462
-0.8456 4.5623 10.0462
-0.8330 4.7241 10.0462
-0.7932 4.7401 10.0462
-0.7550 4.7666 10.0462
-0.7169 4.7967 10.0462
-0.7263 5.1682 10.0462
-0.7219 5.4837 10.0462
-0.6986 5.6893 10.0462
-2.7296 2.7886 10.0462
-2.5565 2.7813 10.0462
-2.4041 2.7800 10.0462
-2.2731 2.7859 10.0462
-2.1117 2.7753 10.0462
-2.0033 2.7871 10.0462
-1.8619 2.7810 10.0462
-1.7166 2.7704 10.0462
-1.5684 2.7557 10.0462
-1.4785 2.7686 10.0462
-1.3862 2.7788 10.0462
-1.2580 2.7680 10.0462
-1.1969 2.7920 10.0462
-1.1323 2.8132 10.0462
-3.0908 4.0015 10.0462
-3.1116 4.1770 10.0462
-3.0788 4.5794 10.0462
-3.1579 4.7201 10.0462
-3.0802 4.7561 10.0462
-3.1542 5.5634 10.0462
-2.8984 2.8984 10.4648
-2.8709 2.9215 10.4648
-2.7974 2.8968 10.4648
-2.7493 2.8971 10.4648
-2.6905 2.8852 10.4648
-2.6449 2.8864 10.4648
-2.5922 2.8789 10.4648
-2.5445 2.8760 10.4648
-2.4956 2.8709 10.4648
-2.4575 2.8774 10.4648
-2.4220 2.8865 10.4648
-2.3509 2.8519 10.4648
-2.3077 2.8498 10.4648
-2.2660 2.8487 10.4648
-2.2201 2.8416 10.4648
-2.1812 2.8426 10.4648
-2.1389 2.8384 10.4648
-2.1021 2.8408 10.4648
-2.0602 2.8356 10.4648
-2.0249 2.8388 10.4648
-1.9863 2.8367 10.4648
-1.9558 2.8457 10.4648
-1.9147 2.8386 10.4648
-1.8816 2.8427 10.4648
-1.8431 2.8381 10.4648
-1.8086 2.8389 10.4648
-1.7747 2.8401 10.4648
-1.7384 2.8367 10.4648
-1.7022 2.8329 10.4648
-1.6728 2.8399 10.4648
-1.6405 2.8414 10.4648
-1.6127 2.8504 10.4648
-1.5858 2.8609 10.4648
-1.5522 2.8588 10.4648
-1.5122 2.8440 10.4648
-1.4822 2.8473 10.4648
-1.4523 2.8503 10.4648
-1.4185 2.8450 10.4648
-1.3910 2.8519 10.4648
-1.3608 2.8531 10.4648
-1.3270 2.8458 10.4648
-1.2984 2.8491 10.4648
-1.2719 2.8567 10.4648
-1.2425 2.8576 10.4648
-1.2128 2.8572 10.4648
-1.1886 2.8696 10.4648
-1.1632 2.8789 10.4648
-1.1329 2.8759 10.4648
-1.0995 2.8642 10.4648
-1.0758 2.8775 10.4648
-1.0534 2.8943 10.4648
-1.0328 2.9165 10.4648
-1.0164 2.9519 10.4648
-1.0040 3.0005 10.4648
-0.9910 3.0500 10.4648
-0.9776 3.1005 10.4648
-0.9601 3.1405 10.4648
-0.9418 3.1794 10.4648
-0.9303 3.2443 10.4648
-0.9201 3.3178 10.4648
-0.9069 3.3846 10.4648
-0.9844 4.1005 10.4648
-0.9344 4.0475 10.4648
-0.8824 3.9804 10.4648
-0.8535 4.0153 10.4648
-0.8415 4.1363 10.4648
-0.8327 4.2838 10.4648
-0.8201 4.4246 10.4648
-0.8340 4.7300 10.4648
-0.7949 4.7500 10.4648
-0.7553 4.7686 10.4648
-0.7170 4.7977 10.4648
-0.6989 4.9731 10.4648
-0.7593 5.7672 10.4648
-2.7794 2.8097 10.4648
-2.6069 2.8032 10.4648
-2.4808 2.8142 10.4648
-2.2995 2.7979 10.4648
-2.1389 2.7880 10.4648
-2.0015 2.7863 10.4648
-1.8611 2.7806 10.4648
-1.7462 2.7852 10.4648
-1.6602 2.8025 10.4648
-1.5069 2.7834 10.4648
-1.4144 2.7938 10.4648
-1.3195 2.8014 10.4648
-1.2267 2.8085 10.4648
-1.1289 2.8112 10.4648
-3.0588 3.9830 10.4648
-3.1159 4.1795 10.4648
-3.1301 4.3554 10.4648
-3.1952 4.7453 10.4648
-3.0810 4.7567 10.4648
-2.8955 2.9464 10.8834
-2.8398 2.9407 10.8834
-2.7810 2.9305 10.8834
-2.7328 2.9305 10.8834
-2.6787 2.9233 10.8834
-2.6317 2.9228 10.8834
-2.5842 2.9209 10.8834
-2.5271 2.9071 10.8834
-2.4822 2.9063 10.8834
-2.4471 2.9163 10.8834
-2.4056 2.9183 10.8834
-2.3637 2.9190 10.8834
-2.3214 2.9183 10.8834
-2.2429 2.8707 10.8834
-2.2104 2.8807 10.8834
-2.1918 2.9086 10.8834
-2.1539 2.9108 10.8834
-2.1172 2.9141 10.8834
-2.0754 2.9096 10.8834
-2.0402 2.9137 10.8834
-2.0017 2.9125 10.8834
-1.9656 2.9141 10.8834
-1.9279 2.9128 10.8834
-1.8899 2.9102 10.8834
-1.8515 2.9063 10.8834
-1.8192 2.9113 10.8834
-1.7859 2.9143 10.8834
-1.7460 2.9058 10.8834
-1.7119 2.9063 10.8834
-1.6730 2.8977 10.8834
-1.6417 2.9018 10.8834
-1.6096 2.9037 10.8834
-1.5703 2.8922 10.8834
-1.5324 2.8819 10.8834
-1.5053 2.8917 10.8834
-1.4687 2.8824 10.8834
-1.4372 2.8826 10.8834
-1.4076 2.8860 10.8834
-1.3772 2.8874 10.8834
-1.3422 2.8784 10.8834
-1.3167 2.8891 10.8834
-1.2873 2.8914 10.8834
-1.2624 2.9034 10.8834
-1.2269 2.8904 10.8834
-1.1967 2.8890 10.8834
-1.1710 2.8984 10.8834
-1.1490 2.9169 10.8834
-1.1177 2.9118 10.8834
-1.0888 2.9121 10.8834
-1.0651 2.9262 10.8834
-1.0438 2.9476 10.8834
-1.0249 2.9765 10.8834
-1.0065 3.0081 10.8834
-0.9935 3.0576 10.8834
-0.9818 3.1139 10.8834
-0.9637 3.1520 10.8834
-0.9480 3.2005 10.8834
-0.9350 3.2606 10.8834
-0.9228 3.3274 10.8834
-0.9090 3.3923 10.8834
-0.9600 3.7119 10.8834
-0.9396 3.7686 10.8834
-0.9020 3.7572 10.8834
-0.8604 3.7270 10.8834
-0.8872 4.0018 10.8834
-0.8672 4.0799 10.8834
-0.8471 4.1637 10.8834
-0.8373 4.3074 10.8834
-0.8343 4.5013 10.8834
-0.8469 4.8029 10.8834
-0.8379 5.0074 10.8834
-0.7941 5.0135 10.8834
-0.7528 5.0371 10.8834
-0.7308 5.1999 10.8834
-0.7290 5.5372 10.8834
-2.9285 2.8730 10.8834
-2.7078 2.8471 10.8834
-2.5311 2.8366 10.8834
-2.4032 2.8452 10.8834
-2.2178 2.8248 10.8834
-2.0837 2.8254 10.8834
-1.9168 2.8078 10.8834
-1.8294 2.8267 10.8834
-1.7128 2.8293 10.8834
-1.6258 2.8453 10.8834
-1.4727 2.8248 10.8834
-1.3811 2.8348 10.8834
-1.2870 2.8420 10.8834
-1.2263 2.8664 10.8834
-1.1267 2.8675 10.8834
-3.0625 4.0659 10.8834
-3.0894 4.2463 10.8834
-3.0871 4.5849 10.8834
-3.0480 5.0044 10.8834
-3.1899 5.3942 10.8834
-2.9094 3.2312 11.3020
-2.8354 3.2048 11.3020
-2.7686 3.1849 11.3020
-2.7121 3.1755 11.3020
-2.6515 3.1599 11.3020
-2.5997 3.1536 11.3020
-2.5506 3.1498 11.3020
-2.5019 3.1453 11.3020
-2.4534 3.1402 11.3020
-2.4052 3.1345 11.3020
-2.3633 3.1362 11.3020
-2.3151 3.1286 11.3020
-2.2741 3.1301 11.3020
-2.2258 3.1205 11.3020
-2.1865 3.1226 11.3020
-2.1455 3.1218 11.3020
-2.1003 3.1139 11.3020
-2.0670 3.1229 11.3020
-2.0331 3.1308 11.3020
-1.9853 3.1163 11.3020
-1.9533 3.1259 11.3020
-1.9129 3.1215 11.3020
-1.8778 3.1252 11.3020
-1.8444 3.1312 11.3020
-1.8050 3.1264 11.3020
-1.7712 3.1307 11.3020
-1.7371 3.1338 11.3020
-1.7020 3.1347 11.3020
-1.6638 3.1292 11.3020
-1.6337 3.1382 11.3020
-1.6058 3.1515 11.3020
-1.5715 3.1520 11.3020
-1.5387 3.1548 11.3020
-1.5059 3.1572 11.3020
-1.4779 3.1694 11.3020
-1.4448 3.1703 11.3020
-1.4122 3.1718 11.3020
-1.3833 3.1813 11.3020
-1.3504 3.1813 11.3020
-1.3218 3.1911 11.3020
-1.2931 3.2006 11.3020
-1.2593 3.1969 11.3020
-1.2328 3.2115 11.3020
-1.2023 3.2156 11.3020
-1.1707 3.2166 11.3020
-1.1373 3.2116 11.3020
-1.1200 3.2526 11.3020
-1.0893 3.2556 11.3020
-1.0643 3.2754 11.3020
-1.0395 3.2970 11.3020
-1.0078 3.2964 11.3020
-0.9852 3.3261 11.3020
-0.9675 3.3740 11.3020
-0.9401 3.3901 11.3020
-0.9126 3.4059 11.3020
-0.9237 3.5715 11.3020
-0.9128 3.6609 11.3020
-0.9034 3.7631 11.3020
-0.8906 3.8575 11.3020
-0.8813 3.9755 11.3020
-0.8778 4.1297 11.3020
-0.8525 4.1902 11.3020
-0.8163 4.1994 11.3020
-0.8447 4.5574 11.3020
-0.8696 4.9319 11.3020
-0.8408 5.0241 11.3020
-0.8025 5.0668 11.3020
-0.7868 5.2645 11.3020
-0.8061 5.7356 11.3020
-2.9872 3.1836 11.3020
-2.6983 3.1186 11.3020
-2.5405 3.1120 11.3020
-2.4066 3.1145 11.3020
-2.2438 3.0998 11.3020
-2.1047 3.0946 11.3020
-2.0201 3.1159 11.3020
-1.9057 3.1197 11.3020
-1.7882 3.1197 11.3020
-1.6989 3.1338 11.3020
-1.6393 3.1635 11.3020
-1.5478 3.1736 11.3020
-1.4882 3.2015 11.3020
-1.3935 3.2071 11.3020
-1.3305 3.2309 11.3020
-1.1756 3.1953 11.3020
-1.0494 3.1752 11.3020
-1.0774 3.2548 11.3020
-1.1094 3.3384 11.3020
