-3.1516 3.5002 0.0000
-3.1435 3.5530 0.0000
-3.0625 3.5230 0.0000
-3.0069 3.5207 0.0000
-2.9735 3.5437 0.0000
-2.9597 3.5904 0.0000
-2.9440 3.6355 0.0000
-2.9171 3.6673 0.0000
-2.8530 3.6516 0.0000
-2.8076 3.6589 0.0000
-2.7629 3.6665 0.0000
-2.7029 3.6527 0.0000
-2.6580 3.6584 0.0000
-2.6062 3.6538 0.0000
-2.5604 3.6567 0.0000
-2.5137 3.6575 0.0000
-2.4677 3.6585 0.0000
-2.4147 3.6483 0.0000
-2.3735 3.6549 0.0000
-2.3276 3.6536 0.0000
-2.2765 3.6432 0.0000
-2.2326 3.6433 0.0000
-2.1905 3.6455 0.0000
-2.1484 3.6473 0.0000
-2.1025 3.6416 0.0000
-2.0583 3.6381 0.0000
-2.0173 3.6393 0.0000
-1.9783 3.6436 0.0000
-1.9338 3.6369 0.0000
-1.8913 3.6332 0.0000
-1.8496 3.6300 0.0000
-1.8147 3.6397 0.0000
-1.7750 3.6392 0.0000
-1.7315 3.6302 0.0000
-1.6977 3.6406 0.0000
-1.6575 3.6371 0.0000
-1.6176 3.6332 0.0000
-1.5826 3.6398 0.0000
-1.5434 3.6360 0.0000
-1.5089 3.6429 0.0000
-1.4662 3.6290 0.0000
-1.4323 3.6361 0.0000
-1.3912 3.6242 0.0000
-1.3585 3.6334 0.0000
-1.3233 3.6357 0.0000
-1.2855 3.6301 0.0000
-1.2489 3.6270 0.0000
-1.1813 3.5306 0.0000
-1.1041 3.3981 0.0000
-1.0702 3.3943 0.0000
-0.8391 2.7446 0.0000
-1.0012 3.3798 0.0000
-0.9631 3.3586 0.0000
-0.8947 3.2262 0.0000
-0.9242 3.4493 0.0000
-0.8981 3.4727 0.0000
-0.8782 3.5222 0.0000
-0.8495 3.5385 0.0000
-0.8530 3.6948 0.0000
-0.8348 3.7656 0.0000
-0.8077 3.8001 0.0000
-0.7821 3.8442 0.0000
-0.7770 3.9972 0.0000
-0.7763 4.1887 0.0000
-0.7781 4.4129 0.0000
-0.9165 5.4768 0.0000
-0.8745 5.5212 0.0000
-3.1655 3.4928 0.0000
-3.0314 3.5012 0.0000
-3.1904 3.6598 0.0000
-0.7646 2.4483 0.0000
-2.7757 3.5921 0.0000
-2.6357 3.5895 0.0000
-0.7563 2.6005 0.0000
-2.3807 3.5915 0.0000
-2.2646 3.5959 0.0000
-2.1199 3.5811 0.0000
-2.0031 3.5807 0.0000
-1.8835 3.5764 0.0000
-1.7930 3.5886 0.0000
-1.6709 3.5788 0.0000
-1.1408 3.2967 0.0000
-0.9792 3.2506 0.0000
-1.2028 3.4658 0.0000
-1.2019 3.5304 0.0000
-3.2869 2.5221 0.4350
-3.2498 2.5390 0.4350
-3.1883 2.5361 0.4350
-3.1373 2.5406 0.4350
-3.0857 2.5437 0.4350
-3.0266 2.5397 0.4350
-2.9793 2.5445 0.4350
-2.9268 2.5442 0.4350
-2.8752 2.5438 0.4350
-2.8232 2.5420 0.4350
-2.7751 2.5429 0.4350
-2.7345 2.5500 0.4350
-2.6846 2.5476 0.4350
-2.6349 2.5445 0.4350
-2.5870 2.5422 0.4350
-2.5456 2.5456 0.4350
-2.5001 2.5442 0.4350
-2.4591 2.5465 0.4350
-2.4168 2.5468 0.4350
-2.3822 2.5546 0.4350
-2.3335 2.5466 0.4350
-2.2918 2.5453 0.4350
-2.2469 2.5397 0.4350
-2.2162 2.5494 0.4350
-2.1750 2.5466 0.4350
-2.1379 2.5479 0.4350
-2.0914 2.5371 0.4350
-2.0598 2.5436 0.4350
-2.0207 2.5403 0.4350
-1.9837 2.5390 0.4350
-1.9450 2.5348 0.4350
-1.9138 2.5397 0.4350
-1.8779 2.5378 0.4350
-1.8474 2.5427 0.4350
-1.8112 2.5392 0.4350
-1.7781 2.5394 0.4350
-1.7457 2.5400 0.4350
-1.7100 2.5352 0.4350
-1.6779 2.5350 0.4350
-1.6481 2.5378 0.4350
-1.6151 2.5352 0.4350
-1.5813 2.5306 0.4350
-1.5539 2.5358 0.4350
-1.5225 2.5338 0.4350
-1.4922 2.5332 0.4350
-1.4540 2.5184 0.4350
-1.4310 2.5293 0.4350
-1.4045 2.5338 0.4350
-1.3699 2.5231 0.4350
-1.3455 2.5305 0.4350
-1.3114 2.5191 0.4350
-1.2871 2.5260 0.4350
-1.2565 2.5201 0.4350
-1.2296 2.5211 0.4350
-1.2011 2.5182 0.4350
-1.1766 2.5232 0.4350
-1.1541 2.5324 0.4350
-1.1258 2.5287 0.4350
-1.1077 2.5476 0.4350
-1.0831 2.5516 0.4350
-1.0654 2.5721 0.4350
-1.0422 2.5794 0.4350
-1.0269 2.6070 0.4350
-1.0038 2.6150 0.4350
-0.9911 2.6508 0.4350
-0.9669 2.6565 0.4350
-0.9153 2.5847 0.4350
-0.8608 2.5000 0.4350
-0.8504 2.5415 0.4350
-0.7939 2.4433 0.4350
-0.7641 2.4234 0.4350
-0.7432 2.4309 0.4350
-0.7223 2.4383 0.4350
-0.6990 2.4378 0.4350
-0.6796 2.4505 0.4350
-0.6621 2.4708 0.4350
-0.6695 2.5888 0.4350
-0.8095 3.2466 0.4350
-0.8024 3.3420 0.4350
-0.8008 3.4688 0.4350
-0.7974 3.5967 0.4350
-0.7951 3.7404 0.4350
-0.7963 3.9138 0.4350
-0.7999 4.1150 0.4350
-0.7929 4.2781 0.4350
-0.7859 4.4572 0.4350
-0.8683 5.1888 0.4350
-0.8277 5.2259 0.4350
-3.3138 2.4632 0.4350
-3.1478 2.4745 0.4350
-2.9530 2.4725 0.4350
-2.7963 2.4812 0.4350
-2.6353 2.4856 0.4350
-2.4422 2.4746 0.4350
-2.2423 2.4574 0.4350
-2.1643 2.4871 0.4350
-2.0558 2.5026 0.4350
-1.9998 2.5392 0.4350
-1.9427 2.5746 0.4350
-1.8827 2.6080 0.4350
-1.8181 2.6384 0.4350
-1.6925 2.7584 0.4350
-0.7733 2.4016 0.4350
-0.8370 2.4868 0.4350
-0.8942 2.5705 0.4350
-0.9144 2.6354 0.4350
-0.8547 2.6561 0.4350
-0.9041 2.7390 0.4350
-0.8998 2.7920 0.4350
-0.8691 2.8858 0.4350
-0.8921 2.9569 0.4350
-0.8897 3.0132 0.4350
-0.8876 3.0701 0.4350
-0.8840 3.1267 0.4350
-0.8822 3.1852 0.4350
-0.8814 3.2449 0.4350
-0.8808 3.3055 0.4350
-0.8802 3.3669 0.4350
-0.8798 3.4291 0.4350
-0.8802 3.4928 0.4350
-0.8791 3.5561 0.4350
-0.8797 3.6215 0.4350
-3.2620 5.9593 0.4350
-3.2948 2.5282 0.8700
-3.2671 2.5525 0.8700
-3.2510 2.5859 0.8700
-3.2524 2.6337 0.8700
-3.2455 2.6753 0.8700
-3.2519 2.7286 0.8700
-3.3070 2.8244 0.8700
-3.2943 2.8637 0.8700
-3.2887 2.9096 0.8700
-3.2877 2.9602 0.8700
-3.2846 3.0098 0.8700
-3.2830 3.0615 0.8700
-3.2809 3.1134 0.8700
-3.2752 3.1628 0.8700
-3.2810 3.2242 0.8700
-3.2817 3.2817 0.8700
-3.2838 3.3416 0.8700
-3.2767 3.3931 0.8700
-3.2766 3.4528 0.8700
-3.2756 3.5127 0.8700
-3.2766 3.5758 0.8700
-3.2727 3.6347 0.8700
-3.2773 3.7043 0.8700
-3.2803 3.7735 0.8700
-3.2713 3.8302 0.8700
-3.2737 3.9015 0.8700
-3.2733 3.9708 0.8700
-3.2737 4.0427 0.8700
-3.2701 4.1110 0.8700
-3.2698 4.1851 0.8700
-3.2636 4.2532 0.8700
-3.2360 4.2943 0.8700
-3.1668 4.2797 0.8700
-3.0970 4.2627 0.8700
-3.0278 4.2448 0.8700
-2.9470 4.2088 0.8700
-2.8756 4.1841 0.8700
-2.8133 4.1709 0.8700
-2.7602 4.1703 0.8700
-2.7030 4.1623 0.8700
-2.6424 4.1478 0.8700
-2.5881 4.1419 0.8700
-2.5383 4.1421 0.8700
-2.4815 4.1298 0.8700
-2.4281 4.1220 0.8700
-2.3695 4.1041 0.8700
-2.2991 4.0637 0.8700
-2.2471 4.0539 0.8700
-2.1968 4.0461 0.8700
-2.1460 4.0360 0.8700
-2.0926 4.0199 0.8700
-2.0466 4.0167 0.8700
-2.0043 4.0200 0.8700
-1.9608 4.0203 0.8700
-1.9179 4.0210 0.8700
-1.8807 4.0331 0.8700
-1.8371 4.0311 0.8700
-1.7982 4.0388 0.8700
-1.7549 4.0360 0.8700
-1.7055 4.0180 0.8700
-1.6578 4.0022 0.8700
-1.6108 3.9869 0.8700
-1.5620 3.9654 0.8700
-1.5238 3.9696 0.8700
-1.4828 3.9659 0.8700
-1.4467 3.9749 0.8700
-0.9140 2.5810 0.8700
-0.8673 2.5189 0.8700
-0.8196 2.4495 0.8700
-0.7843 2.4138 0.8700
-0.7596 2.4091 0.8700
-0.7350 2.4042 0.8700
-0.7140 2.4105 0.8700
-0.6916 2.4118 0.8700
-0.6713 2.4206 0.8700
-0.6546 2.4428 0.8700
-0.6560 2.5365 0.8700
-0.8061 3.2330 0.8700
-0.7979 3.3236 0.8700
-0.7995 3.4629 0.8700
-0.7965 3.5928 0.8700
-0.7940 3.7355 0.8700
-0.7945 3.9050 0.8700
-0.7940 4.0846 0.8700
-0.7980 4.3057 0.8700
-0.7877 4.4671 0.8700
-0.8327 4.9758 0.8700
-0.8515 5.3760 0.8700
-0.8234 5.5098 0.8700
-0.8260 5.8772 0.8700
-3.3365 2.4711 0.8700
-3.2751 2.5196 0.8700
-3.3505 2.6171 0.8700
-3.3621 2.6927 0.8700
-3.2076 2.7053 0.8700
-3.3568 2.9077 0.8700
-3.3442 3.1238 0.8700
-3.3352 3.3459 0.8700
-3.3320 3.5758 0.8700
-0.7736 2.3508 0.8700
-0.8425 2.4376 0.8700
-0.9262 2.5342 0.8700
-0.9276 2.5886 0.8700
-0.9179 2.6374 0.8700
-0.8755 2.7225 0.8700
-0.8748 2.7772 0.8700
-0.8736 2.8322 0.8700
-0.8674 2.8847 0.8700
-0.8658 2.9405 0.8700
-0.8628 2.9960 0.8700
-0.8582 3.0511 0.8700
-0.8840 3.1267 0.8700
-0.8830 3.1857 0.8700
-0.8814 3.2449 0.8700
-0.8808 3.3055 0.8700
-0.8802 3.3669 0.8700
-0.8798 3.4291 0.8700
-0.8794 3.4922 0.8700
-0.8791 3.5561 0.8700
-0.8789 3.6209 0.8700
-0.8794 3.6872 0.8700
-0.8807 3.7550 0.8700
-1.1135 4.0113 0.8700
-0.8484 3.8648 0.8700
-0.9501 4.0194 0.8700
-0.8502 4.0058 0.8700
-3.3099 2.5398 1.3051
-3.2805 2.5630 1.3051
-3.2572 2.5909 1.3051
-3.2586 2.6387 1.3051
-3.2485 2.6779 1.3051
-3.2718 2.7453 1.3051
-3.2979 2.8167 1.3051
-3.2973 2.8663 1.3051
-3.2924 2.9129 1.3051
-3.2929 2.9649 1.3051
-3.2934 3.0179 1.3051
-3.2867 3.0649 1.3051
-3.2809 3.1134 1.3051
-3.2831 3.1704 1.3051
-3.2867 3.2298 1.3051
-3.2810 3.2810 1.3051
-3.2732 3.3309 1.3051
-3.2809 3.3974 1.3051
-3.2848 3.4615 1.3051
-3.2811 3.5185 1.3051
-3.2861 3.5861 1.3051
-3.2881 3.6518 1.3051
-3.2813 3.7088 1.3051
-3.2783 3.7713 1.3051
-3.2732 3.8324 1.3051
-3.2737 3.9015 1.3051
-3.2714 3.9685 1.3051
-3.2687 4.0365 1.3051
-3.2526 4.0891 1.3051
-3.1817 4.0724 1.3051
-3.1004 4.0405 1.3051
-3.0380 4.0315 1.3051
-2.9735 4.0185 1.3051
-2.9195 4.0184 1.3051
-2.8571 4.0054 1.3051
-2.7870 3.9803 1.3051
-2.7227 3.9616 1.3051
-2.6578 3.9404 1.3051
-2.5969 3.9234 1.3051
-2.5375 3.9074 1.3051
-2.4780 3.8897 1.3051
-2.4154 3.8654 1.3051
-2.3648 3.8590 1.3051
-2.3038 3.8341 1.3051
-2.2362 3.7963 1.3051
-2.1805 3.7767 1.3051
-2.1342 3.7721 1.3051
-2.0818 3.7556 1.3051
-2.0394 3.7561 1.3051
-2.0009 3.7631 1.3051
-1.9606 3.7662 1.3051
-1.9177 3.7636 1.3051
-1.8419 3.6943 1.3051
-1.7899 3.6698 1.3051
-1.7548 3.6789 1.3051
-1.7129 3.6733 1.3051
-1.6766 3.6790 1.3051
-1.6420 3.6880 1.3051
-1.6038 3.6884 1.3051
-1.5672 3.6921 1.3051
-1.5330 3.7011 1.3051
-1.5014 3.7162 1.3051
-1.4671 3.7245 1.3051
-1.0178 2.6514 1.3051
-0.9319 2.4925 1.3051
-1.0018 2.7524 1.3051
-0.9303 2.6271 1.3051
-0.8588 2.4943 1.3051
-0.8028 2.3993 1.3051
-0.7790 2.3976 1.3051
-0.7548 2.3938 1.3051
-0.7286 2.3831 1.3051
-0.7058 2.3827 1.3051
-0.6841 2.3859 1.3051
-0.6646 2.3965 1.3051
-0.6610 2.4670 1.3051
-0.7274 2.8125 1.3051
-0.8005 3.2107 1.3051
-0.7967 3.3187 1.3051
-0.7957 3.4463 1.3051
-0.7950 3.5859 1.3051
-0.7959 3.7443 1.3051
-0.7935 3.9001 1.3051
-0.7970 4.1003 1.3051
-0.7956 4.2929 1.3051
-0.7873 4.4651 1.3051
-0.8325 4.9748 1.3051
-0.8358 5.2772 1.3051
-0.8248 5.5187 1.3051
-0.8183 5.8228 1.3051
-3.3374 2.4714 1.3051
-3.2779 2.5206 1.3051
-3.3658 2.6941 1.3051
-3.3559 2.9073 1.3051
-3.3639 3.0579 1.3051
-3.3542 3.2786 1.3051
-3.3575 3.5105 1.3051
-0.7451 2.3362 1.3051
-0.8638 2.4487 1.3051
-0.9323 2.5375 1.3051
-0.9267 2.5881 1.3051
-0.9223 2.6398 1.3051
-0.8772 2.7235 1.3051
-0.8731 2.7762 1.3051
-0.8701 2.8301 1.3051
-0.8674 2.8847 1.3051
-0.8650 2.9400 1.3051
-0.8619 2.9954 1.3051
-0.8599 3.0522 1.3051
-0.8840 3.1267 1.3051
-0.8830 3.1857 1.3051
-0.8814 3.2449 1.3051
-0.8808 3.3055 1.3051
-0.8802 3.3669 1.3051
-0.8790 3.4286 1.3051
-0.8794 3.4922 1.3051
-0.8791 3.5561 1.3051
-0.8789 3.6209 1.3051
-0.8794 3.6872 1.3051
-0.8807 3.7550 1.3051
-3.2538 5.7444 1.3051
-3.3099 2.5398 1.7401
-3.2829 2.5648 1.7401
-3.2541 2.5884 1.7401
-3.2531 2.6343 1.7401
-3.2509 2.6798 1.7401
-3.2672 2.7415 1.7401
-3.3002 2.8186 1.7401
-3.2988 2.8676 1.7401
-3.2939 2.9142 1.7401
-3.3025 2.9736 1.7401
-3.2919 3.0165 1.7401
-3.2852 3.0635 1.7401
-3.2816 3.1141 1.7401
-3.2845 3.1718 1.7401
-3.2817 3.2249 1.7401
-3.2774 3.2774 1.7401
-3.2760 3.3337 1.7401
-3.2816 3.3982 1.7401
-3.2786 3.4550 1.7401
-3.2818 3.5193 1.7401
-3.2820 3.5817 1.7401
-3.2834 3.6466 1.7401
-3.2780 3.7051 1.7401
-3.2777 3.7705 1.7401
-3.2726 3.8317 1.7401
-3.2808 3.9099 1.7401
-3.2402 3.9307 1.7401
-3.1428 3.8811 1.7401
-3.0597 3.8465 1.7401
-2.9884 3.8250 1.7401
-2.9190 3.8041 1.7401
-2.8376 3.7656 1.7401
-2.7564 3.7251 1.7401
-2.7009 3.7174 1.7401
-2.6410 3.7026 1.7401
-2.5863 3.6936 1.7401
-2.5262 3.6756 1.7401
-2.4789 3.6751 1.7401
-2.4191 3.6549 1.7401
-2.3409 3.6046 1.7401
-2.2760 3.5726 1.7401
-2.2257 3.5618 1.7401
-2.1773 3.5530 1.7401
-2.1312 3.5470 1.7401
-2.0799 3.5310 1.7401
-2.0440 3.5403 1.7401
-2.0066 3.5467 1.7401
-1.9601 3.5361 1.7401
-1.8953 3.4907 1.7401
-1.8305 3.4426 1.7401
-1.7745 3.4088 1.7401
-1.7411 3.4170 1.7401
-1.7058 3.4213 1.7401
-1.6803 3.4451 1.7401
-1.6454 3.4497 1.7401
-1.6119 3.4567 1.7401
-1.5816 3.4706 1.7401
-1.5537 3.4897 1.7401
-1.5248 3.5068 1.7401
-1.4910 3.5126 1.7401
-1.4584 3.5209 1.7401
-1.4258 3.5289 1.7401
-0.9602 2.4377 1.7401
-0.9364 2.4394 1.7401
-1.3280 3.5519 1.7401
-1.2993 3.5699 1.7401
-0.9564 2.7007 1.7401
-0.8458 2.4565 1.7401
-0.8015 2.3955 1.7401
-0.7775 2.3929 1.7401
-0.7536 2.3900 1.7401
-0.7312 2.3917 1.7401
-0.7089 2.3932 1.7401
-0.6872 2.3964 1.7401
-0.6652 2.3985 1.7401
-0.6470 2.4148 1.7401
-0.6290 2.4320 1.7401
-0.6822 2.7362 1.7401
-0.7970 3.3197 1.7401
-0.7968 3.4512 1.7401
-0.7961 3.5908 1.7401
-0.7955 3.7424 1.7401
-0.7971 3.9177 1.7401
-0.7951 4.0904 1.7401
-0.7964 4.2968 1.7401
-0.7878 4.4681 1.7401
-0.8586 5.1307 1.7401
-0.8271 5.2219 1.7401
-3.3374 2.4714 1.7401
-3.2798 2.5212 1.7401
-3.3639 2.6934 1.7401
-3.3540 2.9066 1.7401
-3.3630 3.0575 1.7401
-3.3551 3.2790 1.7401
-3.3521 3.5078 1.7401
-0.9792 2.4028 1.7401
-0.7389 2.3331 1.7401
-0.9401 2.4884 1.7401
-0.8361 2.4863 1.7401
-0.9241 2.5867 1.7401
-0.9223 2.6398 1.7401
-2.5249 3.6011 1.7401
-0.8790 2.7245 1.7401
-0.8731 2.7762 1.7401
-0.8701 2.8301 1.7401
-0.8691 2.8858 1.7401
-0.8641 2.9395 1.7401
-0.8619 2.9954 1.7401
-0.8607 3.0527 1.7401
-0.8848 3.1273 1.7401
-0.8822 3.1852 1.7401
-0.8521 3.2854 1.7401
-0.8802 3.3669 1.7401
-0.8790 3.4286 1.7401
-0.8786 3.4916 1.7401
-0.8791 3.5561 1.7401
-0.8797 3.6215 1.7401
-3.3123 2.5416 2.1751
-3.2797 2.5624 2.1751
-3.2517 2.5865 2.1751
-3.2578 2.6381 2.1751
-3.2570 2.6849 2.1751
-3.2626 2.7376 2.1751
-3.3040 2.8219 2.1751
-3.2966 2.8657 2.1751
-3.2887 2.9096 2.1751
-3.3040 2.9750 2.1751
-3.2964 3.0206 2.1751
-3.2867 3.0649 2.1751
-3.2910 3.1231 2.1751
-3.2867 3.1739 2.1751
-3.2788 3.2221 2.1751
-3.2838 3.2838 2.1751
-3.2782 3.3359 2.1751
-3.2843 3.4010 2.1751
-3.2800 3.4564 2.1751
-3.2866 3.5244 2.1751
-3.2827 3.5824 2.1751
-3.2874 3.6511 2.1751
-3.2839 3.7118 2.1751
-3.2731 3.7652 2.1751
-3.2778 3.8378 2.1751
-3.2409 3.8624 2.1751
-3.1155 3.7794 2.1751
-3.0459 3.7614 2.1751
-2.9569 3.7174 2.1751
-2.8758 3.6808 2.1751
-2.7942 3.6415 2.1751
-2.7274 3.6194 2.1751
-2.6529 3.5852 2.1751
-2.5868 3.5605 2.1751
-2.5214 3.5349 2.1751
-2.4543 3.5052 2.1751
-2.4067 3.5017 2.1751
-2.3654 3.5068 2.1751
-2.2486 3.3973 2.1751
-2.1464 3.3052 2.1751
-2.0960 3.2901 2.1751
-2.0487 3.2786 2.1751
-1.9944 3.2545 2.1751
-1.9391 3.2272 2.1751
-1.8997 3.2251 2.1751
-1.8690 3.2372 2.1751
-1.8313 3.2369 2.1751
-1.7991 3.2457 2.1751
-1.7688 3.2578 2.1751
-1.7385 3.2696 2.1751
-1.7099 3.2846 2.1751
-1.6807 3.2985 2.1751
-1.6509 3.3113 2.1751
-1.6255 3.3327 2.1751
-1.5899 3.3332 2.1751
-1.5603 3.3461 2.1751
-1.5302 3.3578 2.1751
-1.5033 3.3765 2.1751
-1.4714 3.3840 2.1751
-1.4402 3.3930 2.1751
-1.4075 3.3980 2.1751
-0.9672 2.3940 2.1751
-0.9467 2.4033 2.1751
-1.3163 3.4290 2.1751
-1.2863 3.4404 2.1751
-1.2552 3.4487 2.1751
-0.9961 2.8128 2.1751
-0.8569 2.4886 2.1751
-0.8002 2.3917 2.1751
-0.7790 2.3976 2.1751
-0.7554 2.3957 2.1751
-0.7312 2.3917 2.1751
-0.7081 2.3903 2.1751
-0.6899 2.4060 2.1751
-0.6668 2.4043 2.1751
-0.6452 2.4081 2.1751
-0.6282 2.4291 2.1751
-0.6154 2.4684 2.1751
-0.7944 3.3090 2.1751
-0.7957 3.4463 2.1751
-0.7954 3.5879 2.1751
-0.7940 3.7355 2.1751
-0.7987 3.9256 2.1751
-0.7968 4.0993 2.1751
-0.7969 4.2998 2.1751
-0.7887 4.4730 2.1751
-0.8492 5.0744 2.1751
-0.8544 5.3948 2.1751
-0.8155 5.4564 2.1751
-0.8224 5.8515 2.1751
-3.2977 2.5276 2.1751
-3.2603 2.5843 2.1751
-3.3593 2.6917 2.1751
-3.3503 2.9051 2.1751
-3.3602 3.0563 2.1751
-3.3505 3.2769 2.1751
-3.3521 3.5078 2.1751
-0.9855 2.4059 2.1751
-0.7362 2.3317 2.1751
-0.9005 2.5206 2.1751
-0.9214 2.5852 2.1751
-0.9197 2.6383 2.1751
-0.9060 2.6852 2.1751
-1.7580 3.2320 2.1751
-0.8731 2.7762 2.1751
-0.8701 2.8301 2.1751
-0.8674 2.8847 2.1751
-0.8641 2.9395 2.1751
-0.8628 2.9960 2.1751
-0.8851 3.0685 2.1751
-0.8840 3.1267 2.1751
-0.8830 3.1857 2.1751
-0.8806 3.2444 2.1751
-0.8808 3.3055 2.1751
-0.8794 3.3663 2.1751
-0.8790 3.4286 2.1751
-0.8802 3.4928 2.1751
-3.2623 5.5490 2.1751
-3.3186 2.5464 2.6101
-3.2852 2.5667 2.6101
-3.2541 2.5884 2.6101
-3.2578 2.6381 2.6101
-3.2563 2.6843 2.6101
-3.2618 2.7370 2.6101
-3.3040 2.8219 2.6101
-3.2966 2.8657 2.6101
-3.3021 2.9215 2.6101
-3.2966 2.9683 2.6101
-3.2919 3.0165 2.6101
-3.2889 3.0669 2.6101
-3.2910 3.1231 2.6101
-3.2917 3.1788 2.6101
-3.2924 3.2354 2.6101
-3.2873 3.2873 2.6101
-3.2922 3.3501 2.6101
-3.2871 3.4039 2.6101
-3.2821 3.4586 2.6101
-3.2852 3.5229 2.6101
-3.2820 3.5817 2.6101
-3.2828 3.6459 2.6101
-3.2786 3.7058 2.6101
-3.2816 3.7751 2.6101
-3.2869 3.8484 2.6101
-3.2660 3.8923 2.6101
-3.1499 3.8211 2.6101
-3.0214 3.7311 2.6101
-2.9015 3.6477 2.6101
-2.7631 3.5366 2.6101
-2.6907 3.5066 2.6101
-2.6221 3.4797 2.6101
-2.5417 3.4349 2.6101
-2.4793 3.4124 2.6101
-2.3333 3.2711 2.6101
-2.2633 3.2324 2.6101
-2.1569 3.1383 2.6101
-2.1132 3.1329 2.6101
-2.0703 3.1279 2.6101
-2.0380 3.1383 2.6101
-2.0047 3.1467 2.6101
-1.9739 3.1590 2.6101
-1.9437 3.1718 2.6101
-1.9134 3.1844 2.6101
-1.8840 3.1984 2.6101
-1.8495 3.2034 2.6101
-1.8195 3.2160 2.6101
-1.7914 3.2317 2.6101
-1.7612 3.2437 2.6101
-1.7291 3.2519 2.6101
-1.6951 3.2562 2.6101
-1.6607 3.2593 2.6101
-1.6367 3.2826 2.6101
-1.6053 3.2914 2.6101
-1.5765 3.3053 2.6101
-1.5459 3.3153 2.6101
-1.5178 3.3305 2.6101
-1.4866 3.3390 2.6101
-1.4542 3.3445 2.6101
-1.4270 3.3617 2.6101
-1.3949 3.3675 2.6101
-1.3628 3.3731 2.6101
-1.0412 2.6433 2.6101
-0.9443 2.4600 2.6101
-0.9869 2.6395 2.6101
-1.2378 3.4007 2.6101
-1.0962 3.0956 2.6101
-0.8647 2.5113 2.6101
-0.8037 2.4021 2.6101
-0.7769 2.3910 2.6101
-0.7515 2.3833 2.6101
-0.7312 2.3917 2.6101
-0.7081 2.3903 2.6101
-0.6905 2.4080 2.6101
-0.6676 2.4071 2.6101
-0.6465 2.4129 2.6101
-0.6302 2.4368 2.6101
-0.6130 2.4587 2.6101
-0.7463 3.1087 2.6101
-0.7957 3.4463 2.6101
-0.7943 3.5830 2.6101
-0.7961 3.7453 2.6101
-0.7965 3.9148 2.6101
-0.7999 4.1150 2.6101
-0.7971 4.3008 2.6101
-0.7887 4.4730 2.6101
-0.8366 4.9995 2.6101
-0.8443 5.3306 2.6101
-0.8242 5.5148 2.6101
-3.2986 2.5279 2.6101
-3.2631 2.5853 2.6101
-3.3494 2.9047 2.6101
-3.3593 3.0559 2.6101
-3.3505 3.2769 2.6101
-3.3504 3.5070 2.6101
-1.0007 2.4135 2.6101
-0.7335 2.3303 2.6101
-0.8612 2.4473 2.6101
-0.8705 2.5046 2.6101
-0.9223 2.5857 2.6101
-0.9206 2.6388 2.6101
-0.9087 2.6867 2.6101
-1.7285 3.2150 2.6101
-0.8722 2.7757 2.6101
-0.8693 2.8296 2.6101
-0.8691 2.8858 2.6101
-0.8641 2.9395 2.6101
-0.8628 2.9960 2.6101
-0.8591 3.0516 2.6101
-0.8848 3.1273 2.6101
-1.1707 3.3798 2.6101
-0.8534 3.2257 2.6101
-0.8521 3.2854 2.6101
-0.8501 3.3454 2.6101
-0.8798 3.4291 2.6101
-3.2663 5.5520 2.6101
-3.3186 2.5464 3.0451
-3.2899 2.5704 3.0451
-3.2556 2.5897 3.0451
-3.2555 2.6362 3.0451
-3.2601 2.6874 3.0451
-3.2588 2.7344 3.0451
-3.3017 2.8199 3.0451
-3.3011 2.8696 3.0451
-3.3044 2.9235 3.0451
-3.3025 2.9736 3.0451
-3.3001 3.0239 3.0451
-3.2904 3.0683 3.0451
-3.2888 3.1210 3.0451
-3.2924 3.1795 3.0451
-3.2874 3.2305 3.0451
-3.2817 3.2817 3.0451
-3.2894 3.3473 3.0451
-3.2843 3.4010 3.0451
-3.2841 3.4608 3.0451
-3.2886 3.5266 3.0451
-3.2793 3.5787 3.0451
-3.2794 3.6422 3.0451
-3.2786 3.7058 3.0451
-3.2829 3.7766 3.0451
-3.2765 3.8362 3.0451
-3.2782 3.9068 3.0451
-3.2720 3.9692 3.0451
-3.1542 3.8951 3.0451
-2.9993 3.7706 3.0451
-2.9041 3.7170 3.0451
-2.7930 3.6399 3.0451
-2.7034 3.5875 3.0451
-2.6220 3.5434 3.0451
-2.5228 3.4723 3.0451
-2.4372 3.4168 3.0451
-2.3855 3.4069 3.0451
-2.3189 3.3740 3.0451
-2.1859 3.2407 3.0451
-2.1377 3.2296 3.0451
-2.0549 3.1643 3.0451
-2.0170 3.1661 3.0451
-1.9808 3.1700 3.0451
-1.9479 3.1786 3.0451
-1.9149 3.1869 3.0451
-1.8850 3.2001 3.0451
-1.8550 3.2130 3.0451
-1.8234 3.2229 3.0451
-1.7982 3.2440 3.0451
-1.7703 3.2604 3.0451
-1.7385 3.2696 3.0451
-1.7066 3.2784 3.0451
-1.6779 3.2932 3.0451
-1.6478 3.3050 3.0451
-1.6176 3.3166 3.0451
-1.5851 3.3233 3.0451
-1.5582 3.3416 3.0451
-1.5302 3.3578 3.0451
-1.5045 3.3792 3.0451
-1.4706 3.3821 3.0451
-1.4438 3.4013 3.0451
-1.4144 3.4147 3.0451
-1.3801 3.4157 3.0451
-1.3469 3.4193 3.0451
-1.3209 3.4412 3.0451
-0.9536 2.5506 3.0451
-0.9217 2.5325 3.0451
-1.1940 3.3718 3.0451
-0.8621 2.5037 3.0451
-0.8006 2.3926 3.0451
-0.7775 2.3929 3.0451
-0.7512 2.3824 3.0451
-0.7277 2.3802 3.0451
-0.7092 2.3942 3.0451
-0.6872 2.3964 3.0451
-0.6665 2.4033 3.0451
-0.6458 2.4100 3.0451
-0.6285 2.4301 3.0451
-0.6111 2.4510 3.0451
-0.7729 3.2195 3.0451
-0.7977 3.4551 3.0451
-0.7961 3.5908 3.0451
-0.7951 3.7404 3.0451
-0.7977 3.9207 3.0451
-0.7987 4.1091 3.0451
-0.8011 4.3224 3.0451
-0.7913 4.4878 3.0451
-0.8404 5.0222 3.0451
-0.8530 5.3859 3.0451
-0.8354 5.5899 3.0451
-3.3592 2.4789 3.0451
-3.2996 2.5283 3.0451
-3.3806 2.6281 3.0451
-3.2441 2.6486 3.0451
-3.3717 2.8408 3.0451
-3.3620 3.0571 3.0451
-3.3505 3.2769 3.0451
-3.3486 3.5061 3.0451
-0.7362 2.3317 3.0451
-0.8656 2.4496 3.0451
-0.8652 2.5018 3.0451
-0.9223 2.5857 3.0451
-0.9214 2.6393 3.0451
-0.9121 2.6886 3.0451
-1.7580 3.2320 3.0451
-0.8714 2.7752 3.0451
-0.8701 2.8301 3.0451
-0.8683 2.8852 3.0451
-0.8633 2.9389 3.0451
-0.8628 2.9960 3.0451
-0.8599 3.0522 3.0451
-0.8573 3.1091 3.0451
-0.8822 3.1852 3.0451
-0.8814 3.2449 3.0451
-0.8800 3.3049 3.0451
-0.8794 3.3663 3.0451
-0.8790 3.4286 3.0451
-3.3210 2.5483 3.4802
-3.2892 2.5698 3.4802
-3.2635 2.5959 3.4802
-3.2586 2.6387 3.4802
-3.2555 2.6836 3.4802
-3.2572 2.7331 3.4802
-3.3070 2.8244 3.4802
-3.3064 2.8742 3.4802
-3.2954 2.9155 3.4802
-3.2958 2.9676 3.4802
-3.2949 3.0192 3.4802
-3.2947 3.0724 3.4802
-3.2903 3.1224 3.4802
-3.2859 3.1732 3.4802
-3.2831 3.2263 3.4802
-3.2838 3.2838 3.4802
-3.2824 3.3402 3.4802
-3.2885 3.4054 3.4802
-3.2841 3.4608 3.4802
-3.2859 3.5237 3.4802
-3.2813 3.5810 3.4802
-3.2814 3.6444 3.4802
-3.2879 3.7163 3.4802
-3.2842 3.7781 3.4802
-3.2817 3.8423 3.4802
-3.2840 3.9137 3.4802
-3.2834 3.9831 3.4802
-3.2800 4.0505 3.4802
-3.1979 4.0203 3.4802
-3.0882 3.9527 3.4802
-2.9306 3.8192 3.4802
-2.8424 3.7720 3.4802
-2.7570 3.7259 3.4802
-2.6539 3.6527 3.4802
-2.5789 3.6155 3.4802
-2.5002 3.5707 3.4802
-2.4101 3.5067 3.4802
-2.3296 3.4538 3.4802
-2.2431 3.3889 3.4802
-2.1775 3.3530 3.4802
-2.1342 3.3500 3.4802
-2.0969 3.3557 3.4802
-1.9954 3.2562 3.4802
-1.9504 3.2461 3.4802
-1.9114 3.2449 3.4802
-1.8740 3.2459 3.4802
-1.8456 3.2621 3.4802
-1.8166 3.2772 3.4802
-1.7884 3.2938 3.4802
-1.7563 3.3031 3.4802
-1.7256 3.3148 3.4802
-1.7006 3.3377 3.4802
-1.6692 3.3479 3.4802
-1.6386 3.3597 3.4802
-1.6101 3.3757 3.4802
-1.5840 3.3968 3.4802
-1.5530 3.4078 3.4802
-1.5273 3.4304 3.4802
-1.5001 3.4500 3.4802
-1.4770 3.4795 3.4802
-1.4431 3.4839 3.4802
-1.4134 3.4983 3.4802
-1.3810 3.5058 3.4802
-1.3543 3.5280 3.4802
-1.3234 3.5397 3.4802
-1.2870 3.5361 3.4802
-1.2454 3.5170 3.4802
-0.8533 2.4782 3.4802
-0.8040 2.4031 3.4802
-0.7769 2.3910 3.4802
-0.7548 2.3938 3.4802
-0.7277 2.3802 3.4802
-0.7083 2.3913 3.4802
-0.6863 2.3935 3.4802
-0.6668 2.4043 3.4802
-0.6481 2.4187 3.4802
-0.6295 2.4339 3.4802
-0.6150 2.4665 3.4802
-0.7949 3.3109 3.4802
-0.7959 3.4473 3.4802
-0.7978 3.5986 3.4802
-0.7948 3.7395 3.4802
-0.7965 3.9148 3.4802
-0.7993 4.1120 3.4802
-0.8017 4.3253 3.4802
-0.7898 4.4789 3.4802
-0.8521 5.0922 3.4802
-0.8707 5.4975 3.4802
-0.8608 5.7600 3.4802
-0.8302 5.9069 3.4802
-3.3005 2.5286 3.4802
-3.3787 2.6274 3.4802
-3.2450 2.6490 3.4802
-3.3485 2.9043 3.4802
-3.3583 3.0555 3.4802
-3.3469 3.2752 3.4802
-3.3450 3.5043 3.4802
-0.7389 2.3331 3.4802
-0.8665 2.4500 3.4802
-0.8643 2.5013 3.4802
-0.9232 2.5862 3.4802
-0.9188 2.6378 3.4802
-0.9139 2.6896 3.4802
-1.7874 3.2490 3.4802
-0.8705 2.7747 3.4802
-0.8718 2.8312 3.4802
-0.8674 2.8847 3.4802
-0.8658 2.9405 3.4802
-0.8619 2.9954 3.4802
-0.8599 3.0522 3.4802
-0.8573 3.1091 3.4802
-0.8557 3.1673 3.4802
-0.8814 3.2449 3.4802
-0.8800 3.3049 3.4802
-0.8802 3.3669 3.4802
-0.8790 3.4286 3.4802
-0.8786 3.4916 3.4802
-3.2734 5.5576 3.4802
-3.3305 2.5556 3.9152
-3.2931 2.5728 3.9152
-3.2650 2.5971 3.9152
-3.2531 2.6343 3.9152
-3.2570 2.6849 3.9152
-3.2572 2.7331 3.9152
-3.3032 2.8212 3.9152
-3.3011 2.8696 3.9152
-3.2984 2.9182 3.9152
-3.2996 2.9709 3.9152
-3.2934 3.0179 3.9152
-3.2867 3.0649 3.9152
-3.2903 3.1224 3.9152
-3.2888 3.1760 3.9152
-3.2831 3.2263 3.9152
-3.2880 3.2880 3.9152
-3.2838 3.3416 3.9152
-3.2816 3.3982 3.9152
-3.2855 3.4622 3.9152
-3.2866 3.5244 3.9152
-3.2827 3.5824 3.9152
-3.2781 3.6407 3.9152
-3.2813 3.7088 3.9152
-3.2816 3.7751 3.9152
-3.2830 3.8439 3.9152
-3.2801 3.9091 3.9152
-3.2790 3.9777 3.9152
-3.2769 4.0466 3.9152
-3.2670 4.1071 3.9152
-3.2710 4.1867 3.9152
-3.1893 4.1564 3.9152
-3.0193 4.0068 3.9152
-2.9123 3.9357 3.9152
-2.8290 3.8938 3.9152
-2.7339 3.8329 3.9152
-2.6373 3.7665 3.9152
-2.5381 3.6929 3.9152
-2.4783 3.6743 3.9152
-2.4236 3.6616 3.9152
-2.3648 3.6415 3.9152
-2.3002 3.6106 3.9152
-2.2447 3.5923 3.9152
-2.1537 3.5146 3.9152
-2.1147 3.5195 3.9152
-2.0535 3.4862 3.9152
-1.9550 3.3862 3.9152
-1.8993 3.3570 3.9152
-1.8612 3.3577 3.9152
-1.8309 3.3720 3.9152
-1.7976 3.3808 3.9152
-1.7676 3.3955 3.9152
-1.7274 3.3903 3.9152
-1.6978 3.4052 3.9152
-1.6619 3.4073 3.9152
-1.6407 3.4398 3.9152
-1.6114 3.4558 3.9152
-1.5775 3.4615 3.9152
-1.5419 3.4633 3.9152
-1.5184 3.4922 3.9152
-1.4895 3.5090 3.9152
-1.4619 3.5292 3.9152
-1.4317 3.5437 3.9152
-1.4030 3.5616 3.9152
-1.3751 3.5821 3.9152
-1.3448 3.5968 3.9152
-1.3154 3.6141 3.9152
-1.2825 3.6216 3.9152
-0.8357 2.4271 3.9152
-0.8040 2.4031 3.9152
-0.7744 2.3833 3.9152
-0.7518 2.3843 3.9152
-0.7271 2.3783 3.9152
-0.7046 2.3788 3.9152
-0.6861 2.3926 3.9152
-0.6652 2.3985 3.9152
-0.6468 2.4138 3.9152
-0.6307 2.4388 3.9152
-0.6225 2.4966 3.9152
-0.7970 3.3197 3.9152
-0.7975 3.4541 3.9152
-0.7967 3.5937 3.9152
-0.7992 3.7600 3.9152
-0.7987 3.9256 3.9152
-0.8033 4.1327 3.9152
-0.8020 4.3273 3.9152
-0.7915 4.4888 3.9152
-0.8394 5.0162 3.9152
-0.8580 5.4175 3.9152
-0.8341 5.5810 3.9152
-3.3005 2.5286 3.9152
-3.3787 2.6274 3.9152
-3.2515 2.6514 3.9152
-3.3494 2.9047 3.9152
-3.3583 3.0555 3.9152
-3.3478 3.2757 3.9152
-3.3414 3.5026 3.9152
-0.8056 2.3162 3.9152
-0.7398 2.3335 3.9152
-0.8683 2.4510 3.9152
-0.8626 2.5004 3.9152
-0.9214 2.5852 3.9152
-0.9197 2.6383 3.9152
-0.9156 2.6906 3.9152
-1.9052 3.3170 3.9152
-0.8722 2.7757 3.9152
-0.8684 2.8291 3.9152
-0.8683 2.8852 3.9152
-0.8641 2.9395 3.9152
-0.8619 2.9954 3.9152
-0.8599 3.0522 3.9152
-0.8840 3.1267 3.9152
-0.8839 3.1863 3.9152
-0.8822 3.2455 3.9152
-0.8501 3.3454 3.9152
-0.8798 3.4291 3.9152
-0.8786 3.4916 3.9152
-0.8791 3.5561 3.9152
-0.8797 3.6215 3.9152
-3.2655 5.5514 3.9152
-3.2962 2.5753 4.3502
-3.2674 2.5990 4.3502
-3.2656 2.6444 4.3502
-3.2539 2.6823 4.3502
-3.2588 2.7344 4.3502
-3.3047 2.8225 4.3502
-3.2996 2.8683 4.3502
-3.3014 2.9208 4.3502
-3.3025 2.9736 4.3502
-3.2942 3.0185 4.3502
-3.2926 3.0704 4.3502
-3.2888 3.1210 4.3502
-3.2924 3.1795 4.3502
-3.2874 3.2305 4.3502
-3.2789 3.2789 4.3502
-3.2789 3.3366 4.3502
-3.2857 3.4025 4.3502
-3.2896 3.4666 4.3502
-3.2838 3.5215 4.3502
-3.2847 3.5846 4.3502
-3.2761 3.6384 4.3502
-3.2760 3.7028 4.3502
-3.2803 3.7735 4.3502
-3.2680 3.8264 4.3502
-3.2789 3.9076 4.3502
-3.2796 3.9785 4.3502
-3.2756 4.0450 4.3502
-3.2676 4.1079 4.3502
-3.2692 4.1843 4.3502
-3.2739 4.2667 4.3502
-3.2414 4.3015 4.3502
-3.0895 4.1752 4.3502
-2.9901 4.1155 4.3502
-2.9018 4.0681 4.3502
-2.7991 3.9975 4.3502
-2.7142 3.9492 4.3502
-2.6125 3.8733 4.3502
-2.5295 3.8217 4.3502
-2.4509 3.7740 4.3502
-2.3990 3.7657 4.3502
-2.3438 3.7509 4.3502
-2.2807 3.7218 4.3502
-2.2157 3.6875 4.3502
-2.1687 3.6817 4.3502
-2.1370 3.7014 4.3502
-2.0268 3.5824 4.3502
-1.9169 3.4582 4.3502
-1.8838 3.4696 4.3502
-1.8483 3.4762 4.3502
-1.8142 3.4851 4.3502
-1.7796 3.4927 4.3502
-1.7469 3.5037 4.3502
-1.7136 3.5134 4.3502
-1.6846 3.5318 4.3502
-1.6465 3.5310 4.3502
-1.6161 3.5461 4.3502
-1.5863 3.5628 4.3502
-1.5599 3.5875 4.3502
-1.5250 3.5927 4.3502
-1.4944 3.6077 4.3502
-1.4587 3.6105 4.3502
-1.4312 3.6333 4.3502
-1.3976 3.6410 4.3502
-1.3665 3.6549 4.3502
-1.3359 3.6704 4.3502
-1.2765 3.6047 4.3502
-0.8263 2.3997 4.3502
-0.7983 2.3860 4.3502
-0.7691 2.3672 4.3502
-0.7491 2.3757 4.3502
-0.7265 2.3764 4.3502
-0.7058 2.3827 4.3502
-0.6869 2.3955 4.3502
-0.6646 2.3965 4.3502
-0.6496 2.4245 4.3502
-0.6437 2.4891 4.3502
-0.8041 3.2253 4.3502
-0.8003 3.3333 4.3502
-0.8013 3.4707 4.3502
-0.8008 3.6123 4.3502
-0.8009 3.7678 4.3502
-0.8060 3.9618 4.3502
-0.8014 4.1228 4.3502
-0.8029 4.3322 4.3502
-0.7918 4.4907 4.3502
-0.8667 5.1790 4.3502
-0.9267 5.8511 4.3502
-3.3015 2.5289 4.3502
-3.3806 2.6281 4.3502
-3.2300 2.7139 4.3502
-3.3689 2.8397 4.3502
-3.3574 3.0551 4.3502
-3.3469 3.2752 4.3502
-3.3459 3.5048 4.3502
-0.8101 2.3184 4.3502
-0.7451 2.3362 4.3502
-0.8683 2.4510 4.3502
-0.8626 2.5004 4.3502
-0.9575 2.6048 4.3502
-3.3491 4.0674 4.3502
-0.9041 2.7390 4.3502
-0.8990 2.7915 4.3502
-0.8984 2.8471 4.3502
-1.7891 3.4495 4.3502
-0.8667 2.9411 4.3502
-0.8628 2.9960 4.3502
-0.8599 3.0522 4.3502
-0.8840 3.1267 4.3502
-0.8839 3.1863 4.3502
-0.8831 3.2461 4.3502
-0.8808 3.3055 4.3502
-0.8802 3.3669 4.3502
-0.8806 3.4297 4.3502
-0.8786 3.4916 4.3502
-0.8791 3.5561 4.3502
-0.8797 3.6215 4.3502
-0.8794 3.6872 4.3502
-0.8807 3.7550 4.3502
-3.2970 2.5759 4.7852
-3.2619 2.5946 4.7852
-3.2555 2.6362 4.7852
-3.2586 2.6862 4.7852
-3.2633 2.7383 4.7852
-3.3040 2.8219 4.7852
-3.3049 2.8729 4.7852
-3.3021 2.9215 4.7852
-3.3048 2.9756 4.7852
-3.2919 3.0165 4.7852
-3.2889 3.0669 4.7852
-3.2867 3.1189 4.7852
-3.2946 3.1815 4.7852
-3.2874 3.2305 4.7852
-3.2831 3.2831 4.7852
-3.2838 3.3416 4.7852
-3.2830 3.3996 4.7852
-3.2807 3.4571 4.7852
-3.2825 3.5200 4.7852
-3.2753 3.5743 4.7852
-3.2841 3.6474 4.7852
-3.2760 3.7028 4.7852
-3.2770 3.7698 4.7852
-3.2752 3.8347 4.7852
-3.2808 3.9099 4.7852
-3.2752 3.9731 4.7852
-3.2731 4.0419 4.7852
-3.2744 4.1165 4.7852
-3.2716 4.1875 4.7852
-3.2648 4.2548 4.7852
-3.2642 4.3318 4.7852
-3.2691 4.4180 4.7852
-3.2158 4.4261 4.7852
-3.0888 4.3303 4.7852
-2.9683 4.2391 4.7852
-2.8507 4.1478 4.7852
-2.7630 4.0963 4.7852
-2.6885 4.0619 4.7852
-2.5930 3.9929 4.7852
-2.5151 3.9479 4.7852
-2.4482 3.9180 4.7852
-2.3878 3.8966 4.7852
-2.3331 3.8830 4.7852
-2.2717 3.8567 4.7852
-2.2250 3.8538 4.7852
-2.1386 3.7800 4.7852
-2.0837 3.7591 4.7852
-2.0313 3.7411 4.7852
-1.9830 3.7296 4.7852
-1.9324 3.7121 4.7852
-1.8841 3.6977 4.7852
-1.8366 3.6835 4.7852
-1.8004 3.6913 4.7852
-1.7595 3.6889 4.7852
-1.7217 3.6923 4.7852
-1.6824 3.6917 4.7852
-1.6562 3.7200 4.7852
-1.6185 3.7223 4.7852
-1.5871 3.7391 4.7852
-1.5552 3.7546 4.7852
-1.5295 3.7857 4.7852
-1.4924 3.7887 4.7852
-1.4596 3.8025 4.7852
-0.9368 2.5056 4.7852
-0.9166 2.5184 4.7852
-1.3519 3.8177 4.7852
-0.8240 2.3931 4.7852
-0.7983 2.3860 4.7852
-0.7707 2.3719 4.7852
-0.7458 2.3652 4.7852
-0.7265 2.3764 4.7852
-0.7041 2.3769 4.7852
-0.6863 2.3935 4.7852
-0.6684 2.4100 4.7852
-0.6483 2.4196 4.7852
-0.6332 2.4484 4.7852
-0.7115 2.8536 4.7852
-0.8052 3.3537 4.7852
-0.8013 3.4707 4.7852
-0.8023 3.6191 4.7852
-0.8030 3.7776 4.7852
-0.8060 3.9618 4.7852
-0.8039 4.1356 4.7852
-0.8031 4.3332 4.7852
-0.7946 4.5065 4.7852
-0.8678 5.1859 4.7852
-0.9314 5.8807 4.7852
-3.3005 2.5286 4.7852
-3.3787 2.6274 4.7852
-3.2228 2.7821 4.7852
-3.3485 2.9043 4.7852
-3.3574 3.0551 4.7852
-3.3469 3.2752 4.7852
-3.3468 3.5052 4.7852
-0.8074 2.3171 4.7852
-0.7478 2.3376 4.7852
-0.8727 2.4533 4.7852
-0.8643 2.5013 4.7852
-0.9249 2.5872 4.7852
-0.9197 2.6383 4.7852
-0.9165 2.6911 4.7852
-0.8748 2.7772 4.7852
-0.8710 2.8306 4.7852
-0.8691 2.8858 4.7852
-2.0684 3.6919 4.7852
-0.8628 2.9960 4.7852
-0.8607 3.0527 4.7852
-0.8840 3.1267 4.7852
-0.8830 3.1857 4.7852
-0.8831 3.2461 4.7852
-0.8808 3.3055 4.7852
-0.8802 3.3669 4.7852
-0.8798 3.4291 4.7852
-0.8794 3.4922 4.7852
-0.8799 3.5567 4.7852
-0.8797 3.6215 4.7852
-0.8802 3.6878 4.7852
-0.8807 3.7550 4.7852
-0.8812 3.8231 4.7852
-0.8831 3.8934 4.7852
-0.8834 3.9634 4.7852
-3.3002 2.5784 5.2202
-3.2650 2.5971 5.2202
-3.2617 2.6413 5.2202
-3.2624 2.6893 5.2202
-3.2588 2.7344 5.2202
-3.2986 2.8173 5.2202
-3.3026 2.8709 5.2202
-3.3036 2.9228 5.2202
-3.2996 2.9709 5.2202
-3.3023 3.0260 5.2202
-3.2926 3.0704 5.2202
-3.2910 3.1231 5.2202
-3.2924 3.1795 5.2202
-3.2874 3.2305 5.2202
-3.2888 3.2888 5.2202
-3.2957 3.3537 5.2202
-3.2920 3.4090 5.2202
-3.2855 3.4622 5.2202
-3.2797 3.5171 5.2202
-3.2820 3.5817 5.2202
-3.2841 3.6474 5.2202
-3.2753 3.7021 5.2202
-3.2764 3.7690 5.2202
-3.2784 3.8385 5.2202
-3.2718 3.8992 5.2202
-3.2783 3.9770 5.2202
-3.2731 4.0419 5.2202
-3.2763 4.1189 5.2202
-3.2698 4.1851 5.2202
-3.2703 4.2619 5.2202
-3.2697 4.3390 5.2202
-3.2691 4.4180 5.2202
-3.2687 4.4989 5.2202
-3.1869 4.4679 5.2202
-3.0549 4.3628 5.2202
-2.9538 4.2978 5.2202
-2.8597 4.2397 5.2202
-2.7404 4.1402 5.2202
-2.6595 4.0952 5.2202
-2.5828 4.0542 5.2202
-2.4959 3.9943 5.2202
-2.4218 3.9520 5.2202
-2.3403 3.8950 5.2202
-2.2504 3.8205 5.2202
-2.1910 3.7949 5.2202
-2.1351 3.7739 5.2202
-2.0837 3.7591 5.2202
-2.0461 3.7684 5.2202
-1.9915 3.7455 5.2202
-1.9366 3.7201 5.2202
-1.8877 3.7048 5.2202
-1.8450 3.7006 5.2202
-1.7951 3.6806 5.2202
-1.7522 3.6735 5.2202
-1.7154 3.6787 5.2202
-1.6758 3.6772 5.2202
-1.6452 3.6953 5.2202
-1.6137 3.7113 5.2202
-1.5750 3.7106 5.2202
-1.5476 3.7362 5.2202
-1.5115 3.7412 5.2202
-1.4719 3.7366 5.2202
-0.9400 2.4488 5.2202
-0.9235 2.4700 5.2202
-1.3742 3.7757 5.2202
-1.0512 2.9684 5.2202
-0.8253 2.3969 5.2202
-0.8002 2.3917 5.2202
-0.7729 2.3786 5.2202
-0.7518 2.3843 5.2202
-0.7277 2.3802 5.2202
-0.7089 2.3932 5.2202
-0.6896 2.4051 5.2202
-0.6652 2.3985 5.2202
-0.6504 2.4274 5.2202
-0.6302 2.4368 5.2202
-0.6191 2.4830 5.2202
-0.8035 3.3469 5.2202
-0.8033 3.4795 5.2202
-0.8052 3.6318 5.2202
-0.8036 3.7805 5.2202
-0.8056 3.9599 5.2202
-0.8081 4.1572 5.2202
-0.8060 4.3489 5.2202
-0.7920 4.4917 5.2202
-0.8677 5.1849 5.2202
-0.9289 5.8649 5.2202
-3.3005 2.5286 5.2202
-3.3778 2.6271 5.2202
-3.3707 2.8404 5.2202
-3.3547 3.0540 5.2202
-3.1422 3.1087 5.2202
-3.3460 3.2748 5.2202
-3.3432 3.5035 5.2202
-0.8387 2.3327 5.2202
-0.7380 2.3326 5.2202
-0.8753 2.4547 5.2202
-0.9235 2.5328 5.2202
-0.9267 2.5881 5.2202
-0.9223 2.6398 5.2202
-3.3430 4.0640 5.2202
-0.8714 2.7752 5.2202
-0.8718 2.8312 5.2202
-0.8683 2.8852 5.2202
-0.8896 2.9554 5.2202
-0.8897 3.0132 5.2202
-0.8867 3.0696 5.2202
-0.8848 3.1273 5.2202
-0.8839 3.1863 5.2202
-0.8822 3.2455 5.2202
-0.8816 3.3061 5.2202
-0.8802 3.3669 5.2202
-0.8798 3.4291 5.2202
-0.8802 3.4928 5.2202
-0.8791 3.5561 5.2202
-0.8797 3.6215 5.2202
-0.8802 3.6878 5.2202
-0.8807 3.7550 5.2202
-0.8812 3.8231 5.2202
-0.8831 3.8934 5.2202
-3.3065 2.5833 5.6553
-3.2752 2.6052 5.6553
-3.2640 2.6431 5.6553
-3.2624 2.6893 5.6553
-3.2580 2.7338 5.6553
-3.3055 2.8232 5.6553
-3.3071 2.8749 5.6553
-3.3021 2.9215 5.6553
-3.3048 2.9756 5.6553
-3.2971 3.0212 5.6553
-3.2947 3.0724 5.6553
-3.2874 3.1196 5.6553
-3.2895 3.1767 5.6553
-3.2874 3.2305 5.6553
-3.2909 3.2909 5.6553
-3.2859 3.3437 5.6553
-3.2816 3.3982 5.6553
-3.2896 3.4666 5.6553
-3.2886 3.5266 5.6553
-3.2746 3.5736 5.6553
-3.2801 3.6429 5.6553
-3.2760 3.7028 5.6553
-3.2829 3.7766 5.6553
-3.2797 3.8401 5.6553
-3.2801 3.9091 5.6553
-3.2790 3.9777 5.6553
-3.2819 4.0528 5.6553
-3.2757 4.1181 5.6553
-3.2802 4.1985 5.6553
-3.2697 4.2611 5.6553
-3.2715 4.3414 5.6553
-3.2769 4.4284 5.6553
-3.2222 4.4350 5.6553
-3.0876 4.3287 5.6553
-2.9700 4.2416 5.6553
-2.8637 4.1668 5.6553
-2.7540 4.0830 5.6553
-2.6410 3.9901 5.6553
-2.5685 3.9552 5.6553
-2.4958 3.9176 5.6553
-2.4254 3.8815 5.6553
-2.3450 3.8266 5.6553
-2.2466 3.7390 5.6553
-2.1921 3.7214 5.6553
-2.1475 3.7196 5.6553
-2.0854 3.6860 5.6553
-2.0207 3.6454 5.6553
-1.9377 3.5689 5.6553
-1.8892 3.5530 5.6553
-1.8493 3.5525 5.6553
-1.8110 3.5542 5.6553
-1.7687 3.5475 5.6553
-1.7346 3.5565 5.6553
-1.6966 3.5571 5.6553
-1.6600 3.5600 5.6553
-1.6347 3.5871 5.6553
-1.6013 3.5966 5.6553
-1.5719 3.6151 5.6553
-1.5414 3.6314 5.6553
-1.5101 3.6456 5.6553
-1.4763 3.6540 5.6553
-0.9529 2.4191 5.6553
-0.9300 2.4226 5.6553
-1.3746 3.6764 5.6553
-1.3462 3.6986 5.6553
-0.9844 2.7798 5.6553
-0.8325 2.4177 5.6553
-0.8072 2.4125 5.6553
-0.7763 2.3891 5.6553
-0.7515 2.3833 5.6553
-0.7347 2.4032 5.6553
-0.7106 2.3990 5.6553
-0.6891 2.4032 5.6553
-0.6697 2.4149 5.6553
-0.6517 2.4322 5.6553
-0.6312 2.4407 5.6553
-0.6157 2.4694 5.6553
-0.7970 3.3197 5.6553
-0.8053 3.4882 5.6553
-0.8086 3.6474 5.6553
-0.8044 3.7845 5.6553
-0.8068 3.9658 5.6553
-0.8041 4.1366 5.6553
-0.8089 4.3647 5.6553
-0.7948 4.5075 5.6553
-0.9241 5.5222 5.6553
-3.3024 2.5293 5.6553
-3.3740 2.6257 5.6553
-3.3679 2.8393 5.6553
-3.3547 3.0540 5.6553
-3.3432 3.2736 5.6553
-3.3708 3.4394 5.6553
-0.9810 2.4037 5.6553
-0.7344 2.3308 5.6553
-3.3510 3.7434 5.6553
-0.8917 2.5159 5.6553
-0.9258 2.5876 5.6553
-0.9232 2.6403 5.6553
-3.3439 4.0645 5.6553
-0.8774 2.7788 5.6553
-0.8736 2.8322 5.6553
-0.8691 2.8858 5.6553
-0.8904 2.9559 5.6553
-0.8889 3.0126 5.6553
-0.8876 3.0701 5.6553
-0.8856 3.1278 5.6553
-0.8830 3.1857 5.6553
-0.8839 3.2466 5.6553
-0.8824 3.3067 5.6553
-0.8811 3.3675 5.6553
-0.8806 3.4297 5.6553
-0.8794 3.4922 5.6553
-0.8791 3.5561 5.6553
-0.8797 3.6215 5.6553
-0.8802 3.6878 5.6553
-0.8807 3.7550 5.6553
-0.8812 3.8231 5.6553
-0.8823 3.8928 5.6553
-3.3018 2.5796 6.0903
-3.2760 2.6058 6.0903
-3.2609 2.6406 6.0903
-3.2624 2.6893 6.0903
-3.2626 2.7376 6.0903
-3.3108 2.8277 6.0903
-3.3079 2.8755 6.0903
-3.3036 2.9228 6.0903
-3.3018 2.9729 6.0903
-3.3008 3.0246 6.0903
-3.2969 3.0744 6.0903
-3.2845 3.1169 6.0903
-3.2946 3.1815 6.0903
-3.2945 3.2375 6.0903
-3.2866 3.2866 6.0903
-3.2803 3.3380 6.0903
-3.2830 3.3996 6.0903
-3.2862 3.4629 6.0903
-3.2818 3.5193 6.0903
-3.2915 3.5920 6.0903
-3.2781 3.6407 6.0903
-3.2826 3.7103 6.0903
-3.2836 3.7773 6.0903
-3.2849 3.8461 6.0903
-3.2789 3.9076 6.0903
-3.2828 3.9824 6.0903
-3.2788 4.0489 6.0903
-3.2782 4.1212 6.0903
-3.2796 4.1977 6.0903
-3.2770 4.2706 6.0903
-3.2727 4.3430 6.0903
-3.2709 4.4204 6.0903
-3.1852 4.3841 6.0903
-3.0580 4.2871 6.0903
-2.9511 4.2145 6.0903
-2.8553 4.1544 6.0903
-2.7507 4.0780 6.0903
-2.6493 4.0027 6.0903
-2.5587 3.9401 6.0903
-2.4651 3.8695 6.0903
-2.4016 3.8434 6.0903
-2.3115 3.7721 6.0903
-2.2203 3.6952 6.0903
-2.1697 3.6835 6.0903
-2.1200 3.6719 6.0903
-2.0618 3.6442 6.0903
-2.0018 3.6113 6.0903
-1.9344 3.5627 6.0903
-1.8840 3.5433 6.0903
-1.8331 3.5214 6.0903
-1.7887 3.5106 6.0903
-1.7544 3.5189 6.0903
-1.7224 3.5314 6.0903
-1.6880 3.5390 6.0903
-1.6478 3.5337 6.0903
-1.6161 3.5461 6.0903
-1.5741 3.5354 6.0903
-1.5460 3.5554 6.0903
-1.5117 3.5614 6.0903
-1.4791 3.5708 6.0903
-1.4520 3.5938 6.0903
-1.4231 3.6128 6.0903
-0.9744 2.5384 6.0903
-0.9358 2.5028 6.0903
-1.0685 2.9356 6.0903
-1.1616 3.2804 6.0903
-0.8520 2.4744 6.0903
-0.8088 2.4173 6.0903
-0.7806 2.4024 6.0903
-0.7569 2.4005 6.0903
-0.7327 2.3965 6.0903
-0.7103 2.3980 6.0903
-0.6916 2.4118 6.0903
-0.6702 2.4168 6.0903
-0.6520 2.4332 6.0903
-0.6330 2.4475 6.0903
-0.6142 2.4636 6.0903
-0.6574 2.7382 6.0903
-0.8046 3.4853 6.0903
-0.8088 3.6484 6.0903
-0.8063 3.7933 6.0903
-0.8056 3.9599 6.0903
-0.8096 4.1650 6.0903
-0.8062 4.3499 6.0903
-0.7957 4.5124 6.0903
-3.3024 2.5293 6.0903
-3.3731 2.6253 6.0903
-3.3689 2.8397 6.0903
-3.3510 3.0524 6.0903
-3.3688 3.2096 6.0903
-3.3689 3.4385 6.0903
-0.7692 2.3485 6.0903
-0.8727 2.4533 6.0903
-0.8670 2.5028 6.0903
-0.9276 2.5886 6.0903
-0.9214 2.6393 6.0903
-3.3370 4.0605 6.0903
-0.9058 2.7400 6.0903
-0.8990 2.7915 6.0903
-0.8976 2.8466 6.0903
-0.8947 2.9014 6.0903
-0.8904 2.9559 6.0903
-0.8889 3.0126 6.0903
-0.8876 3.0701 6.0903
-0.8856 3.1278 6.0903
-0.8822 3.1852 6.0903
-0.8831 3.2461 6.0903
-0.8816 3.3061 6.0903
-0.8802 3.3669 6.0903
-0.8814 3.4303 6.0903
-0.8802 3.4928 6.0903
-0.8791 3.5561 6.0903
-0.8797 3.6215 6.0903
-0.8802 3.6878 6.0903
-0.8807 3.7550 6.0903
-0.8812 3.8231 6.0903
-0.8823 3.8928 6.0903
-3.3112 2.5870 6.5253
-3.2736 2.6040 6.5253
-3.2679 2.6463 6.5253
-3.2624 2.6893 6.5253
-3.2633 2.7383 6.5253
-3.3062 2.8238 6.5253
-3.3071 2.8749 6.5253
-3.3014 2.9208 6.5253
-3.3129 2.9830 6.5253
-3.3037 3.0273 6.5253
-3.2962 3.0738 6.5253
-3.2932 3.1251 6.5253
-3.2924 3.1795 6.5253
-3.2888 3.2319 6.5253
-3.2951 3.2951 6.5253
-3.2824 3.3402 6.5253
-3.2920 3.4090 6.5253
-3.2883 3.4651 6.5253
-3.2818 3.5193 6.5253
-3.2813 3.5810 6.5253
-3.2834 3.6466 6.5253
-3.2839 3.7118 6.5253
-3.2796 3.7728 6.5253
-3.2778 3.8378 6.5253
-3.2814 3.9107 6.5253
-3.2783 3.9770 6.5253
-3.2762 4.0458 6.5253
-3.2750 4.1173 6.5253
-3.2839 4.2032 6.5253
-3.2733 4.2659 6.5253
-3.2727 4.3430 6.5253
-3.2739 4.4244 6.5253
-3.2087 4.4164 6.5253
-3.0812 4.3197 6.5253
-2.9809 4.2571 6.5253
-2.8932 4.2096 6.5253
-2.7943 4.1427 6.5253
-2.6863 4.0585 6.5253
-2.6017 4.0063 6.5253
-2.5307 3.9724 6.5253
-2.4609 3.9383 6.5253
-2.3873 3.8957 6.5253
-2.3254 3.8701 6.5253
-2.2042 3.7421 6.5253
-2.1395 3.7057 6.5253
-2.0790 3.6746 6.5253
-2.0168 3.6384 6.5253
-1.9635 3.6163 6.5253
-1.8957 3.5653 6.5253
-1.8442 3.5427 6.5253
-1.8051 3.5426 6.5253
-1.7598 3.5296 6.5253
-1.7241 3.5350 6.5253
-1.6859 3.5345 6.5253
-1.6512 3.5409 6.5253
-1.6115 3.5361 6.5253
-1.5810 3.5510 6.5253
-1.5487 3.5619 6.5253
-1.5121 3.5624 6.5253
-1.4825 3.5791 6.5253
-1.4580 3.6086 6.5253
-1.4268 3.6221 6.5253
-1.3890 3.6186 6.5253
-1.0793 2.8868 6.5253
-0.9330 2.5635 6.5253
-1.0895 3.0768 6.5253
-0.8885 2.5803 6.5253
-0.8129 2.4296 6.5253
-0.7834 2.4109 6.5253
-0.7587 2.4062 6.5253
-0.7368 2.4099 6.5253
-0.7163 2.4181 6.5253
-0.6990 2.4378 6.5253
-0.6742 2.4312 6.5253
-0.6533 2.4380 6.5253
-0.6347 2.4543 6.5253
-0.6174 2.4762 6.5253
-0.6245 2.6011 6.5253
-0.8069 3.4951 6.5253
-0.8086 3.6474 6.5253
-0.8079 3.8011 6.5253
-0.8092 3.9775 6.5253
-0.8062 4.1474 6.5253
-0.8080 4.3598 6.5253
-0.7967 4.5183 6.5253
-0.9401 5.6179 6.5253
-0.9272 5.8540 6.5253
-3.3024 2.5293 6.5253
-3.3731 2.6253 6.5253
-3.3633 2.8375 6.5253
-3.3746 2.9884 6.5253
-3.3633 3.2071 6.5253
-3.3662 3.4372 6.5253
-0.8004 2.3644 6.5253
-0.7396 2.3840 6.5253
-0.8573 2.4976 6.5253
-0.9469 2.5991 6.5253
-0.9424 2.6509 6.5253
-0.9136 2.7445 6.5253
-0.8998 2.7920 6.5253
-0.8958 2.8456 6.5253
-0.8939 2.9009 6.5253
-0.8930 2.9575 6.5253
-0.8906 3.0137 6.5253
-0.8876 3.0701 6.5253
-0.8865 3.1284 6.5253
-0.8847 3.1868 6.5253
-0.8831 3.2461 6.5253
-0.8832 3.3072 6.5253
-0.8811 3.3675 6.5253
-0.8798 3.4291 6.5253
-0.8794 3.4922 6.5253
-0.8799 3.5567 6.5253
-0.8797 3.6215 6.5253
-0.8802 3.6878 6.5253
-0.8807 3.7550 6.5253
-0.8812 3.8231 6.5253
-0.8823 3.8928 6.5253
-3.3136 2.5889 6.9603
-3.2783 2.6077 6.9603
-3.2702 2.6482 6.9603
-3.2701 2.6957 6.9603
-3.2649 2.7396 6.9603
-3.3040 2.8219 6.9603
-3.3049 2.8729 6.9603
-3.3081 2.9268 6.9603
-3.3040 2.9750 6.9603
-3.3045 3.0280 6.9603
-3.2969 3.0744 6.9603
-3.2954 3.1272 6.9603
-3.2960 3.1829 6.9603
-3.2959 3.2389 6.9603
-3.2987 3.2987 6.9603
-3.2880 3.3459 6.9603
-3.2857 3.4025 6.9603
-3.2910 3.4680 6.9603
-3.2886 3.5266 6.9603
-3.2840 3.5839 6.9603
-3.2854 3.6488 6.9603
-3.2786 3.7058 6.9603
-3.2823 3.7758 6.9603
-3.2908 3.8530 6.9603
-3.2930 3.9244 6.9603
-3.2834 3.9831 6.9603
-3.2851 4.0567 6.9603
-3.2856 4.1306 6.9603
-3.2827 4.2017 6.9603
-3.2800 4.2746 6.9603
-3.2727 4.3430 6.9603
-3.2793 4.4317 6.9603
-3.2499 4.4731 6.9603
-3.1288 4.3865 6.9603
-3.0428 4.3456 6.9603
-2.9391 4.2764 6.9603
-2.8552 4.2331 6.9603
-2.7553 4.1628 6.9603
-2.6764 4.1212 6.9603
-2.5984 4.0786 6.9603
-2.5182 4.0299 6.9603
-2.4484 3.9955 6.9603
-2.3800 3.9610 6.9603
-2.3220 3.9420 6.9603
-2.2495 3.8962 6.9603
-2.1790 3.8513 6.9603
-2.0692 3.7329 6.9603
-2.0241 3.7279 6.9603
-1.9643 3.6943 6.9603
-1.9019 3.6536 6.9603
-1.8486 3.6282 6.9603
-1.8067 3.6236 6.9603
-1.7640 3.6167 6.9603
-1.7199 3.6058 6.9603
-1.6846 3.6125 6.9603
-1.6472 3.6144 6.9603
-1.6123 3.6213 6.9603
-1.5763 3.6251 6.9603
-1.5371 3.6213 6.9603
-1.5105 3.6466 6.9603
-1.4771 3.6559 6.9603
-1.4455 3.6696 6.9603
-1.4173 3.6923 6.9603
-1.3840 3.7017 6.9603
-1.3513 3.7127 6.9603
-1.0745 3.0344 6.9603
-0.8908 2.5869 6.9603
-0.8526 2.5481 6.9603
-0.7917 2.4366 6.9603
-0.7641 2.4234 6.9603
-0.7412 2.4242 6.9603
-0.7208 2.4335 6.9603
-0.7015 2.4464 6.9603
-0.6780 2.4447 6.9603
-0.6569 2.4515 6.9603
-0.6382 2.4678 6.9603
-0.6205 2.4888 6.9603
-0.6319 2.6322 6.9603
-0.8078 3.4990 6.9603
-0.8097 3.6523 6.9603
-0.8104 3.8128 6.9603
-0.8122 3.9922 6.9603
-0.8065 4.1493 6.9603
-0.8108 4.3745 6.9603
-0.7970 4.5203 6.9603
-0.8416 5.0291 6.9603
-0.8089 5.1073 6.9603
-0.8116 5.4307 6.9603
-0.8061 5.7356 6.9603
-3.3024 2.5293 6.9603
-3.3712 2.6247 6.9603
-3.3624 2.8371 6.9603
-3.3718 2.9872 6.9603
-3.3615 3.2063 6.9603
-3.3608 3.4346 6.9603
-3.3700 3.6737 6.9603
-0.7370 2.3826 6.9603
-0.8926 2.5164 6.9603
-0.8309 2.5361 6.9603
-0.9241 2.6408 6.9603
-0.9383 2.7034 6.9603
-0.8990 2.7915 6.9603
-0.8984 2.8471 6.9603
-0.8947 2.9014 6.9603
-0.8930 2.9575 6.9603
-0.8906 3.0137 6.9603
-0.8884 3.0707 6.9603
-0.8865 3.1284 6.9603
-0.8839 3.1863 6.9603
-0.8831 3.2461 6.9603
-0.8824 3.3067 6.9603
-0.8819 3.3681 6.9603
-0.8806 3.4297 6.9603
-0.8802 3.4928 6.9603
-0.8799 3.5567 6.9603
-0.8797 3.6215 6.9603
-0.8802 3.6878 6.9603
-0.8807 3.7550 6.9603
-0.8812 3.8231 6.9603
-0.8823 3.8928 6.9603
-3.3144 2.5895 7.3953
-3.2776 2.6071 7.3953
-3.2718 2.6494 7.3953
-3.2701 2.6957 7.3953
-3.2656 2.7402 7.3953
-3.2956 2.8147 7.3953
-3.3079 2.8755 7.3953
-3.3081 2.9268 7.3953
-3.3063 2.9770 7.3953
-3.3089 3.0320 7.3953
-3.2947 3.0724 7.3953
-3.2947 3.1265 7.3953
-3.2931 3.1801 7.3953
-3.2924 3.2354 7.3953
-3.2994 3.2994 7.3953
-3.2978 3.3558 7.3953
-3.2857 3.4025 7.3953
-3.2862 3.4629 7.3953
-3.2886 3.5266 7.3953
-3.2867 3.5869 7.3953
-3.2861 3.6496 7.3953
-3.2879 3.7163 7.3953
-3.2908 3.7856 7.3953
-3.2888 3.8507 7.3953
-3.2872 3.9176 7.3953
-3.2815 3.9808 7.3953
-3.2857 4.0575 7.3953
-3.2831 4.1275 7.3953
-3.2839 4.2032 7.3953
-3.2831 4.2786 7.3953
-3.2829 4.3566 7.3953
-3.2769 4.4284 7.3953
-3.2769 4.5103 7.3953
-3.2357 4.5363 7.3953
-3.1340 4.4758 7.3953
-3.0138 4.3852 7.3953
-2.9223 4.3326 7.3953
-2.8309 4.2770 7.3953
-2.7542 4.2412 7.3953
-2.6854 4.2153 7.3953
-2.6056 4.1699 7.3953
-2.5456 4.1541 7.3953
-2.4547 4.0853 7.3953
-2.3951 4.0660 7.3953
-2.3290 4.0339 7.3953
-2.2622 3.9984 7.3953
-2.1875 3.9463 7.3953
-2.1315 3.9257 7.3953
-2.0690 3.8912 7.3953
-1.9657 3.7760 7.3953
-1.9213 3.7707 7.3953
-1.8812 3.7730 7.3953
-1.8368 3.7659 7.3953
-1.7965 3.7665 7.3953
-1.7564 3.7666 7.3953
-1.7148 3.7627 7.3953
-1.6721 3.7556 7.3953
-1.6341 3.7581 7.3953
-1.5938 3.7547 7.3953
-1.5591 3.7639 7.3953
-1.5194 3.7607 7.3953
-1.4847 3.7691 7.3953
-1.4474 3.7707 7.3953
-1.4159 3.7870 7.3953
-1.3821 3.7973 7.3953
-1.0328 2.9165 7.3953
-0.8891 2.5822 7.3953
-0.8567 2.5605 7.3953
-0.8232 2.5336 7.3953
-0.7689 2.4387 7.3953
-0.7476 2.4453 7.3953
-0.7268 2.4536 7.3953
-0.7043 2.4560 7.3953
-0.6828 2.4621 7.3953
-0.6610 2.4670 7.3953
-0.6440 2.4901 7.3953
-0.6244 2.5043 7.3953
-0.8115 3.3800 7.3953
-0.8130 3.5214 7.3953
-0.8108 3.6572 7.3953
-0.8090 3.8060 7.3953
-0.8104 3.9834 7.3953
-0.8127 4.1808 7.3953
-0.8082 4.3607 7.3953
-0.7974 4.5222 7.3953
-0.8398 5.0182 7.3953
-0.8091 5.1083 7.3953
-0.8747 5.8530 7.3953
-0.8254 5.8733 7.3953
-3.3231 2.5366 7.3953
-3.2819 2.5922 7.3953
-3.3794 2.7713 7.3953
-3.3709 2.9868 7.3953
-3.3597 3.2055 7.3953
-3.3608 3.4346 7.3953
-3.3674 3.6723 7.3953
-0.7627 2.3960 7.3953
-0.8352 2.4859 7.3953
-0.9487 2.6000 7.3953
-0.9442 2.6519 7.3953
-0.9417 2.7054 7.3953
-0.9007 2.7925 7.3953
-0.8993 2.8476 7.3953
-0.8956 2.9020 7.3953
-0.8947 2.9585 7.3953
-0.8914 3.0143 7.3953
-0.8901 3.0718 7.3953
-0.8865 3.1284 7.3953
-0.8847 3.1868 7.3953
-0.8831 3.2461 7.3953
-0.8832 3.3072 7.3953
-0.8819 3.3681 7.3953
-0.8806 3.4297 7.3953
-0.8802 3.4928 7.3953
-0.8799 3.5567 7.3953
-0.8797 3.6215 7.3953
-0.8802 3.6878 7.3953
-0.8807 3.7550 7.3953
-0.8812 3.8231 7.3953
-0.8823 3.8928 7.3953
-0.8834 3.9634 7.3953
-3.3175 2.5919 7.8304
-3.2916 2.6183 7.8304
-3.2757 2.6526 7.8304
-3.2663 2.6925 7.8304
-3.2679 2.7421 7.8304
-3.2986 2.8173 7.8304
-3.3117 2.8788 7.8304
-3.3149 2.9328 7.8304
-3.3137 2.9837 7.8304
-3.3111 3.0341 7.8304
-3.3021 3.0792 7.8304
-3.2976 3.1293 7.8304
-3.2946 3.1815 7.8304
-3.2988 3.2417 7.8304
-3.2972 3.2972 7.8304
-3.3006 3.3587 7.8304
-3.3017 3.4190 7.8304
-3.2979 3.4753 7.8304
-3.2920 3.5302 7.8304
-3.2861 3.5861 7.8304
-3.2814 3.6444 7.8304
-3.2886 3.7171 7.8304
-3.2875 3.7818 7.8304
-3.2908 3.8530 7.8304
-3.2904 3.9214 7.8304
-3.2885 3.9893 7.8304
-3.2907 4.0637 7.8304
-3.2844 4.1290 7.8304
-3.2846 4.2040 7.8304
-3.2818 4.2770 7.8304
-3.2769 4.3486 7.8304
-3.2709 4.4204 7.8304
-3.2757 4.5087 7.8304
-3.2734 4.5892 7.8304
-3.2482 4.6389 7.8304
-3.1821 4.6299 7.8304
-3.0800 4.5663 7.8304
-2.9854 4.5105 7.8304
-2.8757 4.4282 7.8304
-2.7768 4.3586 7.8304
-2.6962 4.3149 7.8304
-2.6214 4.2777 7.8304
-2.5500 4.2438 7.8304
-2.4808 4.2116 7.8304
-2.4045 4.1647 7.8304
-2.3425 4.1403 7.8304
-2.2961 4.1422 7.8304
-2.2350 4.1164 7.8304
-2.1530 4.0492 7.8304
-2.0950 4.0244 7.8304
-2.0439 4.0113 7.8304
-1.9878 3.9869 7.8304
-1.9319 3.9610 7.8304
-1.8947 3.9723 7.8304
-1.8536 3.9751 7.8304
-1.8097 3.9711 7.8304
-1.7628 3.9593 7.8304
-1.7262 3.9700 7.8304
-1.6821 3.9628 7.8304
-1.6417 3.9634 7.8304
-1.6011 3.9628 7.8304
-1.5598 3.9599 7.8304
-1.5223 3.9658 7.8304
-1.4849 3.9715 7.8304
-1.4471 3.9758 7.8304
-1.0034 2.8336 7.8304
-0.8924 2.5917 7.8304
-0.8577 2.5633 7.8304
-0.8161 2.5117 7.8304
-0.7752 2.4587 7.8304
-0.7508 2.4558 7.8304
-0.7262 2.4517 7.8304
-0.7045 2.4570 7.8304
-0.6817 2.4582 7.8304
-0.6652 2.4824 7.8304
-0.6753 2.6111 7.8304
-0.8167 3.2757 7.8304
-0.8166 3.4013 7.8304
-0.8186 3.5457 7.8304
-0.8136 3.6699 7.8304
-0.8125 3.8226 7.8304
-0.8158 4.0099 7.8304
-0.8149 4.1925 7.8304
-0.8161 4.4030 7.8304
-0.9249 5.2451 7.8304
-0.8787 5.2510 7.8304
-0.8416 5.3138 7.8304
-0.8101 5.4208 7.8304
-0.8139 5.7911 7.8304
-3.3231 2.5366 7.8304
-3.2838 2.5929 7.8304
-3.3766 2.7702 7.8304
-3.3690 2.9861 7.8304
-3.3551 3.2035 7.8304
-3.3536 3.4312 7.8304
-3.3674 3.6723 7.8304
-0.7973 2.4140 7.8304
-0.7372 2.4337 7.8304
-0.9285 2.5891 7.8304
-0.9485 2.6543 7.8304
-0.9435 2.7064 7.8304
-0.9007 2.7925 7.8304
-0.8993 2.8476 7.8304
-0.8981 2.9035 7.8304
-0.8947 2.9585 7.8304
-0.8931 3.0153 7.8304
-0.8893 3.0712 7.8304
-0.8873 3.1289 7.8304
-0.8855 3.1874 7.8304
-0.8831 3.2461 7.8304
-0.8832 3.3072 7.8304
-0.8819 3.3681 7.8304
-0.8814 3.4303 7.8304
-0.8802 3.4928 7.8304
-0.8799 3.5567 7.8304
-0.8797 3.6215 7.8304
-0.8802 3.6878 7.8304
-0.8799 3.7544 7.8304
-0.8812 3.8231 7.8304
-0.8823 3.8928 7.8304
-0.8834 3.9634 7.8304
-0.8859 4.0363 7.8304
-0.8875 4.1096 7.8304
-3.3230 2.5962 8.2654
-3.2885 2.6158 8.2654
-3.2617 2.6413 8.2654
-3.2740 2.6989 8.2654
-3.2672 2.7415 8.2654
-3.2568 2.7816 8.2654
-3.3056 2.8735 8.2654
-3.3066 2.9255 8.2654
-3.3085 2.9790 8.2654
-3.3074 3.0307 8.2654
-3.3057 3.0826 8.2654
-3.3005 3.1320 8.2654
-3.2982 3.1850 8.2654
-3.3016 3.2445 8.2654
-3.2923 3.2923 8.2654
-3.2936 3.3516 8.2654
-3.2878 3.4046 8.2654
-3.2800 3.4564 8.2654
-3.2627 3.4988 8.2654
-3.1868 3.4777 8.2654
-3.1074 3.4512 8.2654
-3.0268 3.4212 8.2654
-3.0133 3.4664 8.2654
-3.0583 3.5808 8.2654
-2.9960 3.5705 8.2654
-2.9476 3.5757 8.2654
-2.8961 3.5764 8.2654
-2.8412 3.5718 8.2654
-2.7865 3.5665 8.2654
-2.7376 3.5677 8.2654
-2.6925 3.5731 8.2654
-2.6452 3.5748 8.2654
-2.5968 3.5742 8.2654
-2.5470 3.5707 8.2654
-2.4996 3.5699 8.2654
-2.4525 3.5685 8.2654
-2.4001 3.5582 8.2654
-2.3573 3.5615 8.2654
-2.3049 3.5493 8.2654
-2.2545 3.5389 8.2654
-2.2034 3.5262 8.2654
-2.1579 3.5214 8.2654
-2.1111 3.5135 8.2654
-2.0682 3.5111 8.2654
-2.0230 3.5039 8.2654
-1.9830 3.5049 8.2654
-1.9460 3.5107 8.2654
-1.9034 3.5056 8.2654
-1.8638 3.5053 8.2654
-1.8290 3.5134 8.2654
-1.7896 3.5123 8.2654
-1.7464 3.5028 8.2654
-1.7096 3.5053 8.2654
-1.6760 3.5138 8.2654
-1.6326 3.5011 8.2654
-1.5953 3.5006 8.2654
-1.5545 3.4916 8.2654
-1.5216 3.4995 8.2654
-1.4805 3.4878 8.2654
-1.4439 3.4858 8.2654
-1.4055 3.4788 8.2654
-1.3714 3.4816 8.2654
-1.3374 3.4841 8.2654
-1.2965 3.4676 8.2654
-1.1906 3.2711 8.2654
-0.9243 2.6102 8.2654
-0.8881 2.5794 8.2654
-0.8602 2.5709 8.2654
-0.8356 2.5717 8.2654
-0.7875 2.4978 8.2654
-0.7637 2.4979 8.2654
-0.7370 2.4881 8.2654
-0.7194 2.5089 8.2654
-0.6943 2.5035 8.2654
-0.6750 2.5191 8.2654
-0.6547 2.5317 8.2654
-0.6421 2.5752 8.2654
-3.3250 2.5373 8.2654
-3.2829 2.5925 8.2654
-3.3728 2.7688 8.2654
-3.3690 2.9861 8.2654
-3.3597 3.2055 8.2654
-3.0412 3.4308 8.2654
-3.0528 3.5121 8.2654
-2.9314 3.5250 8.2654
-0.7999 2.4671 8.2654
-0.7325 2.4827 8.2654
-0.9485 2.6543 8.2654
-0.9478 2.7088 8.2654
-0.9760 2.7805 8.2654
-1.9665 3.4203 8.2654
-1.8782 3.4358 8.2654
-0.8956 2.9020 8.2654
-0.8963 2.9596 8.2654
-0.8931 3.0153 8.2654
-0.8909 3.0723 8.2654
-0.8890 3.1300 8.2654
-0.8880 3.1891 8.2654
-0.9177 3.2699 8.2654
-0.9479 3.3526 8.2654
-3.1262 5.1547 8.2654
-3.3246 5.3989 8.2654
-3.1021 3.1021 8.7004
-3.0777 3.1319 8.7004
-3.0840 3.4252 8.7004
-3.0693 3.4692 8.7004
-3.0251 3.7357 8.7004
-3.0659 3.8543 8.7004
-3.0106 3.8534 8.7004
-2.9957 3.9041 8.7004
-3.0043 3.9868 8.7004
-2.9533 3.9911 8.7004
-2.9019 3.9941 8.7004
-2.8449 3.9884 8.7004
-2.7985 3.9966 8.7004
-2.7403 3.9871 8.7004
-2.6858 3.9819 8.7004
-2.6454 3.9968 8.7004
-2.5957 3.9971 8.7004
-2.5436 3.9926 8.7004
-2.4933 3.9901 8.7004
-2.4442 3.9887 8.7004
-2.3965 3.9884 8.7004
-2.3499 3.9893 8.7004
-2.2995 3.9829 8.7004
-2.2479 3.9732 8.7004
-2.2006 3.9699 8.7004
-2.1587 3.9758 8.7004
-2.1070 3.9627 8.7004
-2.0733 3.9827 8.7004
-2.0248 3.9739 8.7004
-1.9767 3.9646 8.7004
-1.9402 3.9781 8.7004
-1.8981 3.9795 8.7004
-1.8553 3.9787 8.7004
-1.8081 3.9674 8.7004
-1.7665 3.9675 8.7004
-1.7350 3.9901 8.7004
-1.6899 3.9812 8.7004
-1.6436 3.9681 8.7004
-1.6026 3.9665 8.7004
-1.5642 3.9710 8.7004
-1.5231 3.9677 8.7004
-1.4803 3.9593 8.7004
-1.0924 3.0014 8.7004
-0.8963 2.5310 8.7004
-0.8719 2.5321 8.7004
-0.8510 2.5434 8.7004
-0.8282 2.5488 8.7004
-0.8152 2.5855 8.7004
-0.7856 2.5696 8.7004
-0.7614 2.5706 8.7004
-0.7434 2.5925 8.7004
-0.7181 2.5893 8.7004
-0.6967 2.6003 8.7004
-0.6735 2.6043 8.7004
-0.6505 2.6091 8.7004
-0.6329 2.6361 8.7004
-0.6107 2.6454 8.7004
-0.5868 2.6467 8.7004
-0.5622 2.6449 8.7004
-1.0403 5.1132 8.7004
-1.0025 5.1575 8.7004
-0.9669 5.2172 8.7004
-0.9214 5.2254 8.7004
-0.8810 5.2648 8.7004
-0.8601 5.4303 8.7004
-3.1150 3.0241 8.7004
-3.0951 3.3825 8.7004
-3.0585 3.6680 8.7004
-3.0728 3.7533 8.7004
-2.9410 3.9150 8.7004
-0.6069 2.6194 8.7004
-2.6822 3.9189 8.7004
-1.1181 3.0383 8.7004
-2.4169 3.9097 8.7004
-2.3277 3.9293 8.7004
-2.2060 3.9263 8.7004
-2.0864 3.9226 8.7004
-1.9641 3.9149 8.7004
-1.1072 3.4001 8.7004
-1.7474 3.9124 8.7004
-1.6838 3.9401 8.7004
-1.5610 3.9241 8.7004
-1.4655 3.9258 8.7004
-1.1075 3.7282 8.7004
-1.2732 3.9235 8.7004
-1.1765 3.9193 8.7004
-2.9388 3.4408 9.1354
-2.4572 2.9808 9.1354
-2.4090 2.9749 9.1354
-2.4851 3.1242 9.1354
-2.4626 3.1520 9.1354
-2.5172 3.2805 9.1354
-2.4698 3.2776 9.1354
-2.5476 3.4429 9.1354
-2.5766 3.7490 9.1354
-3.3017 5.3878 9.1354
-3.1742 5.2827 9.1354
-3.1046 5.2706 9.1354
-3.0395 5.2646 9.1354
-2.9865 5.2787 9.1354
-2.9224 5.2722 9.1354
-2.8572 5.2624 9.1354
-2.8027 5.2712 9.1354
-2.7118 5.2094 9.1354
-2.6613 5.2231 9.1354
-2.6406 5.2962 9.1354
-2.5860 5.3020 9.1354
-2.5426 5.3307 9.1354
-2.4334 5.2185 9.1354
-2.3961 5.2578 9.1354
-2.4091 5.4109 9.1354
-1.2465 2.8667 9.1354
-1.1507 2.7109 9.1354
-1.1331 2.7356 9.1354
-1.1107 2.7491 9.1354
-1.1017 2.7968 9.1354
-1.0794 2.8119 9.1354
-1.0594 2.8334 9.1354
-1.0418 2.8623 9.1354
-1.9741 5.5748 9.1354
-1.8251 5.3006 9.1354
-1.8429 5.5079 9.1354
-1.8034 5.5504 9.1354
-1.6385 5.1968 9.1354
-1.6010 5.2367 9.1354
-1.5717 5.3061 9.1354
-1.5320 5.3427 9.1354
-1.4816 5.3424 9.1354
-1.4204 5.3010 9.1354
-1.3693 5.2948 9.1354
-1.3040 5.2299 9.1354
-1.2538 5.2226 9.1354
-1.2044 5.2168 9.1354
-1.1582 5.2242 9.1354
-1.1080 5.2125 9.1354
-1.0608 5.2142 9.1354
-1.0115 5.2036 9.1354
-0.9642 5.2024 9.1354
-0.9170 5.2008 9.1354
-0.8795 5.2559 9.1354
-0.8502 5.3681 9.1354
-0.8415 5.6305 9.1354
-2.9373 3.3791 9.1354
-2.7748 3.3704 9.1354
-2.6973 3.4031 9.1354
-2.5905 3.4192 9.1354
-3.0013 3.7922 9.1354
-3.2211 5.2249 9.1354
-3.0418 5.1858 9.1354
-1.9491 4.4421 9.1354
-2.7864 5.1771 9.1354
-1.8970 5.0757 9.1354
-1.9030 5.1710 9.1354
-1.7287 5.1027 9.1354
-1.6888 5.3391 9.1354
-1.4259 5.1748 9.1354
-1.3233 5.1633 9.1354
-1.2500 5.1796 9.1354
-1.1470 5.1641 9.1354
-1.0453 5.1480 9.1354
-0.9742 5.1626 9.1354
-1.2878 5.8988 9.1354
-3.2614 5.3222 9.5704
-3.1556 5.2519 9.5704
-3.1000 5.2628 9.5704
-3.0360 5.2585 9.5704
-2.9703 5.2500 9.5704
-2.9123 5.2538 9.5704
-2.8510 5.2509 9.5704
-2.7887 5.2447 9.5704
-2.7349 5.2538 9.5704
-2.6722 5.2445 9.5704
-2.5839 5.1826 9.5704
-2.5763 5.2822 9.5704
-2.4935 5.2278 9.5704
-2.4267 5.2040 9.5704
-2.3845 5.2323 9.5704
-2.3269 5.2264 9.5704
-2.2721 5.2254 9.5704
-2.2166 5.2220 9.5704
-2.1625 5.2208 9.5704
-2.1124 5.2284 9.5704
-2.0605 5.2308 9.5704
-2.0026 5.2168 9.5704
-1.9503 5.2163 9.5704
-1.8999 5.2200 9.5704
-1.8476 5.2175 9.5704
-1.7949 5.2126 9.5704
-1.7261 5.1589 9.5704
-1.6888 5.1975 9.5704
-1.6397 5.2006 9.5704
-1.5920 5.2071 9.5704
-1.5982 5.3953 9.5704
-1.4953 5.2148 9.5704
-1.4450 5.2103 9.5704
-1.3958 5.2092 9.5704
-1.3438 5.1960 9.5704
-1.2955 5.1959 9.5704
-1.2482 5.1993 9.5704
-1.1988 5.1924 9.5704
-1.1558 5.2134 9.5704
-1.1071 5.2086 9.5704
-1.0582 5.2014 9.5704
-1.0124 5.2085 9.5704
-0.9644 5.2034 9.5704
-0.9189 5.2116 9.5704
-0.8794 5.2549 9.5704
-0.8527 5.3839 9.5704
-0.8503 5.6898 9.5704
-3.2146 5.2202 9.5704
-3.0371 5.1822 9.5704
-2.9003 5.1720 9.5704
-2.7982 5.1863 9.5704
-2.6635 5.1731 9.5704
-2.4378 5.0837 9.5704
-2.4480 5.1834 9.5704
-2.3175 5.1667 9.5704
-2.2159 5.1722 9.5704
-2.1116 5.1737 9.5704
-2.0101 5.1757 9.5704
-1.9060 5.1737 9.5704
-1.8024 5.1703 9.5704
-1.6963 5.1627 9.5704
-1.5952 5.1578 9.5704
-1.4953 5.1523 9.5704
-1.4231 5.1720 9.5704
-1.3205 5.1605 9.5704
-1.2465 5.1761 9.5704
-1.1456 5.1627 9.5704
-1.0755 5.1799 9.5704
-0.9742 5.1626 9.5704
-3.2586 2.2396 10.0055
-3.1783 2.2255 10.0055
-3.1148 2.2218 10.0055
-3.0718 2.2318 10.0055
-3.2283 2.3888 10.0055
-3.2744 2.4674 10.0055
-3.2892 2.5239 10.0055
-3.2773 2.5605 10.0055
-3.2220 2.5629 10.0055
-3.1886 2.5821 10.0055
-3.2794 2.7033 10.0055
-3.2955 2.7653 10.0055
-3.2796 2.8011 10.0055
-3.3253 2.8906 10.0055
-3.3246 2.9414 10.0055
-3.3204 2.9897 10.0055
-3.3111 3.0341 10.0055
-3.2845 3.0629 10.0055
-3.2584 3.0921 10.0055
-3.1939 3.0843 10.0055
-3.1276 3.0735 10.0055
-3.0766 3.0766 10.0055
-3.0244 3.0777 10.0055
-2.9717 3.0773 10.0055
-2.9138 3.0705 10.0055
-2.8617 3.0688 10.0055
-2.8105 3.0671 10.0055
-2.7602 3.0655 10.0055
-2.7161 3.0700 10.0055
-2.7056 3.1124 10.0055
-2.6738 3.1306 10.0055
-2.6663 3.1776 10.0055
-2.6493 3.2138 10.0055
-2.6343 3.2531 10.0055
-2.6295 3.3057 10.0055
-2.6184 3.3514 10.0055
-2.5958 3.3829 10.0055
-2.5806 3.4245 10.0055
-2.5595 3.4590 10.0055
-2.5328 3.4861 10.0055
-2.4924 3.4942 10.0055
-2.4618 3.5158 10.0055
-2.4299 3.5355 10.0055
-2.3822 3.5317 10.0055
-2.3386 3.5332 10.0055
-2.2859 3.5199 10.0055
-1.5823 2.4838 10.0055
-1.3783 2.2058 10.0055
-1.3496 2.2024 10.0055
-1.3278 2.2098 10.0055
-1.3018 2.2101 10.0055
-1.2810 2.2188 10.0055
-1.2503 2.2098 10.0055
-1.2304 2.2198 10.0055
-1.2001 2.2102 10.0055
-1.1803 2.2197 10.0055
-1.1558 2.2202 10.0055
-1.1300 2.2177 10.0055
-1.1119 2.2302 10.0055
-1.0863 2.2272 10.0055
-1.0612 2.2249 10.0055
-1.0422 2.2350 10.0055
-1.0181 2.2340 10.0055
-1.0010 2.2482 10.0055
-0.9877 2.2716 10.0055
-0.9854 2.3215 10.0055
-0.9977 2.4086 10.0055
-0.9830 2.4329 10.0055
-0.9602 2.4377 10.0055
-0.9343 2.4338 10.0055
-0.9088 2.4307 10.0055
-0.9064 2.4902 10.0055
-0.8996 2.5404 10.0055
-0.8947 2.5983 10.0055
-0.8885 2.6553 10.0055
-0.8847 2.7229 10.0055
-0.8778 2.7839 10.0055
-0.8859 2.8976 10.0055
-0.9000 3.0385 10.0055
-0.9027 3.1481 10.0055
-0.8923 3.2176 10.0055
-0.8867 3.3093 10.0055
-0.8788 3.3982 10.0055
-0.8733 3.5028 10.0055
-0.8679 3.6153 10.0055
-0.8575 3.7143 10.0055
-0.8521 3.8437 10.0055
-0.8556 4.0251 10.0055
-0.8529 4.1921 10.0055
-0.8520 4.3830 10.0055
-0.8476 4.5731 10.0055
-0.8358 4.7399 10.0055
-0.8403 5.0212 10.0055
-0.8477 5.3523 10.0055
-0.8390 5.6137 10.0055
-3.2520 2.1682 10.0055
-3.0563 2.1744 10.0055
-3.0152 2.2274 10.0055
-3.3265 2.3979 10.0055
-3.3318 2.4694 10.0055
-3.3392 2.5423 10.0055
-2.8431 2.4324 10.0055
-3.3368 2.6833 10.0055
-3.3812 2.7720 10.0055
-1.4774 2.1484 10.0055
-1.3467 2.1484 10.0055
-1.2476 2.1596 10.0055
-1.1864 2.1855 10.0055
-1.0776 2.1895 10.0055
-1.4332 2.4031 10.0055
-1.4726 2.5340 10.0055
-1.4710 2.5903 10.0055
-1.4652 2.6451 10.0055
-1.4633 2.7022 10.0055
-1.5442 2.8028 10.0055
-1.5672 2.8750 10.0055
-1.5621 2.9331 10.0055
-1.5853 3.0073 10.0055
-2.0210 3.3160 10.0055
-2.1425 3.4540 10.0055
-1.9967 3.4381 10.0055
-3.3063 4.8202 10.0055
-3.2838 5.2713 10.0055
-3.3238 5.3983 10.0055
-3.0488 2.3820 10.4405
-2.9911 2.3793 10.4405
-2.9205 2.3650 10.4405
-2.8735 2.3688 10.4405
-2.8221 2.3680 10.4405
-2.7770 2.3718 10.4405
-2.7215 2.3657 10.4405
-2.6760 2.3675 10.4405
-2.6344 2.3721 10.4405
-2.5797 2.3639 10.4405
-2.5341 2.3631 10.4405
-2.4880 2.3611 10.4405
-2.4479 2.3639 10.4405
-2.4065 2.3649 10.4405
-2.3540 2.3540 10.4405
-2.3179 2.3587 10.4405
-2.2764 2.3573 10.4405
-2.2351 2.3553 10.4405
-2.1899 2.3484 10.4405
-2.1531 2.3497 10.4405
-2.1205 2.3550 10.4405
-2.0800 2.3510 10.4405
-2.0430 2.3502 10.4405
-2.0139 2.3580 10.4405
-1.9785 2.3579 10.4405
-1.9426 2.3565 10.4405
-1.9131 2.3625 10.4405
-1.8837 2.3682 10.4405
-1.8488 2.3664 10.4405
-1.8165 2.3674 10.4405
-1.7844 2.3680 10.4405
-1.7559 2.3730 10.4405
-1.7287 2.3793 10.4405
-1.6927 2.3731 10.4405
-1.6645 2.3772 10.4405
-1.6363 2.3809 10.4405
-1.6144 2.3934 10.4405
-1.5802 2.3874 10.4405
-1.5511 2.3885 10.4405
-1.5254 2.3944 10.4405
-1.4885 2.3822 10.4405
-1.4541 2.3729 10.4405
-1.4261 2.3735 10.4405
-1.4033 2.3824 10.4405
-1.3820 2.3937 10.4405
-1.3542 2.3935 10.4405
-1.3279 2.3956 10.4405
-1.3088 2.4106 10.4405
-1.2835 2.4140 10.4405
-1.2629 2.4260 10.4405
-1.2376 2.4289 10.4405
-1.2230 2.4530 10.4405
-1.1985 2.4573 10.4405
-1.1753 2.4641 10.4405
-1.1690 2.5068 10.4405
-1.1217 2.4614 10.4405
-1.0909 2.4501 10.4405
-1.0698 2.4605 10.4405
-1.0421 2.4550 10.4405
-1.0195 2.4612 10.4405
-0.9991 2.4728 10.4405
-0.9694 2.4610 10.4405
-0.9472 2.4675 10.4405
-0.9256 2.4756 10.4405
-0.9081 2.4949 10.4405
-0.9023 2.5480 10.4405
-0.8966 2.6040 10.4405
-0.8913 2.6638 10.4405
-0.8900 2.7390 10.4405
-0.8967 2.8440 10.4405
-0.8885 2.9062 10.4405
-0.9060 3.0586 10.4405
-0.9071 3.1635 10.4405
-0.8966 3.2330 10.4405
-0.8888 3.3170 10.4405
-0.8786 3.3972 10.4405
-0.8760 3.5134 10.4405
-0.8696 3.6221 10.4405
-0.8665 3.7533 10.4405
-0.8519 3.8427 10.4405
-0.8522 4.0094 10.4405
-0.8499 4.1774 10.4405
-0.8533 4.3898 10.4405
-0.8490 4.5810 10.4405
-0.8316 4.7162 10.4405
-0.8244 4.9265 10.4405
-0.8781 5.5439 10.4405
-3.1188 2.3284 10.4405
-2.8666 2.3093 10.4405
-2.6680 2.3046 10.4405
-2.4813 2.3008 10.4405
-2.3383 2.3100 10.4405
-2.1620 2.3039 10.4405
-2.0272 2.3112 10.4405
-1.8900 2.3151 10.4405
-1.7735 2.3252 10.4405
-1.6849 2.3452 10.4405
-1.5872 2.3598 10.4405
-1.4777 2.3676 10.4405
-1.4114 2.3932 10.4405
-1.3015 2.3975 10.4405
-1.2091 2.4083 10.4405
-1.1061 2.4124 10.4405
-1.0419 2.4340 10.4405
-0.9688 2.4502 10.4405
-3.3537 3.7448 10.4405
-3.3537 3.9876 10.4405
-3.3345 4.4831 10.4405
-3.3339 4.7483 10.4405
-3.1397 2.5425 10.8755
-3.0711 2.5316 10.8755
-3.0213 2.5352 10.8755
-2.9603 2.5283 10.8755
-2.9237 2.5416 10.8755
-2.8625 2.5325 10.8755
-2.8165 2.5360 10.8755
-2.7523 2.5220 10.8755
-2.6965 2.5145 10.8755
-2.6534 2.5180 10.8755
-2.5997 2.5105 10.8755
-2.5648 2.5205 10.8755
-2.4777 2.4777 10.8755
-2.4294 2.4721 10.8755
-2.3875 2.4724 10.8755
-2.3549 2.4815 10.8755
-2.2881 2.4537 10.8755
-2.2598 2.4662 10.8755
-2.2081 2.4524 10.8755
-2.1734 2.4566 10.8755
-2.1381 2.4596 10.8755
-2.1036 2.4630 10.8755
-2.0511 2.4444 10.8755
-2.0208 2.4515 10.8755
-1.9830 2.4488 10.8755
-1.9572 2.4605 10.8755
-1.9141 2.4499 10.8755
-1.8786 2.4483 10.8755
-1.8434 2.4462 10.8755
-1.8059 2.4405 10.8755
-1.7869 2.4594 10.8755
-1.7589 2.4660 10.8755
-1.7442 2.4910 10.8755
-1.7230 2.5070 10.8755
-1.6860 2.4995 10.8755
-1.6558 2.5017 10.8755
-1.6236 2.5001 10.8755
-1.5979 2.5082 10.8755
-1.5649 2.5043 10.8755
-1.5372 2.5085 10.8755
-1.5070 2.5081 10.8755
-1.4891 2.5280 10.8755
-1.4540 2.5184 10.8755
-1.4231 2.5153 10.8755
-1.3943 2.5154 10.8755
-1.3647 2.5134 10.8755
-1.3319 2.5049 10.8755
-1.3072 2.5111 10.8755
-1.2816 2.5153 10.8755
-1.2494 2.5058 10.8755
-1.2195 2.5004 10.8755
-1.1985 2.5128 10.8755
-1.1715 2.5123 10.8755
-1.1553 2.5352 10.8755
-1.1287 2.5351 10.8755
-1.1049 2.5412 10.8755
-1.0862 2.5590 10.8755
-1.0685 2.5795 10.8755
-1.0519 2.6035 10.8755
-1.0328 2.6219 10.8755
-1.0156 2.6458 10.8755
-0.9998 2.6742 10.8755
-0.9874 2.7129 10.8755
-0.9667 2.7299 10.8755
-0.9448 2.7439 10.8755
-0.9307 2.7814 10.8755
-0.9224 2.8389 10.8755
-0.9159 2.9050 10.8755
-0.9104 2.9779 10.8755
-0.9142 3.0864 10.8755
-0.9670 3.8783 10.8755
-0.9025 3.7592 10.8755
-0.8883 3.8478 10.8755
-0.8668 3.9101 10.8755
-0.8564 4.0290 10.8755
-0.8521 4.1882 10.8755
-0.8459 4.3516 10.8755
-0.8627 4.6547 10.8755
-0.8368 4.7458 10.8755
-0.8929 5.3358 10.8755
-0.8607 5.4343 10.8755
-0.8424 5.6364 10.8755
-2.9305 2.4643 10.8755
-2.7055 2.4472 10.8755
-2.3758 2.3860 10.8755
-2.2747 2.4086 10.8755
-2.1218 2.4087 10.8755
-1.9823 2.4117 10.8755
-1.8174 2.4014 10.8755
-3.3498 3.1262 10.8755
-1.6376 2.4388 10.8755
-1.5488 2.4558 10.8755
-1.4519 2.4677 10.8755
-1.3273 2.4647 10.8755
-1.2373 2.4764 10.8755
-1.1725 2.4992 10.8755
-3.3264 3.6514 10.8755
-3.3259 3.8908 10.8755
-3.3333 4.3958 10.8755
-3.3701 4.6823 10.8755
-3.3501 5.4181 10.8755
-3.0804 2.6309 11.3105
-3.0158 2.6216 11.3105
-2.9778 2.6346 11.3105
-2.9220 2.6310 11.3105
-2.8717 2.6314 11.3105
-2.8260 2.6352 11.3105
-2.7680 2.6268 11.3105
-2.7133 2.6203 11.3105
-2.7096 2.6628 11.3105
-2.6396 2.6396 11.3105
-2.5611 2.6062 11.3105
-2.5035 2.5925 11.3105
-2.4443 2.5758 11.3105
-2.3965 2.5700 11.3105
-2.3497 2.5643 11.3105
-2.3132 2.5691 11.3105
-2.2642 2.5592 11.3105
-2.2286 2.5637 11.3105
-2.1886 2.5626 11.3105
-2.1482 2.5601 11.3105
-2.1080 2.5572 11.3105
-2.0717 2.5584 11.3105
-2.0387 2.5630 11.3105
-2.0052 2.5666 11.3105
-1.9633 2.5586 11.3105
-1.9300 2.5612 11.3105
-1.8933 2.5587 11.3105
-1.8609 2.5613 11.3105
-1.8298 2.5653 11.3105
-1.8039 2.5762 11.3105
-1.7740 2.5812 11.3105
-1.7413 2.5816 11.3105
-1.7231 2.6034 11.3105
-1.6829 2.5915 11.3105
-1.6581 2.6027 11.3105
-1.6221 2.5959 11.3105
-1.5921 2.5980 11.3105
-1.5590 2.5946 11.3105
-1.5394 2.6133 11.3105
-1.5090 2.6137 11.3105
-1.4738 2.6050 11.3105
-1.4447 2.6064 11.3105
-1.4157 2.6075 11.3105
-1.3835 2.6020 11.3105
-1.3548 2.6025 11.3105
-1.3257 2.6017 11.3105
-1.2971 2.6016 11.3105
-1.2629 2.5894 11.3105
-1.2403 2.6003 11.3105
-1.2159 2.6074 11.3105
-1.1910 2.6134 11.3105
-1.1686 2.6246 11.3105
-1.1468 2.6375 11.3105
-1.1261 2.6529 11.3105
-1.1113 2.6829 11.3105
-1.0916 2.7018 11.3105
-1.0676 2.7103 11.3105
-1.0522 2.7410 11.3105
-1.0363 2.7716 11.3105
-1.0155 2.7899 11.3105
-0.9934 2.8053 11.3105
-0.9741 2.8290 11.3105
-0.9640 2.8810 11.3105
-0.9499 2.9235 11.3105
-0.9439 2.9937 11.3105
-0.9432 3.0850 11.3105
-0.9284 3.1344 11.3105
-1.0188 3.9394 11.3105
-0.9948 3.9899 11.3105
-0.9469 3.9439 11.3105
-0.9099 3.9413 11.3105
-0.8833 3.9843 11.3105
-0.8699 4.0926 11.3105
-0.8645 4.2490 11.3105
-0.8636 4.4428 11.3105
-0.8742 4.7167 11.3105
-0.8464 4.8000 11.3105
-0.8427 5.0360 11.3105
-0.8501 5.3671 11.3105
-2.9780 2.5492 11.3105
-2.8192 2.5562 11.3105
-2.5845 2.5307 11.3105
-2.3897 2.5170 11.3105
-2.2373 2.5173 11.3105
-2.0788 2.5124 11.3105
-1.9430 2.5145 11.3105
-1.8304 2.5246 11.3105
-1.7117 2.5300 11.3105
-1.6232 2.5475 11.3105
-1.5340 2.5633 11.3105
-1.4108 2.5610 11.3105
-1.2835 2.5545 11.3105
-1.2191 2.5778 11.3105
-3.2987 3.7162 11.3105
-3.3039 3.8788 11.3105
-3.3188 3.9682 11.3105
-3.3231 4.6518 11.3105
-3.3464 4.7566 11.3105
-3.3272 5.4996 11.3105
-3.0975 2.9912 11.7456
-2.9400 2.8891 11.7456
-2.8666 2.8666 11.7456
-2.8282 2.8780 11.7456
-2.7786 2.8774 11.7456
-2.7238 2.8703 11.7456
-2.6768 2.8706 11.7456
-2.6247 2.8643 11.7456
-2.5681 2.8522 11.7456
-2.5226 2.8513 11.7456
-2.4766 2.8490 11.7456
-2.4283 2.8432 11.7456
-2.3764 2.8321 11.7456
-2.3357 2.8334 11.7456
-2.3052 2.8467 11.7456
-2.2579 2.8385 11.7456
-2.2151 2.8353 11.7456
-2.1721 2.8307 11.7456
-2.1389 2.8384 11.7456
-2.0997 2.8376 11.7456
-2.0625 2.8388 11.7456
-2.0237 2.8372 11.7456
-1.9909 2.8433 11.7456
-1.9547 2.8441 11.7456
-1.9219 2.8494 11.7456
-1.8827 2.8444 11.7456
-1.8540 2.8548 11.7456
-1.8123 2.8448 11.7456
-1.7795 2.8477 11.7456
-1.7509 2.8572 11.7456
-1.7202 2.8629 11.7456
-1.6891 2.8675 11.7456
-1.6575 2.8709 11.7456
-1.6211 2.8652 11.7456
-1.5921 2.8723 11.7456
-1.5579 2.8693 11.7456
-1.5291 2.8758 11.7456
-1.5011 2.8837 11.7456
-1.4727 2.8904 11.7456
-1.4417 2.8915 11.7456
-1.4037 2.8779 11.7456
-1.3798 2.8928 11.7456
-1.3545 2.9047 11.7456
-1.3266 2.9110 11.7456
-1.3020 2.9243 11.7456
-1.2788 2.9410 11.7456
-1.2527 2.9511 11.7456
-1.2280 2.9647 11.7456
-1.2066 2.9865 11.7456
-1.1856 3.0099 11.7456
-1.1579 3.0164 11.7456
-1.1378 3.0432 11.7456
-1.1222 3.0831 11.7456
-1.2020 3.3945 11.7456
-1.0939 3.1769 11.7456
-1.0233 3.0583 11.7456
-0.9910 3.0500 11.7456
-0.9791 3.1053 11.7456
-0.9666 3.1615 11.7456
-0.9810 3.3118 11.7456
-0.9645 3.3635 11.7456
-0.9530 3.4363 11.7456
-0.9553 3.5652 11.7456
-0.9452 3.6548 11.7456
-0.9338 3.7453 11.7456
-0.9242 3.8496 11.7456
-0.9167 3.9706 11.7456
-0.9112 4.1102 11.7456
-0.9057 4.2608 11.7456
-0.9045 4.4459 11.7456
-0.9216 4.7413 11.7456
-0.8899 4.8012 11.7456
-0.8979 5.0924 11.7456
-0.8719 5.2105 11.7456
-0.8565 5.4076 11.7456
-0.8619 5.7670 11.7456
-2.9228 2.8012 11.7456
-2.7545 2.7992 11.7456
-2.5813 2.7920 11.7456
-2.4287 2.7910 11.7456
-2.2731 2.7859 11.7456
-2.1661 2.8007 11.7456
-2.0575 2.8130 11.7456
-1.9455 2.8218 11.7456
-1.8294 2.8267 11.7456
-1.7430 2.8447 11.7456
-1.6524 2.8591 11.7456
-1.5628 2.8727 11.7456
-1.4689 2.8825 11.7456
-1.4112 2.9108 11.7456
-1.3491 2.9358 11.7456
-3.3336 4.3104 11.7456
-1.0857 3.0185 11.7456
-1.0872 3.0788 11.7456
-1.0803 3.1346 11.7456
-3.2906 4.8096 11.7456
-3.2931 5.1825 11.7456
-3.3368 5.3106 11.7456
-2.4151 5.8306 12.1806
-2.3432 5.7995 12.1806
-2.2818 5.7928 12.1806
-2.2219 5.7882 12.1806
-2.1692 5.8017 12.1806
-2.1096 5.7960 12.1806
-2.4009 5.6194 12.1806
-2.2919 5.6189 12.1806
-2.1929 5.6258 12.1806
-2.1197 5.6555 12.1806
-2.0464 5.6844 12.1806
-1.9780 5.7173 12.1806
-1.9123 5.7523 12.1806
-1.8584 5.7987 12.1806
