-3.1958 3.6122 0.0000
-3.1675 3.6437 0.0000
-3.1362 3.6720 0.0000
-3.1220 3.7207 0.0000
-3.1028 3.7640 0.0000
-3.0799 3.8034 0.0000
-2.9881 3.7565 0.0000
-2.9392 3.7620 0.0000
-2.8776 3.7502 0.0000
-2.8285 3.7536 0.0000
-2.7701 3.7436 0.0000
-2.7244 3.7498 0.0000
-2.6683 3.7409 0.0000
-2.6241 3.7476 0.0000
-2.5726 3.7432 0.0000
-2.5236 3.7414 0.0000
-2.4688 3.7300 0.0000
-2.4242 3.7329 0.0000
-2.3792 3.7345 0.0000
-2.3332 3.7340 0.0000
-2.2828 3.7252 0.0000
-2.2461 3.7381 0.0000
-2.1997 3.7343 0.0000
-2.1485 3.7213 0.0000
-2.1046 3.7199 0.0000
-2.0643 3.7241 0.0000
-2.0260 3.7315 0.0000
-1.9760 3.7163 0.0000
-1.9417 3.7299 0.0000
-1.8959 3.7208 0.0000
-1.8499 3.7104 0.0000
-1.8100 3.7111 0.0000
-1.7672 3.7051 0.0000
-1.7277 3.7050 0.0000
-1.6886 3.7054 0.0000
-1.6485 3.7026 0.0000
-1.6101 3.7031 0.0000
-1.5746 3.7096 0.0000
-1.5330 3.7011 0.0000
-1.4977 3.7069 0.0000
-1.4598 3.7059 0.0000
-1.4209 3.7016 0.0000
-1.3802 3.6914 0.0000
-1.3448 3.6949 0.0000
-1.3059 3.6876 0.0000
-1.2710 3.6913 0.0000
-1.2327 3.6842 0.0000
-1.1996 3.6920 0.0000
-1.1613 3.6833 0.0000
-1.1265 3.6846 0.0000
-1.0918 3.6857 0.0000
-1.0562 3.6836 0.0000
-1.0233 3.6897 0.0000
-0.9908 3.6976 0.0000
-0.9575 3.7022 0.0000
-0.9164 3.6755 0.0000
-0.8803 3.6668 0.0000
-0.8528 3.6938 0.0000
-0.7755 3.4981 0.0000
-0.6757 3.1790 0.0000
-0.6458 3.1740 0.0000
-0.6131 3.1540 0.0000
-0.5866 3.1651 0.0000
-0.5586 3.1681 0.0000
-0.5364 3.2054 0.0000
-0.6857 4.3290 0.0000
-0.6860 4.5900 0.0000
-2.3301 4.9079 0.0000
-1.5429 4.5974 0.0000
-1.4437 4.5931 0.0000
-1.3428 4.5853 0.0000
-1.2424 4.5762 0.0000
-1.1418 4.5650 0.0000
-1.0703 4.5789 0.0000
-0.9721 4.5665 0.0000
-0.9026 4.5799 0.0000
-0.7997 4.5594 0.0000
-0.5777 4.8211 0.0000
-3.2172 3.2738 0.5011
-3.1857 3.2989 0.5011
-3.1836 3.3549 0.5011
-3.1426 3.3701 0.5011
-3.1273 3.4129 0.5011
-3.1904 3.5433 0.5011
-3.2038 3.6212 0.5011
-3.2081 3.6905 0.5011
-3.2018 3.7488 0.5011
-3.1953 3.8080 0.5011
-3.1963 3.8774 0.5011
-3.1938 3.9440 0.5011
-3.1891 4.0093 0.5011
-3.1934 4.0874 0.5011
-3.1869 4.1532 0.5011
-3.1806 4.2208 0.5011
-3.1811 4.2990 0.5011
-3.1758 4.3711 0.5011
-3.1689 4.4426 0.5011
-3.1742 4.5332 0.5011
-3.1764 4.6217 0.5011
-3.1164 4.6202 0.5011
-3.0644 4.6297 0.5011
-2.9765 4.5833 0.5011
-2.8805 4.5214 0.5011
-2.7842 4.4556 0.5011
-2.7170 4.4337 0.5011
-2.6437 4.3998 0.5011
-2.5869 4.3917 0.5011
-2.5220 4.3682 0.5011
-2.4675 4.3614 0.5011
-2.4066 4.3416 0.5011
-2.3338 4.2983 0.5011
-2.2755 4.2796 0.5011
-2.2192 4.2630 0.5011
-2.1669 4.2528 0.5011
-2.1083 4.2286 0.5011
-2.0520 4.2073 0.5011
-2.0023 4.1979 0.5011
-1.9529 4.1880 0.5011
-1.9063 4.1831 0.5011
-1.8543 4.1649 0.5011
-1.8099 4.1625 0.5011
-1.7724 4.1754 0.5011
-1.7282 4.1722 0.5011
-1.6797 4.1575 0.5011
-1.6324 4.1441 0.5011
-1.5980 4.1628 0.5011
-1.5514 4.1495 0.5011
-1.5128 4.1563 0.5011
-1.4738 4.1618 0.5011
-1.4348 4.1669 0.5011
-1.3933 4.1641 0.5011
-1.3575 4.1780 0.5011
-1.3192 4.1840 0.5011
-1.2797 4.1857 0.5011
-1.2403 4.1872 0.5011
-1.2018 4.1911 0.5011
-1.1654 4.2024 0.5011
-1.1303 4.2182 0.5011
-1.0922 4.2231 0.5011
-1.0567 4.2383 0.5011
-0.8010 3.3362 0.5011
-0.7579 3.2827 0.5011
-0.7166 3.2325 0.5011
-0.6948 3.2690 0.5011
-0.6539 3.2142 0.5011
-0.6194 3.1864 0.5011
-0.5895 3.1808 0.5011
-0.5678 3.2203 0.5011
-0.5404 3.2291 0.5011
-0.6886 4.3478 0.5011
-0.6941 4.6444 0.5011
-0.8124 5.7802 0.5011
-0.7730 5.8713 0.5011
-3.1531 3.2609 0.5011
-3.0242 3.2740 0.5011
-2.8956 3.2852 0.5011
-2.7378 3.2796 0.5011
-2.5770 3.2696 0.5011
-2.4409 3.2696 0.5011
-2.3035 3.2666 0.5011
-2.1913 3.2747 0.5011
-2.0777 3.2802 0.5011
-1.9339 3.2667 0.5011
-1.8169 3.2660 0.5011
-1.6977 3.2619 0.5011
-1.6073 3.2731 0.5011
-1.4847 3.2630 0.5011
-1.3925 3.2696 0.5011
-1.2988 3.2738 0.5011
-1.1719 3.2548 0.5011
-1.0758 3.2537 0.5011
-1.0132 3.2735 0.5011
-0.9160 3.2687 0.5011
-0.6563 3.1484 0.5011
-0.7532 3.2763 0.5011
-3.2088 3.2653 1.0022
-3.1725 3.2852 1.0022
-3.1444 3.3135 1.0022
-3.1345 3.3613 1.0022
-3.1273 3.4129 1.0022
-3.1810 3.5329 1.0022
-3.2124 3.6309 1.0022
-3.2055 3.6875 1.0022
-3.1992 3.7458 1.0022
-3.1953 3.8080 1.0022
-3.1976 3.8790 1.0022
-3.1976 3.9487 1.0022
-3.1885 4.0085 1.0022
-3.1860 4.0780 1.0022
-3.1814 4.1461 1.0022
-3.1752 4.2136 1.0022
-3.1781 4.2950 1.0022
-3.1552 4.3428 1.0022
-3.0812 4.3197 1.0022
-3.0141 4.3046 1.0022
-2.9402 4.2780 1.0022
-2.8491 4.2239 1.0022
-2.7785 4.1978 1.0022
-2.7172 4.1841 1.0022
-2.6548 4.1672 1.0022
-2.5982 4.1580 1.0022
-2.5430 4.1498 1.0022
-2.4897 4.1435 1.0022
-2.4397 4.1419 1.0022
-2.3695 4.1041 1.0022
-2.2908 4.0489 1.0022
-2.2229 4.0101 1.0022
-2.1529 3.9652 1.0022
-2.0985 3.9468 1.0022
-2.0520 3.9419 1.0022
-2.0085 3.9418 1.0022
-1.9686 3.9485 1.0022
-1.9284 3.9538 1.0022
-1.8835 3.9488 1.0022
-1.8481 3.9633 1.0022
-1.8081 3.9674 1.0022
-1.7661 3.9666 1.0022
-1.7266 3.9709 1.0022
-1.6864 3.9729 1.0022
-1.6486 3.9801 1.0022
-1.6048 3.9721 1.0022
-1.5646 3.9720 1.0022
-1.5202 3.9602 1.0022
-1.4817 3.9631 1.0022
-1.4392 3.9542 1.0022
-1.4003 3.9544 1.0022
-1.3638 3.9608 1.0022
-1.3244 3.9583 1.0022
-1.2892 3.9678 1.0022
-1.2557 3.9827 1.0022
-1.2198 3.9897 1.0022
-1.1843 3.9983 1.0022
-1.1502 4.0113 1.0022
-1.1144 4.0183 1.0022
-1.0829 4.0414 1.0022
-0.8563 3.3111 1.0022
-0.8240 3.3048 1.0022
-0.7872 3.2788 1.0022
-0.7516 3.2554 1.0022
-0.7186 3.2413 1.0022
-0.6899 3.2455 1.0022
-0.6547 3.2181 1.0022
-0.6251 3.2158 1.0022
-0.5935 3.2025 1.0022
-0.5666 3.2134 1.0022
-0.5374 3.2113 1.0022
-0.6586 4.1582 1.0022
-0.6925 4.6335 1.0022
-0.7256 5.1633 1.0022
-0.7249 5.5065 1.0022
-0.7178 5.8461 1.0022
-3.2440 3.2284 1.0022
-3.1993 3.2825 1.0022
-3.1586 3.3382 1.0022
-3.2605 3.4631 1.0022
-3.2474 3.7684 1.0022
-3.2525 4.0128 1.0022
-3.2166 4.4095 1.0022
-2.6551 4.2990 1.0022
-2.3612 4.1828 1.0022
-2.1374 4.1081 1.0022
-0.6858 3.1690 1.0022
-0.6230 3.1834 1.0022
-1.7592 4.0681 1.0022
-1.6632 4.0722 1.0022
-1.5364 4.0514 1.0022
-0.7488 3.5211 1.0022
-0.7486 3.5850 1.0022
-0.7484 3.6498 1.0022
-0.7490 3.7161 1.0022
-0.7496 3.7834 1.0022
-0.7501 3.8516 1.0022
-0.7506 3.9207 1.0022
-0.7524 3.9921 1.0022
-0.7548 4.0652 1.0022
-0.7564 4.1386 1.0022
-3.2242 3.2810 1.5033
-3.1753 3.2881 1.5033
-3.1492 3.3186 1.5033
-3.1358 3.3628 1.5033
-3.1314 3.4173 1.5033
-3.1817 3.5337 1.5033
-3.2024 3.6197 1.5033
-3.2009 3.6822 1.5033
-3.1998 3.7465 1.5033
-3.1914 3.8034 1.5033
-3.1957 3.8766 1.5033
-3.1894 3.9386 1.5033
-3.1817 3.9999 1.5033
-3.1860 4.0780 1.5033
-3.1747 4.1373 1.5033
-3.0903 4.1010 1.5033
-3.0265 4.0900 1.5033
-2.9330 4.0370 1.5033
-2.8646 4.0160 1.5033
-2.7991 3.9975 1.5033
-2.7335 3.9772 1.5033
-2.6741 3.9645 1.5033
-2.6167 3.9535 1.5033
-2.5598 3.9418 1.5033
-2.5054 3.9327 1.5033
-2.4493 3.9197 1.5033
-2.3983 3.9136 1.5033
-2.3450 3.9027 1.5033
-2.2900 3.8877 1.5033
-2.1530 3.7291 1.5033
-2.0898 3.6938 1.5033
-2.0377 3.6760 1.5033
-1.9964 3.6770 1.5033
-1.9525 3.6722 1.5033
-1.9089 3.6669 1.5033
-1.8713 3.6727 1.5033
-1.8307 3.6719 1.5033
-1.7877 3.6653 1.5033
-1.7539 3.6771 1.5033
-1.7213 3.6914 1.5033
-1.6766 3.6790 1.5033
-1.6400 3.6834 1.5033
-1.6074 3.6967 1.5033
-1.5680 3.6940 1.5033
-1.5372 3.7112 1.5033
-1.4966 3.7041 1.5033
-1.4642 3.7170 1.5033
-1.4302 3.7259 1.5033
-1.3991 3.7420 1.5033
-1.3650 3.7503 1.5033
-1.3332 3.7649 1.5033
-1.3013 3.7792 1.5033
-1.2670 3.7867 1.5033
-1.2354 3.8023 1.5033
-1.2037 3.8177 1.5033
-1.1709 3.8300 1.5033
-1.1392 3.8458 1.5033
-1.1039 3.8499 1.5033
-1.0687 3.8536 1.5033
-1.0353 3.8637 1.5033
-1.0035 3.8803 1.5033
-0.9696 3.8889 1.5033
-0.7848 3.2691 1.5033
-0.7486 3.2427 1.5033
-0.7153 3.2267 1.5033
-0.6988 3.2876 1.5033
-0.6603 3.2455 1.5033
-0.6255 3.2178 1.5033
-0.5935 3.2025 1.5033
-0.5677 3.2193 1.5033
-0.5412 3.2340 1.5033
-0.6689 4.2234 1.5033
-0.6963 4.6593 1.5033
-0.7315 5.2048 1.5033
-0.7189 5.4609 1.5033
-0.7234 5.8918 1.5033
-3.2195 3.2172 1.5033
-3.1721 3.2698 1.5033
-3.1307 3.3248 1.5033
-3.0834 3.3768 1.5033
-3.2497 3.9299 1.5033
-2.7952 4.0661 1.5033
-2.6425 4.0507 1.5033
-2.2012 3.8487 1.5033
-2.0802 3.8446 1.5033
-1.9597 3.8387 1.5033
-1.8671 3.8495 1.5033
-1.7748 3.8589 1.5033
-0.6514 3.1449 1.5033
-0.8167 3.3216 1.5033
-0.8159 3.3827 1.5033
-1.3995 3.8771 1.5033
-1.3360 3.9004 1.5033
-0.7488 3.5211 1.5033
-0.7486 3.5850 1.5033
-0.7484 3.6498 1.5033
-0.7490 3.7161 1.5033
-0.7496 3.7834 1.5033
-0.7501 3.8516 1.5033
-0.7513 3.9214 1.5033
-0.7524 3.9921 1.5033
-0.7533 4.0638 1.5033
-3.2340 3.2909 2.0044
-3.1788 3.2917 2.0044
-3.1472 3.3164 2.0044
-3.1379 3.3650 2.0044
-3.1314 3.4173 2.0044
-3.1877 3.5403 2.0044
-3.2011 3.6182 2.0044
-3.1983 3.6792 2.0044
-3.1966 3.7427 2.0044
-3.1902 3.8019 2.0044
-3.1976 3.8790 2.0044
-3.1630 3.9059 2.0044
-3.0808 3.8731 2.0044
-2.9952 3.8337 2.0044
-2.9172 3.8017 2.0044
-2.8568 3.7911 2.0044
-2.7945 3.7765 2.0044
-2.7209 3.7449 2.0044
-2.6556 3.7230 2.0044
-2.5908 3.7001 2.0044
-2.5211 3.6682 2.0044
-2.4638 3.6527 2.0044
-2.4125 3.6449 2.0044
-2.3583 3.6314 2.0044
-2.3120 3.6291 2.0044
-2.2606 3.6178 2.0044
-2.2133 3.6118 2.0044
-2.1256 3.5375 2.0044
-2.0439 3.4698 2.0044
-1.9925 3.4511 2.0044
-1.9456 3.4388 2.0044
-1.8966 3.4215 2.0044
-1.8509 3.4089 2.0044
-1.8079 3.4002 2.0044
-1.7773 3.4141 2.0044
-1.7401 3.4152 2.0044
-1.7067 3.4231 2.0044
-1.6750 3.4343 2.0044
-1.6433 3.4452 2.0044
-1.6043 3.4403 2.0044
-1.5709 3.4469 2.0044
-1.5387 3.4559 2.0044
-1.5125 3.4784 2.0044
-1.4848 3.4979 2.0044
-1.4473 3.4941 2.0044
-1.4160 3.5048 2.0044
-1.3916 3.5328 2.0044
-1.3571 3.5355 2.0044
-1.3238 3.5406 2.0044
-1.2969 3.5633 2.0044
-1.2708 3.5886 2.0044
-1.2420 3.6072 2.0044
-1.2115 3.6207 2.0044
-1.1795 3.6302 2.0044
-1.1508 3.6499 2.0044
-1.1192 3.6607 2.0044
-1.0918 3.6857 2.0044
-1.0595 3.6951 2.0044
-1.0262 3.7003 2.0044
-0.9957 3.7159 2.0044
-0.9637 3.7264 2.0044
-0.9268 3.7172 2.0044
-0.7834 3.2633 2.0044
-0.7486 3.2427 2.0044
-0.7151 3.2257 2.0044
-0.6946 3.2680 2.0044
-0.6563 3.2259 2.0044
-0.6259 3.2197 2.0044
-0.5959 3.2152 2.0044
-0.5682 3.2223 2.0044
-0.5430 3.2449 2.0044
-0.5277 3.3315 2.0044
-0.6953 4.6523 2.0044
-0.7284 5.1831 2.0044
-0.7202 5.4708 2.0044
-3.2422 3.2276 2.0044
-3.1766 3.2719 2.0044
-3.2443 3.5321 2.0044
-3.2554 3.7727 2.0044
-3.2447 4.0083 2.0044
-2.9098 3.8970 2.0044
-2.6705 3.8350 2.0044
-2.0599 3.5450 2.0044
-1.9409 3.5425 2.0044
-1.8513 3.5563 2.0044
-1.7618 3.5687 2.0044
-1.6709 3.5788 2.0044
-1.6094 3.6069 2.0044
-1.5479 3.6342 2.0044
-0.8485 3.2223 2.0044
-0.6842 3.1679 2.0044
-0.6230 3.1834 2.0044
-0.8167 3.3833 2.0044
-1.1722 3.7770 2.0044
-0.7495 3.5217 2.0044
-0.7486 3.5850 2.0044
-0.7492 3.6504 2.0044
-0.7490 3.7161 2.0044
-0.7496 3.7834 2.0044
-0.7501 3.8516 2.0044
-3.2256 3.2824 2.5055
-3.1829 3.2960 2.5055
-3.1492 3.3186 2.5055
-3.1331 3.3598 2.5055
-3.1354 3.4217 2.5055
-3.1831 3.5351 2.5055
-3.2091 3.6272 2.5055
-3.1983 3.6792 2.5055
-3.1966 3.7427 2.5055
-3.1902 3.8019 2.5055
-3.1715 3.8473 2.5055
-3.0579 3.7762 2.5055
-2.9302 3.6837 2.5055
-2.8179 3.6067 2.5055
-2.7486 3.5820 2.5055
-2.6564 3.5252 2.5055
-2.6071 3.5233 2.5055
-2.5428 3.4998 2.5055
-2.4848 3.4836 2.5055
-2.4084 3.4396 2.5055
-2.3438 3.4102 2.5055
-2.2491 3.3344 2.5055
-2.1691 3.2772 2.5055
-2.0936 3.2238 2.5055
-2.0358 3.1956 2.5055
-1.9989 3.1988 2.5055
-1.9656 3.2076 2.5055
-1.9309 3.2135 2.5055
-1.8972 3.2208 2.5055
-1.8635 3.2277 2.5055
-1.8348 3.2429 2.5055
-1.7953 3.2387 2.5055
-1.7617 3.2446 2.5055
-1.7253 3.2448 2.5055
-1.6923 3.2509 2.5055
-1.6643 3.2664 2.5055
-1.6282 3.2656 2.5055
-1.5992 3.2788 2.5055
-1.5727 3.2971 2.5055
-1.5392 3.3008 2.5055
-1.5107 3.3150 2.5055
-1.4866 3.3390 2.5055
-1.4634 3.3656 2.5055
-1.4281 3.3644 2.5055
-1.3999 3.3796 2.5055
-1.3718 3.3953 2.5055
-1.3421 3.4072 2.5055
-1.3141 3.4234 2.5055
-1.2863 3.4404 2.5055
-1.2586 3.4581 2.5055
-1.2284 3.4689 2.5055
-1.2030 3.4937 2.5055
-1.1709 3.4993 2.5055
-1.1440 3.5208 2.5055
-1.1147 3.5354 2.5055
-1.0841 3.5460 2.5055
-1.0540 3.5582 2.5055
-1.0245 3.5730 2.5055
-0.9939 3.5837 2.5055
-0.9623 3.5913 2.5055
-0.9334 3.6093 2.5055
-0.9016 3.6163 2.5055
-0.7827 3.2604 2.5055
-0.7504 3.2505 2.5055
-0.7160 3.2296 2.5055
-0.6892 3.2426 2.5055
-0.6565 3.2269 2.5055
-0.6274 3.2276 2.5055
-0.5977 3.2251 2.5055
-0.5699 3.2321 2.5055
-0.5453 3.2587 2.5055
-0.5345 3.3749 2.5055
-0.6962 4.6583 2.5055
-0.7294 5.1900 2.5055
-0.7443 5.6532 2.5055
-0.7250 5.9047 2.5055
-3.2422 3.2276 2.5055
-3.1775 3.2723 2.5055
-3.2704 3.4680 2.5055
-3.2501 3.7699 2.5055
-2.6654 3.6060 2.5055
-2.0514 3.3332 2.5055
-1.9052 3.3170 2.5055
-1.7873 3.3147 2.5055
-1.6973 3.3271 2.5055
-1.6374 3.3565 2.5055
-1.5460 3.3655 2.5055
-1.4537 3.4378 2.5055
-1.3910 3.4623 2.5055
-1.3282 3.4860 2.5055
-3.2063 4.8428 2.5055
-0.7538 3.2166 2.5055
-0.6222 3.1828 2.5055
-0.8167 3.3833 2.5055
-1.0740 3.6362 2.5055
-1.0101 3.6548 2.5055
-0.7488 3.5211 2.5055
-0.7486 3.5850 2.5055
-0.7484 3.6498 2.5055
-0.7490 3.7161 2.5055
-3.2291 3.2859 3.0066
-3.1829 3.2960 3.0066
-3.1472 3.3164 3.0066
-3.1345 3.3613 3.0066
-3.1354 3.4217 3.0066
-3.1871 3.5396 3.0066
-3.2071 3.6249 3.0066
-3.2003 3.6815 3.0066
-3.1920 3.7374 3.0066
-3.1207 3.7191 3.0066
-2.9450 3.5726 3.0066
-2.8370 3.5034 3.0066
-2.7428 3.4482 3.0066
-2.6572 3.4011 3.0066
-2.5781 3.3599 3.0066
-2.4650 3.2712 3.0066
-2.3769 3.2122 3.0066
-2.3212 3.1948 3.0066
-2.2740 3.1881 3.0066
-2.2215 3.1726 3.0066
-2.1795 3.1712 3.0066
-2.1361 3.1669 3.0066
-2.0769 3.1379 3.0066
-2.0397 3.1408 3.0066
-2.0090 3.1534 3.0066
-1.9771 3.1641 3.0066
-1.9531 3.1872 3.0066
-1.9232 3.2007 3.0066
-1.8850 3.2001 3.0066
-1.8440 3.1939 3.0066
-1.8121 3.2029 3.0066
-1.7705 3.1941 3.0066
-1.7302 3.1866 3.0066
-1.6990 3.1954 3.0066
-1.6683 3.2048 3.0066
-1.6325 3.2041 3.0066
-1.5943 3.1976 3.0066
-1.5667 3.2123 3.0066
-1.5412 3.2313 3.0066
-1.5109 3.2401 3.0066
-1.4821 3.2522 3.0066
-1.4598 3.2787 3.0066
-1.4355 3.3014 3.0066
-1.4008 3.3000 3.0066
-1.3738 3.3167 3.0066
-1.3493 3.3397 3.0066
-1.3238 3.3607 3.0066
-1.2951 3.3740 3.0066
-1.2653 3.3842 3.0066
-1.2367 3.3979 3.0066
-1.2090 3.4142 3.0066
-1.1841 3.4389 3.0066
-1.1572 3.4585 3.0066
-1.1310 3.4809 3.0066
-1.1036 3.5001 3.0066
-1.0730 3.5096 3.0066
-1.0457 3.5304 3.0066
-1.0108 3.5249 3.0066
-0.9824 3.5423 3.0066
-0.9491 3.5421 3.0066
-0.9209 3.5608 3.0066
-0.8842 3.5464 3.0066
-0.7827 3.2604 3.0066
-0.7498 3.2476 3.0066
-0.7175 3.2364 3.0066
-0.6896 3.2445 3.0066
-0.6569 3.2289 3.0066
-0.6270 3.2256 3.0066
-0.5976 3.2241 3.0066
-0.5710 3.2380 3.0066
-0.5458 3.2616 3.0066
-0.5247 3.3127 3.0066
-0.6988 4.6761 3.0066
-0.7574 5.3890 3.0066
-3.2450 3.2288 3.0066
-3.1757 3.2715 3.0066
-3.2416 3.5308 3.0066
-2.1047 3.0946 3.0066
-2.0201 3.1159 3.0066
-3.0376 3.7342 3.0066
-1.8756 3.1682 3.0066
-1.7581 3.1673 3.0066
-1.6982 3.1975 3.0066
-1.6072 3.2087 3.0066
-1.5464 3.2365 3.0066
-3.2386 4.3378 3.0066
-1.4544 3.3083 3.0066
-1.3916 3.3329 3.0066
-1.2976 3.4005 3.0066
-3.2292 4.7682 3.0066
-1.2028 3.4658 3.0066
-0.7169 3.1908 3.0066
-0.6564 3.2072 3.0066
-0.5894 3.2181 3.0066
-0.9767 3.5642 3.0066
-0.9119 3.5808 3.0066
-0.7488 3.5211 3.0066
-0.7486 3.5850 3.0066
-3.1473 5.6582 3.0066
-3.2235 3.2802 3.5077
-3.1899 3.3032 3.5077
-3.1444 3.3135 3.5077
-3.1345 3.3613 3.5077
-3.1347 3.4210 3.5077
-3.1971 3.5507 3.5077
-3.2051 3.6227 3.5077
-3.1668 3.6430 3.5077
-2.9673 3.4743 3.5077
-2.8713 3.4219 3.5077
-2.7930 3.3882 3.5077
-2.6841 3.3145 3.5077
-2.5897 3.2556 3.5077
-2.5057 3.2072 3.5077
-2.4497 3.1925 3.5077
-2.4006 3.1858 3.5077
-2.3513 3.1776 3.5077
-2.3041 3.1713 3.5077
-2.2537 3.1596 3.5077
-2.2088 3.1546 3.5077
-2.1495 3.1276 3.5077
-2.1048 3.1205 3.5077
-2.0549 3.1046 3.5077
-2.0364 3.1358 3.5077
-2.0090 3.1534 3.5077
-1.9835 3.1742 3.5077
-1.9510 3.1838 3.5077
-1.9242 3.2024 3.5077
-1.8809 3.1932 3.5077
-1.8455 3.1965 3.5077
-1.8087 3.1968 3.5077
-1.7710 3.1950 3.5077
-1.7326 3.1910 3.5077
-1.6990 3.1954 3.5077
-1.6595 3.1879 3.5077
-1.6280 3.1951 3.5077
-1.5956 3.2003 3.5077
-1.5610 3.2006 3.5077
-1.5386 3.2258 3.5077
-1.5058 3.2292 3.5077
-1.4792 3.2458 3.5077
-1.4516 3.2604 3.5077
-1.4223 3.2712 3.5077
-1.3953 3.2871 3.5077
-1.3677 3.3019 3.5077
-1.3463 3.3323 3.5077
-1.3135 3.3346 3.5077
-1.2883 3.3562 3.5077
-1.2597 3.3692 3.5077
-1.2347 3.3923 3.5077
-1.2010 3.3916 3.5077
-1.1724 3.4048 3.5077
-1.1442 3.4197 3.5077
-1.1165 3.4362 3.5077
-1.0883 3.4515 3.5077
-1.0584 3.4618 3.5077
-1.0290 3.4738 3.5077
-1.0052 3.5057 3.5077
-0.9776 3.5250 3.5077
-0.9455 3.5285 3.5077
-0.9129 3.5299 3.5077
-0.8779 3.5212 3.5077
-0.7841 3.2662 3.5077
-0.7495 3.2466 3.5077
-0.7171 3.2345 3.5077
-0.6911 3.2514 3.5077
-0.6551 3.2200 3.5077
-0.6236 3.2080 3.5077
-0.5955 3.2133 3.5077
-0.5711 3.2390 3.5077
-0.5432 3.2459 3.5077
-0.5178 3.2692 3.5077
-0.6974 4.6662 3.5077
-0.7333 5.2177 3.5077
-0.7594 5.7682 3.5077
-0.7179 5.8471 3.5077
-3.2431 3.2280 3.5077
-3.1757 3.2715 3.5077
-3.2704 3.4680 3.5077
-2.4899 3.1560 3.5077
-2.2714 3.1139 3.5077
-2.0764 3.0799 3.5077
-2.0201 3.1159 3.5077
-1.9338 3.1349 3.5077
-1.8468 3.1522 3.5077
-1.7294 3.1510 3.5077
-1.6402 3.1640 3.5077
-1.5805 3.1929 3.5077
-1.5182 3.2195 3.5077
-1.4557 3.2452 3.5077
-1.3925 3.2696 3.5077
-1.2676 3.3806 3.5077
-0.8485 3.2223 3.5077
-0.6850 3.1684 3.5077
-0.8176 3.3222 3.5077
-0.8159 3.3827 3.5077
-0.5547 3.2519 3.5077
-0.8464 3.5315 3.5077
-0.7495 3.5217 3.5077
-3.2207 3.2774 4.0088
-3.1836 3.2967 4.0088
-3.1444 3.3135 4.0088
-3.1338 3.3606 4.0088
-3.1428 3.4298 4.0088
-3.1871 3.5396 4.0088
-3.1262 3.5336 4.0088
-3.0310 3.4868 4.0088
-2.8959 3.3907 4.0088
-2.8180 3.3583 4.0088
-2.7428 3.3272 4.0088
-2.6589 3.2834 4.0088
-2.5897 3.2556 4.0088
-2.5020 3.2025 4.0088
-2.4576 3.2028 4.0088
-2.4018 3.1874 4.0088
-2.3650 3.1961 4.0088
-2.3123 3.1827 4.0088
-2.2700 3.1824 4.0088
-2.2249 3.1775 4.0088
-2.1722 3.1605 4.0088
-2.1249 3.1503 4.0088
-2.0797 3.1421 4.0088
-2.0429 3.1459 4.0088
-2.0165 3.1652 4.0088
-1.9877 3.1810 4.0088
-1.9604 3.1991 4.0088
-1.9221 3.1989 4.0088
-1.8840 3.1984 4.0088
-1.8440 3.1939 4.0088
-1.8106 3.2003 4.0088
-1.7705 3.1941 4.0088
-1.7354 3.1963 4.0088
-1.7023 3.2016 4.0088
-1.6651 3.1986 4.0088
-1.6303 3.1996 4.0088
-1.5969 3.2030 4.0088
-1.5597 3.1979 4.0088
-1.5335 3.2150 4.0088
-1.5037 3.2246 4.0088
-1.4751 3.2367 4.0088
-1.4525 3.2623 4.0088
-1.4215 3.2693 4.0088
-1.3883 3.2706 4.0088
-1.3658 3.2973 4.0088
-1.3411 3.3193 4.0088
-1.3110 3.3281 4.0088
-1.2858 3.3497 4.0088
-1.2576 3.3636 4.0088
-1.2306 3.3810 4.0088
-1.2000 3.3888 4.0088
-1.1711 3.4010 4.0088
-1.1480 3.4310 4.0088
-1.1199 3.4466 4.0088
-1.0916 3.4620 4.0088
-1.0634 3.4781 4.0088
-1.0347 3.4930 4.0088
-1.0088 3.5182 4.0088
-0.9792 3.5307 4.0088
-0.9514 3.5507 4.0088
-0.9227 3.5676 4.0088
-0.8557 3.4319 4.0088
-0.7816 3.2555 4.0088
-0.7477 3.2388 4.0088
-0.7162 3.2306 4.0088
-0.6857 3.2259 4.0088
-0.6537 3.2132 4.0088
-0.6239 3.2099 4.0088
-0.5955 3.2133 4.0088
-0.5692 3.2282 4.0088
-0.5405 3.2301 4.0088
-0.6182 3.9033 4.0088
-0.6963 4.6593 4.0088
-0.7213 5.1326 4.0088
-0.7409 5.6274 4.0088
-0.7179 5.8471 4.0088
-3.2440 3.2284 4.0088
-3.1775 3.2723 4.0088
-3.2695 3.4675 4.0088
-2.4075 3.1149 4.0088
-2.1600 3.0572 4.0088
-2.0764 3.0799 4.0088
-2.0201 3.1159 4.0088
-1.9338 3.1349 4.0088
-1.8170 3.1357 4.0088
-1.7285 3.1505 4.0088
-1.6393 3.1635 4.0088
-1.5486 3.1741 4.0088
-1.4864 3.2004 4.0088
-1.4242 3.2259 4.0088
-3.2336 4.4201 4.0088
-1.3300 3.2936 4.0088
-1.2334 3.3580 4.0088
-1.1402 3.4228 4.0088
-0.6858 3.1690 4.0088
-0.6222 3.1828 4.0088
-0.8167 3.3833 4.0088
-0.9116 3.5160 4.0088
-0.8464 3.5315 4.0088
-0.7495 3.5217 4.0088
-3.1722 5.5777 4.0088
-3.2151 3.2717 4.5099
-3.1815 3.2946 4.5099
-3.1437 3.3128 4.5099
-3.1345 3.3613 4.5099
-3.1401 3.4269 4.5099
-3.1837 3.5359 4.5099
-3.1806 3.5950 4.5099
-3.0763 3.5388 4.5099
-2.9797 3.4887 4.5099
-2.8970 3.4526 4.5099
-2.8185 3.4191 4.5099
-2.6859 3.3169 4.5099
-2.6127 3.2846 4.5099
-2.5322 3.2411 4.5099
-2.4661 3.2139 4.5099
-2.4145 3.2041 4.5099
-2.3650 3.1961 4.5099
-2.3159 3.1875 4.5099
-2.2659 3.1767 4.5099
-2.2140 3.1619 4.5099
-2.1501 3.1284 4.5099
-2.1199 3.1429 4.5099
-2.0863 3.1521 4.5099
-2.0576 3.1685 4.5099
-2.0315 3.1889 4.5099
-1.9983 3.1980 4.5099
-1.9646 3.2059 4.5099
-1.9386 3.2264 4.5099
-1.8967 3.2199 4.5099
-1.8540 3.2112 4.5099
-1.8156 3.2090 4.5099
-1.7822 3.2151 4.5099
-1.7440 3.2121 4.5099
-1.7117 3.2192 4.5099
-1.6729 3.2136 4.5099
-1.6371 3.2130 4.5099
-1.6072 3.2236 4.5099
-1.5738 3.2267 4.5099
-1.5455 3.2403 4.5099
-1.5189 3.2573 4.5099
-1.4900 3.2695 4.5099
-1.4602 3.2796 4.5099
-1.4303 3.2895 4.5099
-1.4055 3.3111 4.5099
-1.3845 3.3426 4.5099
-1.3508 3.3434 4.5099
-1.3271 3.3690 4.5099
-1.2926 3.3674 4.5099
-1.2688 3.3936 4.5099
-1.2378 3.4007 4.5099
-1.2107 3.4190 4.5099
-1.1841 3.4389 4.5099
-1.1588 3.4633 4.5099
-1.1295 3.4761 4.5099
-1.1024 3.4963 4.5099
-1.0759 3.5192 4.5099
-1.0500 3.5448 4.5099
-1.0201 3.5576 4.5099
-0.9904 3.5712 4.5099
-0.9625 3.5923 4.5099
-0.9357 3.6180 4.5099
-0.8441 3.3854 4.5099
-0.7811 3.2535 4.5099
-0.7464 3.2330 4.5099
-0.7203 3.2491 4.5099
-0.6815 3.2064 4.5099
-0.6509 3.1995 4.5099
-0.6234 3.2070 4.5099
-0.5970 3.2211 4.5099
-0.5675 3.2184 4.5099
-0.5417 3.2370 4.5099
-0.7021 4.4327 4.5099
-0.6984 4.6731 4.5099
-3.2440 3.2284 4.5099
-3.1739 3.2706 4.5099
-2.6484 3.1646 4.5099
-2.4612 3.1417 4.5099
-2.2438 3.0998 4.5099
-2.1047 3.0946 4.5099
-2.0493 3.1314 4.5099
-1.9628 3.1507 4.5099
-1.8468 3.1522 4.5099
-1.7285 3.1505 4.5099
-1.6090 3.1460 4.5099
-1.5495 3.1747 4.5099
-1.4864 3.2004 4.5099
-1.3925 3.2696 4.5099
-1.2994 3.3375 4.5099
-1.2350 3.3591 4.5099
-0.8485 3.2223 4.5099
-0.6866 3.1696 4.5099
-0.6230 3.1834 4.5099
-1.0101 3.5238 4.5099
-0.7809 3.4821 4.5099
-0.7805 3.5454 4.5099
-0.7809 3.6102 4.5099
-3.1651 5.5721 4.5099
-3.2060 3.2624 5.0110
-3.1767 3.2895 5.0110
-3.1417 3.3106 5.0110
-3.1270 3.3533 5.0110
-3.1374 3.4239 5.0110
-3.1764 3.5277 5.0110
-3.1998 3.6167 5.0110
-3.2035 3.6852 5.0110
-3.1940 3.7397 5.0110
-3.1593 3.7651 5.0110
-3.0436 3.6922 5.0110
-2.9383 3.6285 5.0110
-2.8480 3.5804 5.0110
-2.7699 3.5453 5.0110
-2.7029 3.5225 5.0110
-2.6588 3.5284 5.0110
-2.5928 3.5040 5.0110
-2.5345 3.4885 5.0110
-2.4628 3.4527 5.0110
-2.4010 3.4290 5.0110
-2.3245 3.3822 5.0110
-2.2608 3.3518 5.0110
-2.2066 3.3339 5.0110
-2.1546 3.3178 5.0110
-2.1003 3.2968 5.0110
-2.0370 3.2599 5.0110
-1.9996 3.2631 5.0110
-1.9711 3.2804 5.0110
-1.9286 3.2742 5.0110
-1.8975 3.2866 5.0110
-1.8648 3.2960 5.0110
-1.8229 3.2886 5.0110
-1.7855 3.2885 5.0110
-1.7525 3.2960 5.0110
-1.7228 3.3094 5.0110
-1.6957 3.3279 5.0110
-1.6665 3.3426 5.0110
-1.6369 3.3561 5.0110
-1.5993 3.3531 5.0110
-1.5683 3.3633 5.0110
-1.5422 3.3841 5.0110
-1.5135 3.3993 5.0110
-1.4786 3.4005 5.0110
-1.4543 3.4261 5.0110
-1.4255 3.4415 5.0110
-1.3943 3.4510 5.0110
-1.3656 3.4667 5.0110
-1.3346 3.4767 5.0110
-1.3066 3.4947 5.0110
-1.2754 3.5041 5.0110
-1.2454 3.5170 5.0110
-1.2199 3.5429 5.0110
-1.1921 3.5629 5.0110
-1.1625 3.5779 5.0110
-1.1361 3.6031 5.0110
-1.1057 3.6167 5.0110
-1.0764 3.6339 5.0110
-1.0447 3.6432 5.0110
-1.0147 3.6589 5.0110
-0.9835 3.6705 5.0110
-0.9534 3.6867 5.0110
-0.8194 3.2864 5.0110
-0.7771 3.2370 5.0110
-0.7477 3.2388 5.0110
-0.7205 3.2501 5.0110
-0.6824 3.2103 5.0110
-0.6513 3.2014 5.0110
-0.6226 3.2030 5.0110
-0.5945 3.2074 5.0110
-0.5689 3.2262 5.0110
-0.5732 3.4254 5.0110
-0.7138 4.5068 5.0110
-0.6983 4.6721 5.0110
-3.2213 3.2180 5.0110
-3.1739 3.2706 5.0110
-2.5167 3.1693 5.0110
-2.2438 3.0998 5.0110
-2.1331 3.1094 5.0110
-2.0766 3.1459 5.0110
-1.9910 3.1659 5.0110
-1.8756 3.1682 5.0110
-1.7877 3.1840 5.0110
-1.6679 3.1800 5.0110
-1.6089 3.2097 5.0110
-1.5482 3.2375 5.0110
-1.4552 3.3088 5.0110
-1.3932 3.3339 5.0110
-1.3296 3.3572 5.0110
-1.2345 3.4228 5.0110
-0.8163 3.2002 5.0110
-0.6514 3.1449 5.0110
-0.8477 3.3437 5.0110
-1.0097 3.5886 5.0110
-0.7817 3.4827 5.0110
-0.7805 3.5454 5.0110
-0.7809 3.6102 5.0110
-0.7813 3.6759 5.0110
-3.2053 3.2617 5.5121
-3.1732 3.2859 5.5121
-3.1410 3.3099 5.5121
-3.1290 3.3555 5.5121
-3.1280 3.4136 5.5121
-3.1677 3.5180 5.5121
-3.1912 3.6070 5.5121
-3.1944 3.6747 5.5121
-3.1816 3.7252 5.5121
-3.1747 3.7835 5.5121
-3.1823 3.8604 5.5121
-3.1812 3.9285 5.5121
-3.1487 3.9584 5.5121
-3.0469 3.8999 5.5121
-2.9708 3.8716 5.5121
-2.9116 3.8638 5.5121
-2.8551 3.8585 5.5121
-2.7790 3.8250 5.5121
-2.7148 3.8060 5.5121
-2.6465 3.7796 5.5121
-2.5828 3.7580 5.5121
-2.5259 3.7448 5.5121
-2.4749 3.7391 5.5121
-2.4149 3.7187 5.5121
-2.3050 3.6181 5.5121
-2.2447 3.5923 5.5121
-2.1966 3.5845 5.5121
-2.1462 3.5718 5.5121
-2.1017 3.5680 5.5121
-2.0550 3.5594 5.5121
-1.9958 3.5276 5.5121
-1.9523 3.5221 5.5121
-1.9067 3.5118 5.5121
-1.8652 3.5080 5.5121
-1.8290 3.5134 5.5121
-1.7937 3.5204 5.5121
-1.7540 3.5180 5.5121
-1.7206 3.5278 5.5121
-1.6820 3.5264 5.5121
-1.6503 3.5391 5.5121
-1.6173 3.5488 5.5121
-1.5806 3.5500 5.5121
-1.5479 3.5600 5.5121
-1.5184 3.5771 5.5121
-1.4829 3.5800 5.5121
-1.4509 3.5910 5.5121
-1.4165 3.5961 5.5121
-1.3855 3.6092 5.5121
-1.3550 3.6240 5.5121
-1.3233 3.6357 5.5121
-1.2928 3.6509 5.5121
-1.2622 3.6658 5.5121
-1.2318 3.6814 5.5121
-1.1990 3.6901 5.5121
-1.1652 3.6957 5.5121
-1.1373 3.7200 5.5121
-1.1028 3.7231 5.5121
-1.0717 3.7374 5.5121
-1.0390 3.7466 5.5121
-1.0076 3.7603 5.5121
-0.9752 3.7709 5.5121
-0.8133 3.2621 5.5121
-0.7788 3.2438 5.5121
-0.7441 3.2232 5.5121
-0.7201 3.2481 5.5121
-0.6815 3.2064 5.5121
-0.6519 3.2044 5.5121
-0.6226 3.2030 5.5121
-0.5966 3.2192 5.5121
-0.5710 3.2380 5.5121
-0.7102 4.2440 5.5121
-0.7152 4.5157 5.5121
-0.6978 4.6691 5.5121
-0.7560 5.3791 5.5121
-0.7060 5.3627 5.5121
-0.6719 5.4719 5.5121
-0.6635 5.8233 5.5121
-3.2431 3.2280 5.5121
-3.1739 3.2706 5.5121
-3.2328 3.6038 5.5121
-2.9163 3.5924 5.5121
-2.6580 3.5281 5.5121
-2.1074 3.2967 5.5121
-1.9635 3.2835 5.5121
-1.8758 3.3000 5.5121
-1.7873 3.3147 5.5121
-1.6973 3.3271 5.5121
-1.6374 3.3565 5.5121
-1.5765 3.3846 5.5121
-1.5155 3.4119 5.5121
-1.4537 3.4378 5.5121
-1.3606 3.5078 5.5121
-0.8171 3.2008 5.5121
-0.6883 3.1707 5.5121
-0.6214 3.1823 5.5121
-1.1387 3.6172 5.5121
-1.0740 3.6362 5.5121
-0.7817 3.4827 5.5121
-0.7813 3.5460 5.5121
-0.7809 3.6102 5.5121
-0.7813 3.6759 5.5121
-0.7817 3.7426 5.5121
-3.1704 3.2831 6.0133
-3.1375 3.3063 6.0133
-3.1242 3.3503 6.0133
-3.1138 3.3981 6.0133
-3.1503 3.4987 6.0133
-3.1885 3.6040 6.0133
-3.1891 3.6686 6.0133
-3.1784 3.7214 6.0133
-3.1728 3.7812 6.0133
-3.1740 3.8504 6.0133
-3.1667 3.9106 6.0133
-3.1636 3.9772 6.0133
-3.1651 4.0512 6.0133
-3.1619 4.1207 6.0133
-3.1613 4.1952 6.0133
-3.1145 4.2090 6.0133
-3.0383 4.1818 6.0133
-2.9749 4.1707 6.0133
-2.8943 4.1334 6.0133
-2.8269 4.1132 6.0133
-2.7546 4.0838 6.0133
-2.6901 4.0644 6.0133
-2.6159 4.0281 6.0133
-2.5516 4.0053 6.0133
-2.4890 3.9833 6.0133
-2.4364 3.9759 6.0133
-2.3702 3.9447 6.0133
-2.3149 3.9299 6.0133
-2.2385 3.8772 6.0133
-2.1859 3.8635 6.0133
-2.0973 3.7836 6.0133
-1.9783 3.6436 6.0133
-1.9338 3.6369 6.0133
-1.9015 3.6527 6.0133
-1.8595 3.6496 6.0133
-1.8160 3.6424 6.0133
-1.7829 3.6554 6.0133
-1.7474 3.6636 6.0133
-1.7074 3.6615 6.0133
-1.6696 3.6635 6.0133
-1.6326 3.6670 6.0133
-1.6006 3.6811 6.0133
-1.5696 3.6977 6.0133
-1.5338 3.7029 6.0133
-1.4954 3.7013 6.0133
-1.4642 3.7170 6.0133
-1.4256 3.7138 6.0133
-1.3900 3.7177 6.0133
-1.3606 3.7381 6.0133
-1.3262 3.7451 6.0133
-1.2932 3.7556 6.0133
-1.2600 3.7658 6.0133
-1.2253 3.7709 6.0133
-1.1950 3.7901 6.0133
-1.1604 3.7956 6.0133
-1.1284 3.8094 6.0133
-1.0951 3.8191 6.0133
-1.0628 3.8324 6.0133
-1.0309 3.8473 6.0133
-0.9998 3.8658 6.0133
-0.8129 3.2602 6.0133
-0.7776 3.2390 6.0133
-0.7432 3.2193 6.0133
-0.7257 3.2735 6.0133
-0.6805 3.2015 6.0133
-0.6499 3.1946 6.0133
-0.6220 3.2001 6.0133
-0.5954 3.2123 6.0133
-0.6203 3.5177 6.0133
-0.7155 4.2755 6.0133
-0.7218 4.5572 6.0133
-0.7000 4.6840 6.0133
-0.6998 4.9791 6.0133
-0.7221 5.4847 6.0133
-0.7231 5.8888 6.0133
-0.6771 5.9426 6.0133
-3.2195 3.2172 6.0133
-3.1730 3.2702 6.0133
-3.2408 3.6079 6.0133
-3.2301 3.8387 6.0133
-2.9871 3.8626 6.0133
-2.6266 3.7335 6.0133
-2.2982 3.6157 6.0133
-2.0299 3.5270 6.0133
-1.9102 3.5237 6.0133
-1.7910 3.5187 6.0133
-1.7002 3.5295 6.0133
-1.6399 3.5587 6.0133
-1.5477 3.5661 6.0133
-1.4857 3.5923 6.0133
-0.8180 3.2013 6.0133
-0.6883 3.1707 6.0133
-0.8493 3.3448 6.0133
-1.2350 3.6872 6.0133
-0.8135 3.4434 6.0133
-1.1067 3.7276 6.0133
-0.7813 3.5460 6.0133
-0.7817 3.6109 6.0133
-0.7813 3.6759 6.0133
-0.7817 3.7426 6.0133
-0.7828 3.8107 6.0133
-3.1015 3.1561 6.5144
-3.1725 3.2852 6.5144
-3.1341 3.3026 6.5144
-3.1195 3.3452 6.5144
-3.1104 3.3944 6.5144
-3.1429 3.4906 6.5144
-3.1826 3.5972 6.5144
-3.1806 3.6588 6.5144
-3.1719 3.7138 6.5144
-3.1767 3.7858 6.5144
-3.1747 3.8512 6.5144
-3.1680 3.9122 6.5144
-3.1605 3.9733 6.5144
-3.1639 4.0496 6.5144
-3.1619 4.1207 6.5144
-3.1595 4.1928 6.5144
-3.1549 4.2637 6.5144
-3.1576 4.3460 6.5144
-3.1503 4.4166 6.5144
-3.1512 4.5004 6.5144
-3.1209 4.5409 6.5144
-3.0219 4.4801 6.5144
-2.9203 4.4121 6.5144
-2.8103 4.3275 6.5144
-2.7381 4.2979 6.5144
-2.6560 4.2504 6.5144
-2.5838 4.2163 6.5144
-2.5165 4.1881 6.5144
-2.4468 4.1539 6.5144
-2.3725 4.1093 6.5144
-2.2976 4.0611 6.5144
-2.2224 4.0093 6.5144
-2.1582 3.9749 6.5144
-2.0948 3.9397 6.5144
-2.0372 3.9135 6.5144
-1.9830 3.8919 6.5144
-1.9173 3.8455 6.5144
-1.8727 3.8396 6.5144
-1.8297 3.8360 6.5144
-1.7746 3.8056 6.5144
-1.7376 3.8127 6.5144
-1.6961 3.8095 6.5144
-1.6564 3.8095 6.5144
-1.6192 3.8146 6.5144
-1.5782 3.8101 6.5144
-1.5408 3.8135 6.5144
-1.5049 3.8203 6.5144
-1.4740 3.8398 6.5144
-1.4394 3.8497 6.5144
-1.4050 3.8603 6.5144
-1.3736 3.8790 6.5144
-1.3352 3.8776 6.5144
-1.3051 3.9005 6.5144
-1.2741 3.9212 6.5144
-1.2398 3.9322 6.5144
-1.2052 3.9419 6.5144
-1.1701 3.9503 6.5144
-1.1354 3.9594 6.5144
-1.1029 3.9769 6.5144
-1.0674 3.9835 6.5144
-1.0203 3.9452 6.5144
-0.8119 3.2563 6.5144
-0.7764 3.2341 6.5144
-0.7444 3.2242 6.5144
-0.7127 3.2149 6.5144
-0.6761 3.1809 6.5144
-0.6493 3.1916 6.5144
-0.6243 3.2119 6.5144
-0.5983 3.2280 6.5144
-0.7224 4.0968 6.5144
-0.7289 4.3554 6.5144
-0.7202 4.5473 6.5144
-0.7002 4.6850 6.5144
-0.7158 5.0929 6.5144
-0.6730 5.1119 6.5144
-0.6809 5.5454 6.5144
-3.2204 3.2176 6.5144
-3.1694 3.2685 6.5144
-3.2444 3.6097 6.5144
-3.2371 3.8426 6.5144
-3.0354 3.8111 6.5144
-3.2150 4.1557 6.5144
-2.8294 4.0870 6.5144
-1.9445 3.6146 6.5144
-1.8546 3.6278 6.5144
-1.7640 3.6393 6.5144
-1.6737 3.6494 6.5144
-1.6118 3.6773 6.5144
-0.8188 3.2019 6.5144
-0.6891 3.1713 6.5144
-0.8493 3.3448 6.5144
-1.3312 3.7571 6.5144
-0.8143 3.4440 6.5144
-1.2042 3.8011 6.5144
-0.7813 3.5460 6.5144
-0.7817 3.6109 6.5144
-0.7813 3.6759 6.5144
-0.7817 3.7426 6.5144
-0.7828 3.8107 6.5144
-0.7831 3.8792 6.5144
-0.7848 3.9499 6.5144
-3.1663 3.2788 7.0155
-3.1396 3.3084 7.0155
-3.1126 3.3379 7.0155
-3.1138 3.3981 7.0155
-3.1389 3.4861 7.0155
-3.1706 3.5838 7.0155
-3.1727 3.6498 7.0155
-3.1784 3.7214 7.0155
-3.1779 3.7873 7.0155
-3.1689 3.8442 7.0155
-3.1655 3.9090 7.0155
-3.1624 3.9756 7.0155
-3.1694 4.0567 7.0155
-3.1583 4.1159 7.0155
-3.1433 4.1713 7.0155
-3.1193 4.2154 7.0155
-3.1059 4.2748 7.0155
-3.0499 4.2757 7.0155
-2.9941 4.2760 7.0155
-2.9357 4.2714 7.0155
-2.8877 4.2812 7.0155
-2.8375 4.2870 7.0155
-2.7755 4.2739 7.0155
-2.7118 4.2566 7.0155
-2.6560 4.2504 7.0155
-2.6047 4.2504 7.0155
-2.5500 4.2438 7.0155
-2.5067 4.2556 7.0155
-2.4455 4.2357 7.0155
-2.3745 4.1969 7.0155
-2.3062 4.1606 7.0155
-2.2488 4.1419 7.0155
-2.1962 4.1304 7.0155
-2.1365 4.1042 7.0155
-2.0779 4.0781 7.0155
-2.0275 4.0666 7.0155
-1.9797 4.0590 7.0155
-1.9326 4.0517 7.0155
-1.8857 4.0439 7.0155
-1.8466 4.0521 7.0155
-1.8023 4.0479 7.0155
-1.7625 4.0534 7.0155
-1.7208 4.0539 7.0155
-1.6819 4.0605 7.0155
-1.6415 4.0629 7.0155
-1.6020 4.0669 7.0155
-1.5661 4.0797 7.0155
-1.5273 4.0848 7.0155
-1.4953 4.1083 7.0155
-1.4521 4.1005 7.0155
-1.4113 4.0988 7.0155
-1.3723 4.1015 7.0155
-1.3362 4.1124 7.0155
-1.2997 4.1220 7.0155
-1.2572 4.1121 7.0155
-1.2198 4.1181 7.0155
-1.1841 4.1296 7.0155
-1.1462 4.1330 7.0155
-1.1088 4.1380 7.0155
-1.0381 4.0139 7.0155
-0.8100 3.2486 7.0155
-0.7732 3.2205 7.0155
-0.7441 3.2232 7.0155
-0.7019 3.1661 7.0155
-0.6726 3.1643 7.0155
-0.6462 3.1759 7.0155
-0.6184 3.1815 7.0155
-0.6012 3.2438 7.0155
-0.7191 4.0781 7.0155
-3.2422 3.2276 7.0155
-3.1694 3.2685 7.0155
-3.2381 3.3761 7.0155
-3.0813 3.5266 7.0155
-3.2147 3.9105 7.0155
-3.2150 4.1557 7.0155
-2.5700 4.1627 7.0155
-1.9897 3.8586 7.0155
-1.8348 3.8277 7.0155
-0.7182 3.1328 7.0155
-0.8521 3.2854 7.0155
-0.8493 3.3448 7.0155
-1.4922 3.8741 7.0155
-0.8143 3.4440 7.0155
-1.3679 3.9244 7.0155
-0.7813 3.5460 7.0155
-0.7817 3.6109 7.0155
-0.7813 3.6759 7.0155
-0.7817 3.7426 7.0155
-0.7820 3.8101 7.0155
-0.7831 3.8792 7.0155
-0.7848 3.9499 7.0155
-0.7856 4.0210 7.0155
-2.0479 3.4767 7.5166
-2.0015 3.4667 7.5166
-1.9638 3.4710 7.5166
-1.9228 3.4687 7.5166
-1.8829 3.4678 7.5166
-1.8586 3.4956 7.5166
-1.8521 3.5578 7.5166
-2.0407 4.0051 7.5166
-2.6089 5.2327 7.5166
-2.4461 5.0153 7.5166
-2.1224 4.4497 7.5166
-2.0894 4.4808 7.5166
-2.0590 4.5180 7.5166
-2.0406 4.5833 7.5166
-2.0392 4.6898 7.5166
-2.0767 4.8925 7.5166
-1.9444 4.6942 7.5166
-1.9498 4.8260 7.5166
-1.7500 4.4427 7.5166
-1.7123 4.4606 7.5166
-1.9160 5.1245 7.5166
-1.8849 5.1786 7.5166
-1.8259 5.1562 7.5166
-1.7753 5.1559 7.5166
-1.7163 5.1295 7.5166
-1.1152 3.4324 7.5166
-1.5691 4.9765 7.5166
-1.4695 4.8064 7.5166
-1.3477 4.5496 7.5166
-1.2624 4.4026 7.5166
-1.2111 4.3672 7.5166
-1.1621 4.3370 7.5166
-1.1217 4.3373 7.5166
-0.9024 3.6192 7.5166
-0.8369 3.4859 7.5166
-0.8566 3.7104 7.5166
-0.8506 3.8368 7.5166
-0.9129 4.2950 7.5166
-0.8806 4.3283 7.5166
-0.8315 4.2779 7.5166
-0.8000 4.3165 7.5166
-3.1922 3.2047 7.5166
-3.1476 3.2584 7.5166
-3.2534 3.3834 7.5166
-3.2417 3.6083 7.5166
-3.2138 3.9100 7.5166
-2.9098 3.8970 7.5166
-2.7971 3.9096 7.5166
-2.6162 3.8793 7.5166
-2.4712 3.8675 7.5166
-2.3202 3.8493 7.5166
-2.1700 3.8288 7.5166
-2.0483 3.8239 7.5166
-1.8638 3.7752 7.5166
-0.8515 3.1645 7.5166
-0.7207 3.1345 7.5166
-0.6571 3.1489 7.5166
-1.4599 3.7804 7.5166
-1.3644 3.7812 7.5166
-0.8151 3.4446 7.5166
-1.1403 3.7529 7.5166
-0.7821 3.5466 7.5166
-0.8140 3.6361 7.5166
-0.8478 3.7289 7.5166
-2.5945 3.3813 8.0177
-2.5589 3.3958 8.0177
-2.5375 3.4293 8.0177
-2.5063 3.4496 8.0177
-2.4831 3.4812 8.0177
-2.4589 3.5117 8.0177
-2.4327 3.5396 8.0177
-2.3749 3.5209 8.0177
-2.3248 3.5123 8.0177
-2.2902 3.5266 8.0177
-2.2959 3.6038 8.0177
-2.2818 3.6517 8.0177
-2.2509 3.6732 8.0177
-2.2090 3.6764 8.0177
-2.2027 3.7395 8.0177
-2.2290 3.8607 8.0177
-2.2085 3.9035 8.0177
-2.2602 4.0775 8.0177
-2.3056 4.2464 8.0177
-2.3126 4.3494 8.0177
-2.2967 4.4120 8.0177
-2.2364 4.3891 8.0177
-2.2109 4.4344 8.0177
-2.1603 4.4293 8.0177
-1.6131 3.3820 8.0177
-2.0062 4.3022 8.0177
-1.5402 3.3796 8.0177
-1.5013 3.3719 8.0177
-1.6580 3.8131 8.0177
-1.4387 3.3893 8.0177
-1.6210 3.9136 8.0177
-1.6108 3.9869 8.0177
-1.6185 4.1087 8.0177
-1.6399 4.2721 8.0177
-1.6330 4.3677 8.0177
-1.5907 4.3705 8.0177
-1.5455 4.3644 8.0177
-1.5018 4.3617 8.0177
-1.4577 4.3566 8.0177
-1.4125 4.3473 8.0177
-1.3667 4.3346 8.0177
-1.3239 4.3301 8.0177
-1.2886 4.3502 8.0177
-1.3625 4.7515 8.0177
-1.4703 5.3019 8.0177
-1.4207 5.3020 8.0177
-1.3723 5.3064 8.0177
-1.3185 5.2881 8.0177
-1.2653 5.2702 8.0177
-1.2170 5.2713 8.0177
-1.1668 5.2632 8.0177
-1.1146 5.2438 8.0177
-1.0696 5.2573 8.0177
-1.0481 5.3921 8.0177
-1.0407 5.6154 8.0177
-3.0376 3.7342 8.0177
-3.0625 3.8261 8.0177
-3.0570 3.9820 8.0177
-3.0902 4.3305 8.0177
-2.8761 4.3615 8.0177
-2.8236 4.4105 8.0177
-2.7019 4.4126 8.0177
-2.6129 4.4350 8.0177
-2.4920 4.4337 8.0177
-2.2952 4.3762 8.0177
-1.0101 3.5238 8.0177
-2.0732 4.3755 8.0177
-1.9789 4.3848 8.0177
-1.8809 4.3898 8.0177
-1.7825 4.3927 8.0177
-1.0130 3.8602 8.0177
-1.5899 4.3971 8.0177
-1.4595 4.3686 8.0177
-1.3614 4.3645 8.0177
-0.8509 4.0064 8.0177
-1.1954 4.3772 8.0177
-1.1286 4.3958 8.0177
-0.9600 4.3219 8.0177
-0.9612 4.3994 8.0177
-2.5516 5.5990 8.5188
-2.3103 5.1889 8.5188
-2.2617 5.2016 8.5188
-2.2049 5.1944 8.5188
-2.1495 5.1894 8.5188
-2.1004 5.1987 8.5188
-2.0410 5.1815 8.5188
-1.9947 5.1963 8.5188
-1.9261 5.1517 8.5188
-1.8880 5.1871 8.5188
-1.8109 5.1138 8.5188
-1.7555 5.0982 8.5188
-1.7296 5.1693 8.5188
-1.6879 5.1947 8.5188
-1.6355 5.1873 8.5188
-1.5855 5.1860 8.5188
-1.5377 5.1911 8.5188
-1.5069 5.2552 8.5188
-1.4452 5.2113 8.5188
-1.3953 5.2073 8.5188
-1.3455 5.2028 8.5188
-1.2955 5.1959 8.5188
-1.2461 5.1905 8.5188
-1.1994 5.1953 8.5188
-1.1512 5.1929 8.5188
-1.1028 5.1881 8.5188
-1.0559 5.1897 8.5188
-1.0100 5.1958 8.5188
-0.9597 5.1778 8.5188
-0.9130 5.1781 8.5188
-0.8667 5.1790 8.5188
-0.8205 5.1804 8.5188
-0.7764 5.1953 8.5188
-0.7670 5.4574 8.5188
-3.0363 5.1816 8.5188
-2.8995 5.1714 8.5188
-2.7643 5.1599 8.5188
-1.7901 4.4784 8.5188
-1.5845 4.3927 8.5188
-2.3824 5.1293 8.5188
-2.3083 5.1590 8.5188
-1.6418 4.6819 8.5188
-1.9101 4.9985 8.5188
-1.9981 5.1651 8.5188
-2.3452 5.5692 8.5188
-1.6881 5.0656 8.5188
-1.6130 5.0850 8.5188
-1.8230 5.3740 8.5188
-1.8529 5.4975 8.5188
-1.8906 5.8315 8.5188
-3.0606 2.3912 9.0199
-2.9997 2.3861 9.0199
-2.9392 2.3801 9.0199
-2.8928 2.3847 9.0199
-2.8336 2.3777 9.0199
-2.9162 2.4906 9.0199
-3.1305 2.7213 9.0199
-3.0947 2.7379 9.0199
-2.8827 2.5956 9.0199
-2.7869 2.5537 9.0199
-2.7484 2.5629 9.0199
-2.8282 2.6839 9.0199
-3.1104 3.0037 9.0199
-3.1390 3.0847 9.0199
-3.1417 3.1417 9.0199
-3.1422 3.1975 9.0199
-3.1086 3.2190 9.0199
-3.1196 3.2874 9.0199
-3.1283 3.3547 9.0199
-3.1260 3.4114 9.0199
-3.0164 3.3501 9.0199
-2.9818 3.3703 9.0199
-2.9431 3.3856 9.0199
-2.9517 3.4560 9.0199
-3.0404 3.6234 9.0199
-3.0169 3.6598 9.0199
-3.1756 3.9215 9.0199
-3.1736 3.9897 9.0199
-3.1725 4.0606 9.0199
-3.1790 4.1429 9.0199
-3.1770 4.2160 9.0199
-3.1746 4.2902 9.0199
-2.8972 3.9876 9.0199
-2.8472 3.9916 9.0199
-2.7882 3.9819 9.0199
-2.7437 3.9921 9.0199
-2.6864 3.9827 9.0199
-2.6813 4.0510 9.0199
-2.6676 4.1078 9.0199
-2.6752 4.1992 9.0199
-2.6793 4.2877 9.0199
-2.6757 4.3664 9.0199
-2.7076 4.5061 9.0199
-2.8123 4.7743 9.0199
-1.3515 2.3409 9.0199
-1.3310 2.3526 9.0199
-1.3046 2.3536 9.0199
-1.2793 2.3561 9.0199
-1.2530 2.3566 9.0199
-1.2259 2.3550 9.0199
-1.1985 2.3523 9.0199
-1.1708 2.3483 9.0199
-1.1485 2.3548 9.0199
-1.1219 2.3521 9.0199
-1.0963 2.3510 9.0199
-1.0757 2.3604 9.0199
-1.0510 2.3606 9.0199
-1.0284 2.3651 9.0199
-1.0057 2.3694 9.0199
-0.9804 2.3670 9.0199
-0.9597 2.3754 9.0199
-0.9445 2.3977 9.0199
-0.9275 2.4161 9.0199
-0.9098 2.4335 9.0199
-0.8958 2.4611 9.0199
-0.8866 2.5037 9.0199
-0.8810 2.5586 9.0199
-0.8675 2.5927 9.0199
-0.8603 2.6477 9.0199
-0.8552 2.7124 9.0199
-0.8692 2.8431 9.0199
-0.8614 2.9081 9.0199
-0.8567 2.9876 9.0199
-0.8496 3.0634 9.0199
-0.8417 3.1412 9.0199
-0.8355 3.2307 9.0199
-0.8269 3.3165 9.0199
-0.8157 3.3975 9.0199
-0.8067 3.4941 9.0199
-0.7961 3.5908 9.0199
-0.7882 3.7082 9.0199
-0.7783 3.8256 9.0199
-0.7707 3.9648 9.0199
-0.7566 4.0825 9.0199
-0.7495 4.2504 9.0199
-0.7412 4.4294 9.0199
-0.7434 4.6935 9.0199
-0.7759 5.1913 9.0199
-0.7565 5.3831 9.0199
-0.7736 2.8272 9.0199
-0.7946 2.8960 9.0199
-0.7911 2.9503 9.0199
-0.7903 3.0070 9.0199
-0.7889 3.0638 9.0199
-0.7860 3.1203 9.0199
-0.7842 3.1781 9.0199
-0.7850 3.2990 9.0199
-0.7827 3.3586 9.0199
-0.7822 3.4202 9.0199
-0.7817 3.4827 9.0199
-0.7813 3.5460 9.0199
-0.7809 3.6102 9.0199
-0.7813 3.6759 9.0199
-0.7817 3.7426 9.0199
-0.7828 3.8107 9.0199
-0.7838 3.8799 9.0199
-2.1315 5.1001 9.0199
-0.7517 3.9915 9.0199
-0.7533 4.0638 9.0199
-0.7556 4.1379 9.0199
-0.7584 4.2137 9.0199
-0.7602 4.2898 9.0199
-0.7640 4.3690 9.0199
-0.7681 4.4500 9.0199
-1.4238 5.1727 9.0199
-0.7322 4.5722 9.0199
-0.7376 4.6582 9.0199
-0.7420 4.7448 9.0199
-0.7802 4.8687 9.0199
-0.9722 5.1604 9.0199
-0.7520 5.0113 9.0199
-0.8272 5.1834 9.0199
-2.9230 2.4965 9.5210
-2.8558 2.4825 9.5210
-2.7966 2.4742 9.5210
-2.7578 2.4831 9.5210
-2.7235 2.4956 9.5210
-2.6643 2.4845 9.5210
-2.6186 2.4850 9.5210
-2.5716 2.4834 9.5210
-2.5235 2.4798 9.5210
-2.4763 2.4763 9.5210
-2.4301 2.4728 9.5210
-2.3827 2.4673 9.5210
-2.3438 2.4699 9.5210
-2.2929 2.4588 9.5210
-2.2544 2.4603 9.5210
-2.2162 2.4613 9.5210
-2.1707 2.4536 9.5210
-2.1322 2.4528 9.5210
-2.0958 2.4538 9.5210
-2.0569 2.4513 9.5210
-2.0195 2.4499 9.5210
-1.9830 2.4488 9.5210
-1.9447 2.4449 9.5210
-1.9172 2.4539 9.5210
-1.8884 2.4610 9.5210
-1.8524 2.4582 9.5210
-1.8160 2.4542 9.5210
-1.7869 2.4594 9.5210
-1.7508 2.4546 9.5210
-1.7219 2.4591 9.5210
-1.6862 2.4534 9.5210
-1.6580 2.4581 9.5210
-1.6293 2.4616 9.5210
-1.6012 2.4657 9.5210
-1.5732 2.4695 9.5210
-1.5331 2.4534 9.5210
-1.5111 2.4658 9.5210
-1.4766 2.4575 9.5210
-1.4516 2.4643 9.5210
-1.4265 2.4708 9.5210
-1.3990 2.4727 9.5210
-1.3715 2.4743 9.5210
-1.3442 2.4756 9.5210
-1.3159 2.4749 9.5210
-1.2823 2.4632 9.5210
-1.2562 2.4654 9.5210
-1.2293 2.4655 9.5210
-1.2020 2.4645 9.5210
-1.1813 2.4767 9.5210
-1.1597 2.4869 9.5210
-1.1305 2.4806 9.5210
-1.1092 2.4912 9.5210
-1.0874 2.5008 9.5210
-1.0671 2.5139 9.5210
-1.0493 2.5333 9.5210
-1.0302 2.5498 9.5210
-1.0152 2.5773 9.5210
-0.9981 2.6000 9.5210
-0.9809 2.6236 9.5210
-0.9580 2.6321 9.5210
-0.9407 2.6564 9.5210
-0.9272 2.6928 9.5210
-0.9138 2.7312 9.5210
-0.9332 2.8722 9.5210
-0.9205 2.9193 9.5210
-0.9113 2.9808 9.5210
-0.8969 3.0280 9.5210
-0.8812 3.0732 9.5210
-0.8680 3.1299 9.5210
-0.8559 3.1943 9.5210
-0.8438 3.2627 9.5210
-0.8329 3.3407 9.5210
-0.8299 3.4568 9.5210
-0.8213 3.5574 9.5210
-0.8138 3.6709 9.5210
-0.8109 3.8148 9.5210
-0.7993 3.9285 9.5210
-0.7699 3.9609 9.5210
-0.7517 4.0559 9.5210
-0.7519 4.2642 9.5210
-0.7455 4.4551 9.5210
-0.7448 4.7024 9.5210
-0.7362 4.9263 9.5210
-0.6974 4.9622 9.5210
-0.6862 5.2120 9.5210
-0.6858 5.5851 9.5210
-0.6600 5.7925 9.5210
-2.9517 2.3386 9.5210
-2.7114 2.3200 9.5210
-2.5048 2.3093 9.5210
-2.3617 2.3187 9.5210
-2.1601 2.3032 9.5210
-1.9993 2.3002 9.5210
-1.8613 2.3035 9.5210
-1.7190 2.3026 9.5210
-1.6011 2.3096 9.5210
-1.4789 2.3127 9.5210
-1.3809 2.3245 9.5210
-1.2494 2.3194 9.5210
-1.1547 2.3290 9.5210
-1.0529 2.3338 9.5210
-3.1706 3.4193 9.5210
-3.1987 3.5093 9.5210
-3.2002 3.6649 9.5210
-3.2055 3.8254 9.5210
-3.1913 4.0595 9.5210
-3.2179 4.2408 9.5210
-3.2149 4.5815 9.5210
-3.1448 5.8609 9.5210
-3.0637 5.8963 9.5210
-2.9313 2.8307 10.0221
-2.8616 2.8120 10.0221
-2.8016 2.8016 10.0221
-2.7511 2.7995 10.0221
-2.6772 2.7723 10.0221
-2.5793 2.7180 10.0221
-2.5834 2.7704 10.0221
-2.5409 2.7729 10.0221
-2.4952 2.7712 10.0221
-2.4550 2.7749 10.0221
-2.4051 2.7668 10.0221
-2.3484 2.7496 10.0221
-2.2549 2.6873 10.0221
-2.2155 2.6876 10.0221
-2.1712 2.6812 10.0221
-2.1352 2.6843 10.0221
-2.0957 2.6824 10.0221
-2.0631 2.6887 10.0221
-2.0191 2.6794 10.0221
-1.9843 2.6817 10.0221
-1.9426 2.6738 10.0221
-1.9105 2.6784 10.0221
-1.8716 2.6729 10.0221
-1.8357 2.6710 10.0221
-1.8023 2.6720 10.0221
-1.7805 2.6901 10.0221
-1.7379 2.6762 10.0221
-1.7059 2.6778 10.0221
-1.6889 2.7027 10.0221
-1.6793 2.7404 10.0221
-1.6507 2.7472 10.0221
-1.6236 2.7564 10.0221
-1.5875 2.7496 10.0221
-1.5625 2.7616 10.0221
-1.5262 2.7533 10.0221
-1.4930 2.7498 10.0221
-1.4342 2.6974 10.0221
-1.3986 2.6868 10.0221
-1.3992 2.7461 10.0221
-1.3734 2.7546 10.0221
-1.3458 2.7593 10.0221
-1.3199 2.7673 10.0221
-1.2915 2.7697 10.0221
-1.2619 2.7690 10.0221
-1.2324 2.7680 10.0221
-1.2082 2.7787 10.0221
-1.1788 2.7772 10.0221
-1.1481 2.7716 10.0221
-1.1231 2.7797 10.0221
-1.1017 2.7968 10.0221
-1.0758 2.8026 10.0221
-1.0499 2.8081 10.0221
-1.0278 2.8238 10.0221
-1.0128 2.8600 10.0221
-0.9933 2.8848 10.0221
-0.9738 2.9104 10.0221
-0.9580 2.9483 10.0221
-0.9403 2.9823 10.0221
-0.9210 3.0124 10.0221
-0.9032 3.0490 10.0221
-0.8914 3.1087 10.0221
-0.8779 3.1655 10.0221
-0.8634 3.2223 10.0221
-0.8565 3.3120 10.0221
-0.8419 3.3766 10.0221
-0.8446 3.5180 10.0221
-0.8150 4.0059 10.0221
-0.7865 4.0463 10.0221
-0.7579 4.0894 10.0221
-0.7514 4.2613 10.0221
-0.7417 4.4324 10.0221
-0.7479 4.7221 10.0221
-0.7373 4.9332 10.0221
-0.7080 5.0375 10.0221
-0.6847 5.2011 10.0221
-0.7012 5.7111 10.0221
-0.6629 5.8184 10.0221
-2.7514 2.4644 10.0221
-2.5410 2.4494 10.0221
-2.3957 2.4563 10.0221
-2.2182 2.4477 10.0221
-2.0608 2.4442 10.0221
-1.9233 2.4464 10.0221
-1.8082 2.4559 10.0221
-1.6650 2.4510 10.0221
-1.6079 2.4828 10.0221
-1.4827 2.4820 10.0221
-1.3553 2.4780 10.0221
-1.2607 2.4878 10.0221
-1.2003 2.5130 10.0221
-1.0900 2.5664 10.0221
-0.9794 2.6167 10.0221
-3.1570 3.8785 10.0221
-3.1777 3.9704 10.0221
-3.1994 4.3137 10.0221
-3.1679 4.7269 10.0221
-3.2047 4.9328 10.0221
-3.1970 5.2071 10.0221
-3.1756 5.7832 10.0221
-2.9357 2.8849 10.5232
-2.8765 2.8765 10.5232
-2.8226 2.8723 10.5232
-2.7731 2.8716 10.5232
-2.7183 2.8645 10.5232
-2.6441 2.8355 10.5232
-2.5544 2.7876 10.5232
-2.5106 2.7883 10.5232
-2.4722 2.7944 10.5232
-2.4169 2.7804 10.5232
-2.3750 2.7808 10.5232
-2.3346 2.7823 10.5232
-2.2962 2.7856 10.5232
-2.2561 2.7861 10.5232
-2.2149 2.7845 10.5232
-2.1721 2.7801 10.5232
-2.1428 2.7926 10.5232
-2.0943 2.7793 10.5232
-2.0593 2.7830 10.5232
-2.0214 2.7822 10.5232
-1.9912 2.7916 10.5232
-1.9467 2.7802 10.5232
-1.9099 2.7790 10.5232
-1.8767 2.7823 10.5232
-1.8490 2.7935 10.5232
-1.8098 2.7869 10.5232
-1.7806 2.7950 10.5232
-1.7424 2.7884 10.5232
-1.7169 2.8018 10.5232
-1.6888 2.8107 10.5232
-1.6571 2.8132 10.5232
-1.6165 2.7999 10.5232
-1.5910 2.8121 10.5232
-1.5621 2.8180 10.5232
-1.5283 2.8149 10.5232
-1.4971 2.8157 10.5232
-1.4674 2.8189 10.5232
-1.4051 2.7577 10.5232
-1.3841 2.7761 10.5232
-1.3743 2.8177 10.5232
-1.3492 2.8287 10.5232
-1.3198 2.8304 10.5232
-1.2926 2.8363 10.5232
-1.2633 2.8375 10.5232
-1.2385 2.8484 10.5232
-1.2085 2.8471 10.5232
-1.1779 2.8437 10.5232
-1.1497 2.8455 10.5232
-1.1252 2.8564 10.5232
-1.0995 2.8642 10.5232
-1.0723 2.8681 10.5232
-1.0503 2.8858 10.5232
-1.0288 2.9052 10.5232
-1.0060 2.9217 10.5232
-0.9903 2.9597 10.5232
-0.9734 2.9958 10.5232
-0.9565 3.0338 10.5232
-0.9388 3.0707 10.5232
-0.9225 3.1142 10.5232
-0.9074 3.1645 10.5232
-0.8998 3.2445 10.5232
-0.8875 3.3122 10.5232
-0.8696 3.3624 10.5232
-0.8579 3.4407 10.5232
-0.8672 3.6124 10.5232
-0.8547 3.8554 10.5232
-0.8433 3.9674 10.5232
-0.8306 4.0824 10.5232
-0.7997 4.1140 10.5232
-0.7760 4.1867 10.5232
-0.7665 4.3469 10.5232
-0.6214 3.7134 10.5232
-0.5549 3.5033 10.5232
-0.5228 3.4981 10.5232
-0.4984 3.5461 10.5232
-0.4960 3.7675 10.5232
-0.7162 5.8332 10.5232
-2.9906 2.7597 10.5232
-2.6309 2.6803 10.5232
-2.5814 2.7257 10.5232
-2.2273 2.6381 10.5232
-2.0679 2.6304 10.5232
-1.9319 2.6304 10.5232
-1.8190 2.6388 10.5232
-1.7623 2.6722 10.5232
-1.6930 2.6986 10.5232
-1.4607 2.6428 10.5232
-1.4535 2.6972 10.5232
-1.2961 2.7309 10.5232
-1.2035 2.7384 10.5232
-1.1366 2.7586 10.5232
-1.0383 2.8165 10.5232
-3.2054 4.3174 10.5232
-3.1828 4.7369 10.5232
-3.2145 4.9396 10.5232
-3.2211 5.2249 10.5232
-3.1901 5.6928 10.5232
-2.9099 3.0133 11.0243
-2.8925 3.0480 11.0243
-2.8985 3.1083 11.0243
-2.9152 3.1814 11.0243
-2.8953 3.2156 11.0243
-2.8102 3.1763 11.0243
-2.7266 3.1366 11.0243
-2.6692 3.1253 11.0243
-2.6104 3.1109 11.0243
-2.5577 3.1027 11.0243
-2.5091 3.0985 11.0243
-2.4608 3.0937 11.0243
-2.4140 3.0898 11.0243
-2.3650 3.0822 11.0243
-2.3176 3.0755 11.0243
-2.2698 3.0675 11.0243
-2.2289 3.0678 11.0243
-2.1916 3.0725 11.0243
-2.1440 3.0620 11.0243
-2.1042 3.0616 11.0243
-2.0640 3.0600 11.0243
-2.0311 3.0687 11.0243
-1.9868 3.0595 11.0243
-1.9499 3.0607 11.0243
-1.9157 3.0657 11.0243
-1.8773 3.0635 11.0243
-1.8449 3.0704 11.0243
-1.8063 3.0665 11.0243
-1.7745 3.0735 11.0243
-1.7412 3.0776 11.0243
-1.7036 3.0734 11.0243
-1.6739 3.0829 11.0243
-1.6408 3.0859 11.0243
-1.6124 3.0974 11.0243
-1.5794 3.0998 11.0243
-1.5452 3.0992 11.0243
-1.5163 3.1089 11.0243
-1.4866 3.1166 11.0243
-1.4525 3.1150 11.0243
-1.4236 3.1239 11.0243
-1.3927 3.1280 11.0243
-1.3609 3.1299 11.0243
-1.3383 3.1527 11.0243
-1.3069 3.1550 11.0243
-1.2793 3.1663 11.0243
-1.2553 3.1867 11.0243
-1.2321 3.2096 11.0243
-1.1921 3.1884 11.0243
-1.1536 3.1696 11.0243
-1.0792 3.0476 11.0243
-1.0454 3.0361 11.0243
-1.0934 3.2679 11.0243
-1.0809 3.3268 11.0243
-1.0281 3.2608 11.0243
-1.0017 3.2763 11.0243
-0.9756 3.2935 11.0243
-0.9498 3.3125 11.0243
-0.9305 3.3554 11.0243
-0.9545 3.5623 11.0243
-0.9913 3.8329 11.0243
-0.9728 3.9016 11.0243
-0.9590 3.9945 11.0243
-0.9493 4.1118 11.0243
-0.9320 4.2039 11.0243
-0.8938 4.2051 11.0243
-0.8603 4.2284 11.0243
-0.8413 4.3280 11.0243
-0.8317 4.4876 11.0243
-0.8219 4.6611 11.0243
-0.7899 4.7204 11.0243
-0.7900 4.9878 11.0243
-0.7900 5.2863 11.0243
-0.7927 5.6406 11.0243
-2.8281 2.8305 11.0243
-2.6069 2.8032 11.0243
-2.4552 2.8028 11.0243
-2.2731 2.7859 11.0243
-2.1117 2.7753 11.0243
-2.0033 2.7871 11.0243
-1.8898 2.7946 11.0243
-1.7766 2.8003 11.0243
-1.6575 2.8011 11.0243
-1.5379 2.7996 11.0243
-1.4153 2.7943 11.0243
-1.3547 2.8205 11.0243
-1.2573 2.8255 11.0243
-1.1602 2.8290 11.0243
-1.0998 2.8520 11.0243
-3.0823 4.0776 11.0243
-3.1879 4.2228 11.0243
-3.1922 4.4800 11.0243
-3.1262 5.1547 11.0243
-3.1486 5.3626 11.0243
-3.1249 5.8442 11.0243
-2.8147 3.2457 11.5254
-2.6545 3.2381 11.5254
-2.5209 3.2410 11.5254
-2.3575 3.2262 11.5254
-2.2470 3.2365 11.5254
-2.1061 3.2285 11.5254
-1.9920 3.2327 11.5254
-1.8756 3.2337 11.5254
-1.7874 3.2490 11.5254
-1.6675 3.2442 11.5254
-1.5764 3.2545 11.5254
-1.4847 3.2630 11.5254
-1.4238 3.2892 11.5254
-1.3291 3.2931 11.5254
-1.2675 3.3169 11.5254
-1.1707 3.3798 11.5254
-3.0415 4.7295 11.5254
-3.0590 5.3901 11.5254
