-2.5289 4.1268 0.0000
-2.4712 4.1127 0.0000
-2.4083 4.0884 0.0000
-2.3425 4.0573 0.0000
-2.2917 4.0506 0.0000
-2.2418 4.0442 0.0000
-2.1987 4.0496 0.0000
-2.1460 4.0360 0.0000
-2.0991 4.0324 0.0000
-2.0439 4.0113 0.0000
-1.9972 4.0057 0.0000
-1.9595 4.0176 0.0000
-1.9351 4.0571 0.0000
-1.9018 4.0784 0.0000
-1.8844 4.1349 0.0000
-1.8808 4.2242 0.0000
-2.0914 4.8100 0.0000
-1.9787 4.6614 0.0000
-1.9291 4.6573 0.0000
-1.9195 4.7509 0.0000
-2.0865 5.2969 0.0000
-2.0144 5.2477 0.0000
-1.9384 5.1845 0.0000
-1.8986 5.2162 0.0000
-1.9635 5.5446 0.0000
-1.9772 5.7421 0.0000
-1.9343 5.7810 0.0000
-1.8226 5.6093 0.0000
-1.7865 5.6660 0.0000
-1.8194 5.9511 0.0000
-1.6964 5.7270 0.0000
-1.5381 5.3638 0.0000
-1.5815 5.7028 0.0000
-1.5555 5.8052 0.0000
-1.4502 5.6075 0.0000
-0.9401 3.7706 0.0000
-0.8950 3.7281 0.0000
-0.8575 3.7143 0.0000
-0.8244 3.7187 0.0000
-0.7894 3.7140 0.0000
-0.7576 3.7237 0.0000
-0.7209 3.7086 0.0000
-0.6874 3.7088 0.0000
-0.6510 3.6920 0.0000
-0.6193 3.7005 0.0000
-0.5852 3.6949 0.0000
-0.5501 3.6811 0.0000
-0.5195 3.6967 0.0000
-0.4863 3.6941 0.0000
-0.4525 3.6853 0.0000
-0.4184 3.6722 0.0000
-0.3869 3.6807 0.0000
-0.3542 3.6790 0.0000
-0.3247 3.7108 0.0000
-0.2938 3.7325 0.0000
-0.2640 3.7748 0.0000
-0.2526 4.1293 0.0000
-0.2214 4.2242 0.0000
-0.1832 4.1960 0.0000
-0.1453 4.1595 0.0000
-0.1085 4.1446 0.0000
-0.0738 4.2304 0.0000
-0.0381 4.3618 0.0000
0.0000 5.2450 0.0000
-2.5724 4.7449 0.0000
-2.4788 4.7616 0.0000
-2.6068 4.9468 0.0000
-2.0338 4.5891 0.0000
-1.9670 4.6191 0.0000
-2.2628 5.0307 0.0000
-2.1934 5.0626 0.0000
-0.9209 4.0662 0.0000
-0.8203 4.0512 0.0000
-0.7204 4.0347 0.0000
-0.6211 4.0168 0.0000
-0.5542 4.0265 0.0000
-0.4867 4.0347 0.0000
-0.4194 4.0420 0.0000
-0.3545 4.0506 0.0000
-0.8382 4.5973 0.0000
-0.6851 4.9383 0.0000
-0.7563 5.1047 0.0000
-0.7612 5.2007 0.0000
-0.7425 5.3654 0.0000
-0.7489 5.4688 0.0000
-0.9082 5.8636 0.0000
-0.8320 5.8735 0.0000
-2.6353 2.5008 0.4383
-2.5860 2.4973 0.4383
-2.5463 2.5022 0.4383
-2.5053 2.5053 0.4383
-2.4581 2.5014 0.4383
-2.4501 2.5371 0.4383
-2.4464 2.5780 0.4383
-2.4436 2.6204 0.4383
-2.4483 2.6719 0.4383
-2.4477 2.7184 0.4383
-2.4398 2.7577 0.4383
-2.4353 2.8015 0.4383
-2.4283 2.8432 0.4383
-2.0929 2.4942 0.4383
-2.0545 2.4923 0.4383
-2.0201 2.4946 0.4383
-1.9840 2.4942 0.4383
-1.9510 2.4972 0.4383
-1.9152 2.4959 0.4383
-1.9156 2.5421 0.4383
-1.9171 2.5908 0.4383
-1.9174 2.6390 0.4383
-1.9163 2.6866 0.4383
-1.9152 2.7351 0.4383
-1.9116 2.7814 0.4383
-1.9169 2.8419 0.4383
-1.9141 2.8919 0.4383
-1.9084 2.9387 0.4383
-1.9080 2.9949 0.4383
-1.9082 3.0538 0.4383
-1.9103 3.1173 0.4383
-1.9051 3.1707 0.4383
-2.1350 3.6979 0.4383
-2.7502 5.2830 0.4383
-2.6940 5.2872 0.4383
-2.6384 5.2917 0.4383
-2.5820 5.2939 0.4383
-2.5185 5.2801 0.4383
-2.4592 5.2738 0.4383
-2.4052 5.2778 0.4383
-2.3501 5.2785 0.4383
-2.2932 5.2740 0.4383
-2.2377 5.2717 0.4383
-2.1828 5.2698 0.4383
-2.1296 5.2710 0.4383
-0.9786 2.4842 0.4383
-0.9525 2.4815 0.4383
-0.9270 2.4794 0.4383
-0.9050 2.4864 0.4383
-0.8782 2.4801 0.4383
-0.8556 2.4848 0.4383
-0.8320 2.4865 0.4383
-0.8102 2.4937 0.4383
-0.7845 2.4882 0.4383
-0.7593 2.4835 0.4383
-0.7370 2.4881 0.4383
-0.7158 2.4964 0.4383
-0.6908 2.4910 0.4383
-0.6659 2.4853 0.4383
-0.6407 2.4775 0.4383
-0.6191 2.4830 0.4383
-0.5976 2.4893 0.4383
-0.5732 2.4827 0.4383
-0.5513 2.4866 0.4383
-0.5298 2.4923 0.4383
-0.5054 2.4841 0.4383
-0.4814 2.4766 0.4383
-0.4600 2.4817 0.4383
-0.4385 2.4866 0.4383
-0.4169 2.4914 0.4383
-0.3933 2.4830 0.4383
-0.3697 2.4735 0.4383
-0.3497 2.4885 0.4383
-0.3264 2.4796 0.4383
-0.3047 2.4814 0.4383
-0.2818 2.4730 0.4383
-0.2948 2.8046 0.4383
-0.5029 5.2228 0.4383
-0.4574 5.2280 0.4383
-0.4116 5.2298 0.4383
-0.3657 5.2292 0.4383
-0.3198 5.2292 0.4383
-0.2731 5.2118 0.4383
-0.2221 5.0872 0.4383
-0.1851 5.3008 0.4383
-0.1385 5.2882 0.4383
-0.0911 5.2172 0.4383
-0.0458 5.2468 0.4383
-2.6371 2.4217 0.4383
-2.4719 2.4229 0.4383
-2.6338 2.5501 0.4383
-2.6327 2.6151 0.4383
-2.0082 2.4224 0.4383
-1.9306 2.4495 0.4383
-2.1053 2.5851 0.4383
-2.1510 2.6674 0.4383
-2.1466 2.7283 0.4383
-2.1434 2.7901 0.4383
-2.1658 2.8646 0.4383
-2.1091 2.9016 0.4383
-1.0016 2.4139 0.4383
-0.9411 2.4361 0.4383
-0.8354 2.4339 0.4383
-0.7275 2.4286 0.4383
-0.6244 2.4240 0.4383
-0.5558 2.4367 0.4383
-0.4430 2.4232 0.4383
-0.3723 2.4320 0.4383
-0.3036 2.4408 0.4383
-0.9970 2.9064 0.4383
-0.9945 2.9626 0.4383
-0.9905 3.0184 0.4383
-0.9876 3.0755 0.4383
-0.9849 3.1333 0.4383
-2.6451 4.2924 0.4383
-2.7433 5.2366 0.4383
-2.5598 5.1825 0.4383
-2.4549 5.1891 0.4383
-2.3236 5.1719 0.4383
-2.2189 5.1748 0.4383
-2.7755 5.2200 0.8765
-2.7151 5.2156 0.8765
-2.6617 5.2240 0.8765
-2.6000 5.2148 0.8765
-2.5373 5.2022 0.8765
-2.4836 5.2070 0.8765
-2.4212 5.1922 0.8765
-2.3700 5.2004 0.8765
-2.3107 5.1899 0.8765
-2.2565 5.1896 0.8765
-2.2068 5.1990 0.8765
-2.1514 5.1941 0.8765
-2.0948 5.1848 0.8765
-2.0440 5.1889 0.8765
-1.9915 5.1879 0.8765
-1.9408 5.1910 0.8765
-1.8862 5.1824 0.8765
-1.8329 5.1760 0.8765
-1.7851 5.1843 0.8765
-1.8039 5.3912 0.8765
-1.7589 5.4134 0.8765
-1.7053 5.4085 0.8765
-1.6537 5.4089 0.8765
-1.6021 5.4087 0.8765
-1.5505 5.4071 0.8765
-1.4976 5.4002 0.8765
-1.4478 5.4034 0.8765
-1.3984 5.4071 0.8765
-1.3468 5.4016 0.8765
-1.2975 5.4044 0.8765
-1.2449 5.3922 0.8765
-1.1982 5.4048 0.8765
-1.1462 5.3925 0.8765
-1.0531 5.1760 0.8765
-1.0037 5.1634 0.8765
-0.9584 5.1709 0.8765
-0.9099 5.1604 0.8765
-0.8645 5.1662 0.8765
-0.8158 5.1508 0.8765
-0.7717 5.1637 0.8765
-0.7241 5.1524 0.8765
-0.6787 5.1555 0.8765
-0.6343 5.1662 0.8765
-0.5885 5.1656 0.8765
-0.5409 5.1467 0.8765
-0.4966 5.1571 0.8765
-0.4504 5.1483 0.8765
-0.4059 5.1571 0.8765
-0.3606 5.1564 0.8765
-0.3151 5.1524 0.8765
-0.2701 5.1539 0.8765
-0.2257 5.1691 0.8765
-0.1802 5.1589 0.8765
-0.1355 5.1762 0.8765
-0.0899 5.1502 0.8765
-0.0452 5.1748 0.8765
-2.7612 5.1574 0.8765
-2.6635 5.1731 0.8765
-2.5225 5.1522 0.8765
-2.4163 5.1573 0.8765
-2.3129 5.1629 0.8765
-2.1824 5.1436 0.8765
-2.0777 5.1442 0.8765
-1.9734 5.1433 0.8765
-1.8711 5.1423 0.8765
-1.8016 5.1696 0.8765
-1.6249 5.3704 0.8765
-1.5474 5.3874 0.8765
-1.4470 5.3800 0.8765
-1.3422 5.3663 0.8765
-1.0397 5.1422 0.8765
-0.9674 5.1553 0.8765
-0.8662 5.1359 0.8765
-0.7944 5.1470 0.8765
-0.6956 5.1266 0.8765
-0.6225 5.1335 0.8765
-0.5516 5.1419 0.8765
-0.4802 5.1486 0.8765
-0.4084 5.1537 0.8765
-0.3393 5.1610 0.8765
-0.2674 5.1636 0.8765
-0.1704 5.1331 0.8765
-0.0622 5.1784 0.8765
-2.7591 5.1891 1.3148
-2.7049 5.1961 1.3148
-2.6422 5.1857 1.3148
-2.5879 5.1906 1.3148
-2.5290 5.1851 1.3148
-2.4720 5.1826 1.3148
-2.4153 5.1795 1.3148
-2.3579 5.1740 1.3148
-2.3042 5.1752 1.3148
-2.2505 5.1759 1.3148
-2.1947 5.1705 1.3148
-2.1396 5.1654 1.3148
-2.0869 5.1653 1.3148
-2.0352 5.1666 1.3148
-1.9836 5.1674 1.3148
-1.9289 5.1592 1.3148
-1.8784 5.1608 1.3148
-1.8269 5.1591 1.3148
-1.7779 5.1635 1.3148
-1.8007 5.3817 1.3148
-1.7756 5.4648 1.3148
-1.7258 5.4734 1.3148
-1.6738 5.4748 1.3148
-1.6203 5.4701 1.3148
-1.5667 5.4638 1.3148
-1.5152 5.4638 1.3148
-1.4641 5.4642 1.3148
-1.4109 5.4555 1.3148
-1.3606 5.4569 1.3148
-1.3094 5.4540 1.3148
-1.2618 5.4652 1.3148
-1.2086 5.4516 1.3148
-1.1585 5.4502 1.3148
-1.0479 5.1505 1.3148
-1.0002 5.1457 1.3148
-0.9527 5.1405 1.3148
-0.9061 5.1387 1.3148
-0.8601 5.1395 1.3148
-0.8152 5.1468 1.3148
-0.7686 5.1429 1.3148
-0.7226 5.1415 1.3148
-0.6770 5.1426 1.3148
-0.6314 5.1424 1.3148
-0.5856 5.1397 1.3148
-0.5407 5.1447 1.3148
-0.4947 5.1372 1.3148
-0.4492 5.1344 1.3148
-0.4048 5.1431 1.3148
-0.3585 5.1265 1.3148
-0.3138 5.1304 1.3148
-0.2693 5.1379 1.3148
-0.2240 5.1301 1.3148
-0.1791 5.1299 1.3148
-0.1348 5.1462 1.3148
-0.0896 5.1332 1.3148
-0.0449 5.1488 1.3148
-2.8218 5.1118 1.3148
-2.7486 5.1475 1.3148
-2.5836 5.1096 1.3148
-2.4829 5.1202 1.3148
-2.3785 5.1262 1.3148
-2.2447 5.1057 1.3148
-2.1406 5.1079 1.3148
-2.0399 5.1114 1.3148
-1.9344 5.1088 1.3148
-1.8347 5.1095 1.3148
-1.5899 5.4299 1.3148
-1.4855 5.4193 1.3148
-1.3824 5.4080 1.3148
-1.0067 5.1074 1.3148
-0.9333 5.1187 1.3148
-0.8608 5.1300 1.3148
-0.7609 5.1099 1.3148
-0.6890 5.1191 1.3148
-0.6166 5.1267 1.3148
-0.5178 5.1023 1.3148
-0.4493 5.1118 1.3148
-0.3772 5.1159 1.3148
-0.3060 5.1198 1.3148
-0.2356 5.1237 1.3148
-0.1680 5.1300 1.3148
-0.0926 5.1251 1.3148
-2.7628 5.1961 1.7530
-2.7031 5.1926 1.7530
-2.6449 5.1910 1.7530
-2.5853 5.1852 1.7530
-2.5320 5.1914 1.7530
-2.4785 5.1962 1.7530
-2.4191 5.1877 1.7530
-2.3633 5.1859 1.7530
-2.3054 5.1780 1.7530
-2.2517 5.1786 1.7530
-2.1979 5.1778 1.7530
-2.1446 5.1774 1.7530
-2.0903 5.1737 1.7530
-2.0396 5.1778 1.7530
-1.9857 5.1730 1.7530
-1.9338 5.1723 1.7530
-1.8801 5.1655 1.7530
-1.8319 5.1732 1.7530
-1.7766 5.1597 1.7530
-1.7959 5.3675 1.7530
-1.7799 5.4781 1.7530
-1.7279 5.4801 1.7530
-1.6750 5.4787 1.7530
-1.6203 5.4701 1.7530
-1.5703 5.4763 1.7530
-1.5195 5.4792 1.7530
-1.4670 5.4749 1.7530
-1.4136 5.4662 1.7530
-1.3632 5.4676 1.7530
-1.3129 5.4686 1.7530
-1.2629 5.4701 1.7530
-1.2090 5.4536 1.7530
-1.1541 5.4297 1.7530
-1.0511 5.1662 1.7530
-1.0010 5.1496 1.7530
-0.9542 5.1483 1.7530
-0.9070 5.1437 1.7530
-0.8630 5.1573 1.7530
-0.8146 5.1429 1.7530
-0.7696 5.1498 1.7530
-0.7237 5.1494 1.7530
-0.6782 5.1515 1.7530
-0.6314 5.1424 1.7530
-0.5865 5.1477 1.7530
-0.5401 5.1387 1.7530
-0.4962 5.1532 1.7530
-0.4506 5.1503 1.7530
-0.4053 5.1501 1.7530
-0.3597 5.1444 1.7530
-0.3146 5.1434 1.7530
-0.2697 5.1469 1.7530
-0.2243 5.1371 1.7530
-0.1795 5.1409 1.7530
-0.1359 5.1892 1.7530
-0.0897 5.1372 1.7530
-0.0451 5.1638 1.7530
-2.7241 5.1285 1.7530
-2.6173 5.1364 1.7530
-2.4852 5.1220 1.7530
-2.3785 5.1262 1.7530
-2.2761 5.1320 1.7530
-2.1733 5.1358 1.7530
-2.0392 5.1107 1.7530
-1.9352 5.1095 1.7530
-1.8339 5.1088 1.7530
-1.5941 5.4341 1.7530
-1.4883 5.4221 1.7530
-1.4123 5.4389 1.7530
-1.0053 5.1059 1.7530
-0.9354 5.1209 1.7530
-0.8337 5.1005 1.7530
-0.7629 5.1121 1.7530
-0.6903 5.1206 1.7530
-0.6186 5.1290 1.7530
-0.5483 5.1381 1.7530
-0.4487 5.1110 1.7530
-0.3804 5.1197 1.7530
-0.3085 5.1229 1.7530
-0.2350 5.1230 1.7530
-0.1673 5.1292 1.7530
-0.0950 5.1282 1.7530
-2.7694 5.2085 2.1913
-2.7109 5.2076 2.1913
-2.6509 5.2026 2.1913
-2.6022 5.2193 2.1913
-2.5364 5.2004 2.1913
-2.4750 5.1890 2.1913
-2.4186 5.1868 2.1913
-2.3633 5.1859 2.1913
-2.3070 5.1816 2.1913
-2.2541 5.1841 2.1913
-2.2018 5.1870 2.1913
-2.1442 5.1765 2.1913
-2.0929 5.1802 2.1913
-2.0370 5.1713 2.1913
-1.9839 5.1683 2.1913
-1.9356 5.1770 2.1913
-1.8835 5.1749 2.1913
-1.8319 5.1732 2.1913
-1.7802 5.1701 2.1913
-1.7483 5.2253 2.1913
-1.7194 5.2917 2.1913
-1.6921 5.3666 2.1913
-1.6443 5.3783 2.1913
-1.5959 5.3876 2.1913
-1.5433 5.3821 2.1913
-1.4941 5.3877 2.1913
-1.4437 5.3879 2.1913
-1.3944 5.3916 2.1913
-1.3402 5.3754 2.1913
-1.2919 5.3811 2.1913
-1.2417 5.3785 2.1913
-1.1919 5.3765 2.1913
-1.1433 5.3788 2.1913
-1.0491 5.1564 2.1913
-1.0027 5.1585 2.1913
-0.9558 5.1572 2.1913
-0.9075 5.1466 2.1913
-0.8640 5.1632 2.1913
-0.8163 5.1538 2.1913
-0.7708 5.1577 2.1913
-0.7244 5.1543 2.1913
-0.6785 5.1535 2.1913
-0.6335 5.1593 2.1913
-0.5870 5.1517 2.1913
-0.5416 5.1526 2.1913
-0.4970 5.1611 2.1913
-0.4509 5.1533 2.1913
-0.4057 5.1551 2.1913
-0.3602 5.1514 2.1913
-0.3149 5.1484 2.1913
-0.2695 5.1419 2.1913
-0.2254 5.1621 2.1913
-0.1804 5.1649 2.1913
-0.1356 5.1792 2.1913
-0.0899 5.1482 2.1913
-0.0454 5.2008 2.1913
-2.7525 5.1506 2.1913
-2.6189 5.1376 2.1913
-2.4836 5.1208 2.1913
-2.3832 5.1300 2.1913
-2.2784 5.1339 2.1913
-2.1741 5.1365 2.1913
-2.0392 5.1107 2.1913
-1.9382 5.1121 2.1913
-1.8636 5.1356 2.1913
-1.7921 5.1608 2.1913
-1.6450 5.2968 2.1913
-1.5857 5.3318 2.1913
-1.5142 5.3542 2.1913
-1.4070 5.3394 2.1913
-1.1122 5.1282 2.1913
-1.0081 5.1088 2.1913
-0.9367 5.1224 2.1913
-0.8641 5.1337 2.1913
-0.7643 5.1136 2.1913
-0.6923 5.1229 2.1913
-0.6199 5.1305 2.1913
-0.5496 5.1396 2.1913
-0.4500 5.1126 2.1913
-0.3810 5.1205 2.1913
-0.3104 5.1253 2.1913
-0.2387 5.1276 2.1913
-0.1686 5.1307 2.1913
-0.0622 5.1784 2.1913
-2.7741 5.2173 2.6295
-2.7118 5.2094 2.6295
-2.6572 5.2151 2.6295
-2.5942 5.2031 2.6295
-2.5364 5.2004 2.6295
-2.4772 5.1935 2.6295
-2.4258 5.2022 2.6295
-2.3339 5.1213 2.6295
-2.3107 5.1899 2.6295
-2.2577 5.1924 2.6295
-2.2041 5.1926 2.6295
-2.1484 5.1867 2.6295
-2.0982 5.1932 2.6295
-2.0418 5.1834 2.6295
-1.9922 5.1898 2.6295
-1.9363 5.1789 2.6295
-1.8849 5.1786 2.6295
-1.8323 5.1742 2.6295
-1.7883 5.1937 2.6295
-1.7899 5.3495 2.6295
-1.7846 5.4924 2.6295
-1.7339 5.4991 2.6295
-1.6823 5.5026 2.6295
-1.6271 5.4931 2.6295
-1.5659 5.4609 2.6295
-1.5166 5.4686 2.6295
-1.4559 5.4333 2.6295
-1.4131 5.4642 2.6295
-1.3673 5.4841 2.6295
-1.3159 5.4812 2.6295
-1.2521 5.4233 2.6295
-1.2129 5.4712 2.6295
-1.1651 5.4815 2.6295
-1.0517 5.1691 2.6295
-1.0046 5.1683 2.6295
-0.9558 5.1572 2.6295
-0.9089 5.1545 2.6295
-0.8630 5.1573 2.6295
-0.8178 5.1636 2.6295
-0.7716 5.1627 2.6295
-0.7265 5.1692 2.6295
-0.6793 5.1595 2.6295
-0.6347 5.1692 2.6295
-0.5777 5.0702 2.6295
-0.5346 5.0860 2.6295
-0.4865 5.0526 2.6295
-0.4516 5.1623 2.6295
-0.4059 5.1571 2.6295
-0.3606 5.1574 2.6295
-0.3150 5.1504 2.6295
-0.2702 5.1559 2.6295
-0.2250 5.1531 2.6295
-0.1803 5.1619 2.6295
-0.1355 5.1762 2.6295
-0.0899 5.1522 2.6295
-0.0452 5.1748 2.6295
-2.7541 5.1519 2.6295
-2.6220 5.1401 2.6295
-2.4409 5.0862 2.6295
-2.3847 5.1312 2.6295
-2.2799 5.1352 2.6295
-2.1763 5.1384 2.6295
-2.0731 5.1402 2.6295
-1.9704 5.1406 2.6295
-1.8666 5.1383 2.6295
-1.7950 5.1635 2.6295
-1.5517 5.3917 2.6295
-1.4834 5.4171 2.6295
-1.3415 5.3656 2.6295
-1.0397 5.1422 2.6295
-0.9381 5.1239 2.6295
-0.8675 5.1373 2.6295
-0.7944 5.1470 2.6295
-0.6956 5.1266 2.6295
-0.5169 5.0120 2.6295
-0.5496 5.1396 2.6295
-0.4795 5.1478 2.6295
-0.3110 5.1261 2.6295
-0.2393 5.1284 2.6295
-0.1692 5.1315 2.6295
-0.0993 5.1338 2.6295
-2.7891 5.2456 3.0678
-2.7188 5.2227 3.0678
-2.6568 5.2142 3.0678
-2.5964 5.2076 3.0678
-2.5390 5.2058 3.0678
-2.4866 5.2133 3.0678
-2.4288 5.2086 3.0678
-2.3745 5.2104 3.0678
-2.3151 5.1999 3.0678
-2.2633 5.2052 3.0678
-2.2045 5.1935 3.0678
-2.1507 5.1922 3.0678
-2.0989 5.1950 3.0678
-2.0476 5.1982 3.0678
-1.9950 5.1972 3.0678
-1.9430 5.1967 3.0678
-1.8893 5.1909 3.0678
-1.7248 4.8706 3.0678
-1.7838 5.1805 3.0678
-1.7779 5.3135 3.0678
-1.7833 5.4885 3.0678
-1.7354 5.5039 3.0678
-1.6820 5.5016 3.0678
-1.6305 5.5046 3.0678
-1.5744 5.4907 3.0678
-1.5254 5.5004 3.0678
-1.4711 5.4903 3.0678
-1.4212 5.4952 3.0678
-1.3601 5.4550 3.0678
-1.1731 4.8862 3.0678
-1.2501 5.4146 3.0678
-1.2069 5.4438 3.0678
-1.1666 5.4884 3.0678
-1.0551 5.1858 3.0678
-1.0054 5.1722 3.0678
-0.9586 5.1719 3.0678
-0.9110 5.1663 3.0678
-0.8657 5.1731 3.0678
-0.8199 5.1765 3.0678
-0.7713 5.1607 3.0678
-0.7265 5.1692 3.0678
-0.6810 5.1724 3.0678
-0.6343 5.1662 3.0678
-0.5883 5.1636 3.0678
-0.5432 5.1685 3.0678
-0.4973 5.1651 3.0678
-0.4527 5.1742 3.0678
-0.4067 5.1670 3.0678
-0.3613 5.1674 3.0678
-0.3160 5.1663 3.0678
-0.2707 5.1659 3.0678
-0.2255 5.1641 3.0678
-0.1801 5.1569 3.0678
-0.1359 5.1882 3.0678
-0.0903 5.1712 3.0678
-0.0452 5.1798 3.0678
-2.7580 5.1549 3.0678
-2.6228 5.1407 3.0678
-2.5194 5.1497 3.0678
-2.4163 5.1573 3.0678
-2.3129 5.1629 3.0678
-2.1801 5.1417 3.0678
-1.7667 4.8739 3.0678
-1.9726 5.1426 3.0678
-1.8688 5.1403 3.0678
-1.7957 5.1642 3.0678
-1.5885 5.4285 3.0678
-1.4883 5.4221 3.0678
-1.1129 5.1289 3.0678
-1.0397 5.1422 3.0678
-0.9006 5.0836 3.0678
-1.0533 5.3401 3.0678
-0.7964 5.1493 3.0678
-0.6950 5.1259 3.0678
-0.6232 5.1343 3.0678
-0.5535 5.1441 3.0678
-0.4795 5.1478 3.0678
-0.4084 5.1537 3.0678
-0.3393 5.1610 3.0678
-0.2674 5.1636 3.0678
-0.1710 5.1339 3.0678
-0.0604 5.1760 3.0678
-1.8743 2.1945 3.5060
-1.8499 2.2047 3.5060
-1.8135 2.1999 3.5060
-1.7759 2.1931 3.5060
-1.7443 2.1929 3.5060
-1.7146 2.1946 3.5060
-1.6857 2.1968 3.5060
-1.6508 2.1907 3.5060
-1.6245 2.1953 3.5060
-1.5982 2.1997 3.5060
-1.5644 2.1932 3.5060
-1.5309 2.1863 3.5060
-1.5061 2.1914 3.5060
-1.4802 2.1945 3.5060
-1.4538 2.1965 3.5060
-1.4204 2.1873 3.5060
-1.3943 2.1886 3.5060
-1.3677 2.1888 3.5060
-1.3449 2.1947 3.5060
-1.3154 2.1892 3.5060
-1.2891 2.1885 3.5060
-1.2640 2.1893 3.5060
-1.2389 2.1898 3.5060
-1.2144 2.1909 3.5060
-1.1896 2.1909 3.5060
-1.1704 2.2012 3.5060
-1.1401 2.1900 3.5060
-1.1164 2.1910 3.5060
-1.0878 2.1818 3.5060
-1.0701 2.1940 3.5060
-1.0466 2.1942 3.5060
-1.0244 2.1969 3.5060
-1.0023 2.1994 3.5060
-0.9880 2.2190 3.5060
-0.9706 2.2321 3.5060
-0.9608 2.2635 3.5060
-0.9544 2.3042 3.5060
-0.9463 2.3421 3.5060
-0.9518 2.4163 3.5060
-1.3166 3.4300 3.5060
-1.2846 3.4357 3.5060
-1.2480 3.4289 3.5060
-1.2147 3.4303 3.5060
-1.1808 3.4294 3.5060
-1.1448 3.4216 3.5060
-1.1149 3.4314 3.5060
-1.0771 3.4162 3.5060
-1.0458 3.4207 3.5060
-1.0108 3.4124 3.5060
-0.9493 3.3106 3.5060
-0.9300 3.3534 3.5060
-0.9131 3.4078 3.5060
-0.8833 3.4156 3.5060
-0.8504 3.4106 3.5060
-0.8166 3.4013 3.5060
-0.7853 3.4015 3.5060
-0.7552 3.4063 3.5060
-0.7165 3.3707 3.5060
-0.6866 3.3749 3.5060
-0.6581 3.3856 3.5060
-0.6278 3.3873 3.5060
-0.6003 3.4045 3.5060
-0.5724 3.4204 3.5060
-0.5452 3.4421 3.5060
-0.5170 3.4596 3.5060
-0.4899 3.4857 3.5060
-0.4623 3.5117 3.5060
-0.4326 3.5235 3.5060
-0.4069 3.5709 3.5060
-0.4297 4.0885 3.5060
-0.4386 4.5549 3.5060
-0.3973 4.5417 3.5060
-0.3579 4.5469 3.5060
-0.3176 4.5419 3.5060
-0.2773 4.5335 3.5060
-0.2380 4.5418 3.5060
-0.1983 4.5407 3.5060
-0.1588 4.5472 3.5060
-0.1189 4.5404 3.5060
-0.0792 4.5363 3.5060
-0.0396 4.5408 3.5060
-1.8915 2.1429 3.5060
-1.7223 2.1352 3.5060
-1.6067 2.1455 3.5060
-1.4162 2.1236 3.5060
-1.3162 2.1358 3.5060
-1.1869 2.1338 3.5060
-1.0901 2.1437 3.5060
-1.7886 3.1845 3.5060
-1.8175 3.3325 3.5060
-1.6682 3.3096 3.5060
-1.7605 3.4996 3.5060
-1.7610 3.5682 3.5060
-1.8554 3.6986 3.5060
-1.8938 3.7951 3.5060
-1.8969 3.8696 3.5060
-1.2655 3.5089 3.5060
-1.2019 3.5304 3.5060
-1.1066 3.5284 3.5060
-1.8601 4.2179 3.5060
-2.6321 4.8771 3.5060
-2.4941 4.8604 3.5060
-1.8226 4.4241 3.5060
-2.2980 4.8824 3.5060
-2.2077 4.8974 3.5060
-2.1046 4.9003 3.5060
-2.0478 4.9405 3.5060
-1.8711 5.1423 3.5060
-1.8039 5.1716 3.5060
-1.6214 5.3669 3.5060
-1.5177 5.3577 3.5060
-1.4414 5.3743 3.5060
-2.1906 2.1906 3.9443
-2.1574 2.1954 3.9443
-2.1263 2.2019 3.9443
-2.0843 2.1964 3.9443
-2.0542 2.2028 3.9443
-2.0247 2.2096 3.9443
-1.9840 2.2034 3.9443
-1.9448 2.1982 3.9443
-1.9144 2.2022 3.9443
-1.8840 2.2059 3.9443
-1.8442 2.1978 3.9443
-1.8173 2.2045 3.9443
-1.7766 2.1939 3.9443
-1.7499 2.1999 3.9443
-1.7165 2.1970 3.9443
-1.6857 2.1968 3.9443
-1.6550 2.1962 3.9443
-1.6280 2.2002 3.9443
-1.5952 2.1957 3.9443
-1.5679 2.1981 3.9443
-1.5309 2.1863 3.9443
-1.5083 2.1946 3.9443
-1.4824 2.1978 3.9443
-1.4494 2.1898 3.9443
-1.4237 2.1923 3.9443
-1.4024 2.2013 3.9443
-1.3725 2.1964 3.9443
-1.3449 2.1947 3.9443
-1.3185 2.1943 3.9443
-1.2937 2.1963 3.9443
-1.2665 2.1936 3.9443
-1.2414 2.1942 3.9443
-1.2169 2.1953 3.9443
-1.1915 2.1944 3.9443
-1.1662 2.1932 3.9443
-1.1419 2.1936 3.9443
-1.1164 2.1910 3.9443
-1.0918 2.1899 3.9443
-1.0679 2.1895 3.9443
-1.0418 2.1843 3.9443
-1.0185 2.1842 3.9443
-0.9998 2.1939 3.9443
-0.9762 2.1925 3.9443
-0.9526 2.1909 3.9443
-0.9284 2.1871 3.9443
-0.9096 2.1961 3.9443
-0.8826 2.1844 3.9443
-0.8591 2.1809 3.9443
-0.8354 2.1762 3.9443
-0.8128 2.1740 3.9443
-0.7976 2.1914 3.9443
-0.7758 2.1907 3.9443
-0.7472 2.1700 3.9443
-0.7263 2.1707 3.9443
-0.7083 2.1798 3.9443
-0.6892 2.1859 3.9443
-0.6733 2.2024 3.9443
-0.6706 2.2638 3.9443
-0.6593 2.2993 3.9443
-0.6587 2.3753 3.9443
-0.6499 2.4254 3.9443
-0.6460 2.4978 3.9443
-0.6377 2.5577 3.9443
-0.6315 2.6303 3.9443
-0.6260 2.7117 3.9443
-0.6188 2.7912 3.9443
-0.6088 2.8640 3.9443
-0.6009 2.9535 3.9443
-0.5896 3.0332 3.9443
-0.5841 3.1513 3.9443
-0.5611 3.1819 3.9443
-0.5699 3.4056 3.9443
-0.5422 3.4233 3.9443
-0.5179 3.4655 3.9443
-0.4875 3.4689 3.9443
-0.4604 3.4968 3.9443
-0.4314 3.5136 3.9443
-0.4049 3.5540 3.9443
-0.4098 3.8985 3.9443
-0.3890 4.0403 3.9443
-0.3526 4.0306 3.9443
-0.3174 4.0335 3.9443
-0.2815 4.0252 3.9443
-0.2471 4.0395 3.9443
-0.2113 4.0315 3.9443
-0.1757 4.0252 3.9443
-0.1411 4.0405 3.9443
-0.1056 4.0326 3.9443
-0.0701 4.0174 3.9443
-0.0399 4.5748 3.9443
-2.1675 2.1274 3.9443
-2.0359 2.1387 3.9443
-1.8671 2.1338 3.9443
-1.7251 2.1362 3.9443
-1.5722 2.1319 3.9443
-1.4505 2.1375 3.9443
-1.3236 2.1388 3.9443
-1.1878 2.1342 3.9443
-1.0470 2.1249 3.9443
-0.9461 2.1309 3.9443
-0.8463 2.1357 3.9443
-0.7332 2.1325 3.9443
-2.2976 2.9275 3.9443
-2.2970 2.9932 3.9443
-2.2975 3.0600 3.9443
-2.3258 3.1416 3.9443
-2.2788 3.3917 3.9443
-2.4588 3.5637 3.9443
-2.5036 3.6625 3.9443
-2.4893 3.8030 3.9443
-2.7731 4.1323 3.9443
-2.6566 4.1388 3.9443
-2.4987 4.1164 3.9443
-2.4083 4.1357 3.9443
-2.7805 5.0801 3.9443
-2.6177 5.0453 3.9443
-2.0010 2.3019 4.3825
-1.9652 2.3010 4.3825
-1.9322 2.3027 4.3825
-1.8961 2.3002 4.3825
-1.8766 2.3174 4.3825
-1.8308 2.3017 4.3825
-1.8008 2.3049 4.3825
-1.7703 2.3071 4.3825
-1.7380 2.3065 4.3825
-1.7065 2.3063 4.3825
-1.6658 2.2928 4.3825
-1.6376 2.2958 4.3825
-1.6106 2.3002 4.3825
-1.5831 2.3034 4.3825
-1.5473 2.2939 4.3825
-1.5217 2.2990 4.3825
-1.4934 2.2996 4.3825
-1.4674 2.3033 4.3825
-1.4340 2.2948 4.3825
-1.4081 2.2979 4.3825
-1.3808 2.2981 4.3825
-1.3556 2.3014 4.3825
-1.3275 2.2993 4.3825
-1.2975 2.2934 4.3825
-1.2746 2.2994 4.3825
-1.2487 2.2999 4.3825
-1.2225 2.2992 4.3825
-1.1945 2.2947 4.3825
-1.1717 2.2997 4.3825
-1.1441 2.2946 4.3825
-1.1192 2.2946 4.3825
-1.0931 2.2917 4.3825
-1.0726 2.3002 4.3825
-1.0467 2.2967 4.3825
-1.0238 2.2994 4.3825
-0.9985 2.2963 4.3825
-0.9776 2.3031 4.3825
-0.9471 2.2866 4.3825
-0.9249 2.2892 4.3825
-0.9027 2.2916 4.3825
-0.8862 2.3087 4.3825
-0.8633 2.3089 4.3825
-0.8489 2.3323 4.3825
-0.8332 2.3528 4.3825
-0.8442 2.4517 4.3825
-0.8637 2.6582 4.3825
-0.8260 2.6199 4.3825
-0.8230 2.6920 4.3825
-0.8168 2.7576 4.3825
-0.8151 2.8425 4.3825
-0.7993 2.8822 4.3825
-0.7943 2.9644 4.3825
-0.8060 3.1165 4.3825
-0.7891 3.1651 4.3825
-0.7643 3.1835 4.3825
-0.7468 3.2349 4.3825
-0.7355 3.3175 4.3825
-0.7027 3.3061 4.3825
-0.6769 3.3268 4.3825
-0.6520 3.3542 4.3825
-0.6263 3.3794 4.3825
-0.6010 3.4084 4.3825
-0.5734 3.4264 4.3825
-0.5491 3.4668 4.3825
-0.5201 3.4803 4.3825
-0.4921 3.5016 4.3825
-0.4631 3.5176 4.3825
-0.4360 3.5513 4.3825
-0.4219 3.7030 4.3825
-0.4068 3.8707 4.3825
-0.3730 3.8741 4.3825
-0.3400 3.8862 4.3825
-0.3059 3.8870 4.3825
-0.2716 3.8845 4.3825
-0.2375 3.8837 4.3825
-0.2038 3.8887 4.3825
-0.1693 3.8783 4.3825
-0.1357 3.8866 4.3825
-0.1016 3.8817 4.3825
-0.0677 3.8804 4.3825
-0.0446 5.1108 4.3825
-2.0126 2.2466 4.3825
-1.8188 2.2291 4.3825
-1.7027 2.2394 4.3825
-1.5518 2.2333 4.3825
-1.4290 2.2365 4.3825
-1.3331 2.2493 4.3825
-1.1644 2.2281 4.3825
-1.0674 2.2364 4.3825
-0.9616 2.2390 4.3825
-0.8959 2.2589 4.3825
-2.0831 2.8889 4.3825
-2.0782 2.9507 4.3825
-2.0790 3.0159 4.3825
-2.1056 3.0951 4.3825
-2.1049 3.1610 4.3825
-2.1632 3.2595 4.3825
-2.2500 3.3757 4.3825
-2.3717 3.5144 4.3825
-2.8137 3.8415 4.3825
-2.6395 3.8167 4.3825
-2.5228 3.8231 4.3825
-2.4346 3.8451 4.3825
-2.7394 4.2727 4.3825
-2.8194 5.1099 4.3825
-2.5815 5.0170 4.3825
-2.6095 5.1301 4.3825
-1.8248 2.3357 4.8208
-1.7904 2.3333 4.8208
-1.7555 2.3296 4.8208
-1.7297 2.3376 4.8208
-1.7011 2.3413 4.8208
-1.6672 2.3373 4.8208
-1.6290 2.3264 4.8208
-1.6007 2.3290 4.8208
-1.5702 2.3279 4.8208
-1.5388 2.3249 4.8208
-1.5108 2.3265 4.8208
-1.4819 2.3261 4.8208
-1.4583 2.3338 4.8208
-1.4327 2.3379 4.8208
-1.3968 2.3246 4.8208
-1.3698 2.3255 4.8208
-1.3425 2.3253 4.8208
-1.3153 2.3247 4.8208
-1.2881 2.3239 4.8208
-1.2621 2.3245 4.8208
-1.2352 2.3230 4.8208
-1.2093 2.3231 4.8208
-1.1831 2.3220 4.8208
-1.1583 2.3232 4.8208
-1.1341 2.3252 4.8208
-1.1133 2.3341 4.8208
-1.0908 2.3392 4.8208
-1.0703 2.3486 4.8208
-1.0494 2.3569 4.8208
-1.0375 2.3862 4.8208
-1.0493 2.5333 4.8208
-1.0470 2.5915 4.8208
-1.0511 2.6684 4.8208
-1.0597 2.7606 4.8208
-1.0216 2.7323 4.8208
-1.0787 2.9638 4.8208
-1.0872 3.0702 4.8208
-1.0659 3.0956 4.8208
-1.0817 3.2328 4.8208
-1.0720 3.2992 4.8208
-1.0642 3.3752 4.8208
-1.0613 3.4714 4.8208
-1.0102 3.4105 4.8208
-0.9862 3.4394 4.8208
-0.9495 3.4238 4.8208
-0.9429 3.5189 4.8208
-0.9176 3.5483 4.8208
-0.9099 3.6493 4.8208
-0.8971 3.7368 4.8208
-0.8784 3.8049 4.8208
-0.8634 3.8944 4.8208
-0.8957 4.2139 4.8208
-0.9023 4.4351 4.8208
-0.7840 4.0335 4.8208
-0.7455 4.0225 4.8208
-0.7102 4.0279 4.8208
-0.6745 4.0309 4.8208
-0.6403 4.0426 4.8208
-0.6016 4.0253 4.8208
-0.5659 4.0264 4.8208
-0.5314 4.0362 4.8208
-0.4937 4.0208 4.8208
-0.4589 4.0279 4.8208
-0.4226 4.0209 4.8208
-0.3870 4.0194 4.8208
-0.3519 4.0226 4.8208
-0.3156 4.0096 4.8208
-0.2809 4.0172 4.8208
-0.2463 4.0275 4.8208
-0.2111 4.0275 4.8208
-0.1756 4.0212 4.8208
-0.1404 4.0195 4.8208
-0.1053 4.0226 4.8208
-0.0702 4.0224 4.8208
-0.0444 5.0828 4.8208
-1.7537 2.2600 4.8208
-1.6358 2.2682 4.8208
-1.4833 2.2596 4.8208
-1.3909 2.2745 4.8208
-1.2631 2.2720 4.8208
-1.1257 2.2630 4.8208
-1.7882 2.6245 4.8208
-1.8454 2.7118 4.8208
-1.8619 2.7810 4.8208
-1.8885 2.8561 4.8208
-1.8820 2.9155 4.8208
-1.8803 2.9778 4.8208
-1.8789 3.0408 4.8208
-1.8785 3.1049 4.8208
-1.9054 3.1847 4.8208
-1.9052 3.2505 4.8208
-1.9052 3.3170 4.8208
-1.9355 3.4020 4.8208
-1.9373 3.4714 4.8208
-1.9690 3.5598 4.8208
-2.0344 3.6708 4.8208
-1.9457 3.6859 4.8208
-2.0424 3.8201 4.8208
-2.1531 3.9668 4.8208
-2.0640 4.0577 4.8208
-1.9694 4.0678 4.8208
-1.9858 4.1555 4.8208
-2.7186 5.1242 4.8208
-2.6157 5.1351 4.8208
-2.7553 4.1628 5.2590
-2.7052 4.1657 5.2590
-2.6569 4.1706 5.2590
-2.6072 4.1724 5.2590
-2.5555 4.1703 5.2590
-2.5046 4.1684 5.2590
-2.4575 4.1720 5.2590
-2.4030 4.1621 5.2590
-1.7520 3.0967 5.2590
-1.6707 3.0139 5.2590
-1.6376 3.0161 5.2590
-1.6028 3.0144 5.2590
-1.5663 3.0087 5.2590
-1.5349 3.0125 5.2590
-1.5041 3.0168 5.2590
-1.4707 3.0155 5.2590
-1.4327 3.0038 5.2590
-1.4018 3.0062 5.2590
-1.3701 3.0065 5.2590
-1.3378 3.0047 5.2590
-1.3095 3.0116 5.2590
-1.2734 2.9999 5.2590
-1.2460 3.0082 5.2590
-1.2163 3.0106 5.2590
-1.1900 3.0211 5.2590
-1.1615 3.0257 5.2590
-1.1452 3.0629 5.2590
-1.1324 3.1113 5.2590
-1.1263 3.1805 5.2590
-1.1183 3.2479 5.2590
-1.1169 3.3381 5.2590
-1.1032 3.3953 5.2590
-1.0955 3.4744 5.2590
-1.0865 3.5536 5.2590
-1.0795 3.6445 5.2590
-1.0711 3.7355 5.2590
-1.0657 3.8430 5.2590
-1.0669 3.9815 5.2590
-1.0606 4.1011 5.2590
-1.0480 4.2033 5.2590
-0.9627 4.0101 5.2590
-0.9261 4.0115 5.2590
-0.8906 4.0175 5.2590
-0.9142 4.3009 5.2590
-0.9153 4.4988 5.2590
-0.8287 4.2632 5.2590
-0.7678 4.1425 5.2590
-0.7285 4.1313 5.2590
-0.6907 4.1276 5.2590
-0.6533 4.1246 5.2590
-0.6175 4.1321 5.2590
-0.5812 4.1354 5.2590
-0.5433 4.1264 5.2590
-0.5062 4.1230 5.2590
-0.4706 4.1303 5.2590
-0.4333 4.1223 5.2590
-0.3980 4.1339 5.2590
-0.3613 4.1292 5.2590
-0.3236 4.1123 5.2590
-0.2879 4.1169 5.2590
-0.2512 4.1063 5.2590
-0.2157 4.1154 5.2590
-0.1798 4.1181 5.2590
-0.1438 4.1185 5.2590
-0.1079 4.1196 5.2590
-0.0718 4.1144 5.2590
-0.0445 5.1008 5.2590
-1.7384 2.9039 5.2590
-1.6793 2.9347 5.2590
-1.5568 2.9302 5.2590
-1.4654 2.9409 5.2590
-1.3726 2.9491 5.2590
-1.2817 2.9570 5.2590
-1.1859 2.9605 5.2590
-1.7882 3.3817 5.2590
-1.7883 3.4490 5.2590
-1.7893 3.5176 5.2590
-1.7913 3.5875 5.2590
-1.8277 3.6807 5.2590
-1.8313 3.7537 5.2590
-1.8356 3.8282 5.2590
-1.8391 3.9031 5.2590
-2.0784 4.1441 5.2590
-0.8159 3.3210 5.2590
-1.9509 4.2074 5.2590
-1.9437 4.3583 5.2590
-2.7186 5.1242 5.2590
-2.6103 5.1308 5.2590
-2.7066 5.7920 5.2590
-2.7590 4.3308 5.6973
-2.7015 4.3233 5.6973
-2.6475 4.3203 5.6973
-2.5994 4.3261 5.6973
-2.5418 4.3150 5.6973
-1.7315 2.9990 5.6973
-1.8367 3.2464 5.6973
-1.7196 3.1023 5.6973
-1.6872 3.1075 5.6973
-1.6760 3.1521 5.6973
-1.6568 3.1826 5.6973
-1.6058 3.1515 5.6973
-1.5599 3.1287 5.6973
-1.5273 3.1314 5.6973
-1.4986 3.1419 5.6973
-1.5168 3.2527 5.6973
-1.4842 3.2568 5.6973
-1.4427 3.2403 5.6973
-1.3976 3.2143 5.6973
-1.3492 3.1785 5.6973
-1.2904 3.1153 5.6973
-1.2523 3.0996 5.6973
-1.2527 3.1802 5.6973
-1.1496 2.9949 5.6973
-1.1595 3.1013 5.6973
-1.1304 3.1057 5.6973
-1.1089 3.1315 5.6973
-1.0926 3.1732 5.6973
-1.0931 3.2670 5.6973
-1.0856 3.3411 5.6973
-1.0747 3.4086 5.6973
-1.0698 3.4991 5.6973
-1.0625 3.5869 5.6973
-1.0518 3.6682 5.6973
-1.0516 3.7919 5.6973
-1.0513 3.9236 5.6973
-1.0286 3.9772 5.6973
-1.0340 4.1470 5.6973
-1.0328 4.3018 5.6973
-0.9590 4.1537 5.6973
-1.0655 4.8063 5.6973
-0.9899 4.6570 5.6973
-0.9342 4.5919 5.6973
-0.8920 4.5891 5.6973
-0.8040 4.3381 5.6973
-0.7545 4.2790 5.6973
-0.7147 4.2706 5.6973
-0.6778 4.2797 5.6973
-0.6372 4.2636 5.6973
-0.6003 4.2710 5.6973
-0.5609 4.2602 5.6973
-0.5233 4.2620 5.6973
-0.4843 4.2505 5.6973
-0.4487 4.2695 5.6973
-0.4106 4.2643 5.6973
-0.3731 4.2647 5.6973
-0.3356 4.2638 5.6973
-0.2978 4.2586 5.6973
-0.2601 4.2521 5.6973
-0.2231 4.2572 5.6973
-0.1861 4.2629 5.6973
-0.1487 4.2574 5.6973
-0.1113 4.2515 5.6973
-0.0743 4.2544 5.6973
-0.0438 5.0228 5.6973
-1.7352 3.0271 5.6973
-1.6745 3.0567 5.6973
-1.5814 3.0673 5.6973
-1.5224 3.0960 5.6973
-1.1867 2.9610 5.6973
-1.2113 3.0351 5.6973
-1.2750 3.1345 5.6973
-1.1796 3.1366 5.6973
-1.8217 3.6069 5.6973
-1.2373 3.2972 5.6973
-1.8279 3.7515 5.6973
-1.8339 3.8271 5.6973
-1.8382 3.9025 5.6973
-1.8457 3.9812 5.6973
-1.8507 4.0591 5.6973
-1.8579 4.1398 5.6973
-1.8742 4.3060 5.6973
-1.8550 4.4494 5.6973
-2.6463 5.1594 5.6973
-1.8285 4.5903 5.6973
-2.7403 5.7202 5.6973
-0.1531 4.2079 5.6973
-2.8086 4.4947 6.1355
-2.7421 4.4747 6.1355
-2.6813 4.4624 6.1355
-2.6265 4.4589 6.1355
-2.5770 4.4635 6.1355
-2.0652 3.6503 6.1355
-1.7652 3.1845 6.1355
-1.7264 3.1796 6.1355
-1.6929 3.1839 6.1355
-1.6586 3.1861 6.1355
-1.6226 3.1845 6.1355
-1.5840 3.1770 6.1355
-1.5527 3.1835 6.1355
-1.5193 3.1852 6.1355
-1.4876 3.1902 6.1355
-1.4518 3.1858 6.1355
-1.4191 3.1874 6.1355
-1.3861 3.1877 6.1355
-1.3547 3.1914 6.1355
-1.3206 3.1883 6.1355
-1.2886 3.1895 6.1355
-1.2564 3.1895 6.1355
-1.2253 3.1919 6.1355
-1.1914 3.1866 6.1355
-1.1605 3.1884 6.1355
-1.1296 3.1899 6.1355
-1.1034 3.2044 6.1355
-1.0715 3.2025 6.1355
-1.0584 3.2574 6.1355
-1.0543 3.3437 6.1355
-1.0520 3.4408 6.1355
-1.0494 3.5428 6.1355
-1.0485 3.6566 6.1355
-1.0441 3.7649 6.1355
-1.0428 3.8917 6.1355
-1.0411 4.0256 6.1355
-1.0366 4.1577 6.1355
-1.0335 4.3047 6.1355
-1.0204 4.4197 6.1355
-0.9608 4.3338 6.1355
-0.9235 4.3449 6.1355
-0.8842 4.3460 6.1355
-0.8571 4.4095 6.1355
-0.8545 4.6105 6.1355
-0.7783 4.4139 6.1355
-0.7401 4.4225 6.1355
-0.6988 4.4120 6.1355
-0.6585 4.4061 6.1355
-0.6199 4.4107 6.1355
-0.5816 4.4179 6.1355
-0.5418 4.4129 6.1355
-0.5019 4.4055 6.1355
-0.4637 4.4117 6.1355
-0.4242 4.4056 6.1355
-0.3857 4.4082 6.1355
-0.3462 4.3994 6.1355
-0.3078 4.4023 6.1355
-0.2692 4.4018 6.1355
-0.2307 4.4030 6.1355
-0.1923 4.4048 6.1355
-0.1534 4.3933 6.1355
-0.1153 4.4015 6.1355
-0.0768 4.3993 6.1355
-0.0428 4.9048 6.1355
-1.7891 3.1202 6.1355
-1.6702 3.1175 6.1355
-1.5796 3.1290 6.1355
-1.4900 3.1396 6.1355
-1.3664 3.1283 6.1355
-1.2724 3.1329 6.1355
-1.1754 3.1339 6.1355
-1.8529 3.6268 6.1355
-1.8571 3.6997 6.1355
-1.8613 3.7736 6.1355
-1.8663 3.8489 6.1355
-1.8720 3.9258 6.1355
-2.4200 4.3833 6.1355
-1.8482 4.0574 6.1355
-1.8563 4.1386 6.1355
-1.8955 4.2441 6.1355
-1.8303 4.2729 6.1355
-2.0205 4.4969 6.1355
-2.7549 5.1525 6.1355
-2.6799 5.1862 6.1355
-2.7081 5.7933 6.1355
-2.8737 4.6895 6.5738
-2.7472 4.5721 6.5738
-2.6971 4.5787 6.5738
-2.6395 4.5717 6.5738
-2.5887 4.5755 6.5738
-2.5336 4.5708 6.5738
-2.4822 4.5716 6.5738
-2.4333 4.5763 6.5738
-2.3799 4.5717 6.5738
-2.3285 4.5700 6.5738
-2.2841 4.5812 6.5738
-2.2335 4.5794 6.5738
-2.1775 4.5653 6.5738
-2.1342 4.5769 6.5738
-2.0863 4.5780 6.5738
-2.1769 4.8893 6.5738
-1.9666 4.5229 6.5738
-1.9158 4.5132 6.5738
-1.8744 4.5252 6.5738
-1.8607 4.6053 6.5738
-1.8776 4.7665 6.5738
-1.8399 4.7930 6.5738
-1.8218 4.8726 6.5738
-1.8657 5.1260 6.5738
-1.8580 5.2467 6.5738
-1.8053 5.2429 6.5738
-1.7585 5.2556 6.5738
-1.7027 5.2403 6.5738
-1.6545 5.2474 6.5738
-1.6040 5.2463 6.5738
-1.5516 5.2380 6.5738
-1.5033 5.2427 6.5738
-1.4524 5.2373 6.5738
-1.4067 5.2498 6.5738
-1.3568 5.2464 6.5738
-1.3083 5.2474 6.5738
-1.2536 5.2216 6.5738
-1.2062 5.2246 6.5738
-1.1571 5.2193 6.5738
-0.9524 4.4809 6.5738
-0.9143 4.4939 6.5738
-0.8749 4.5008 6.5738
-0.8813 4.7550 6.5738
-0.8335 4.7271 6.5738
-0.7632 4.5606 6.5738
-0.7285 4.5997 6.5738
-0.6799 4.5495 6.5738
-0.6401 4.5542 6.5738
-0.5994 4.5527 6.5738
-0.5594 4.5558 6.5738
-0.5182 4.5486 6.5738
-0.4778 4.5460 6.5738
-0.4387 4.5559 6.5738
-0.3983 4.5526 6.5738
-0.3574 4.5410 6.5738
-0.3180 4.5469 6.5738
-0.2789 4.5595 6.5738
-0.2388 4.5567 6.5738
-0.1988 4.5527 6.5738
-0.1588 4.5472 6.5738
-0.1192 4.5514 6.5738
-0.0793 4.5403 6.5738
-0.0439 5.0308 6.5738
-1.5487 3.6348 6.5738
-1.4863 3.6607 6.5738
-2.5264 4.4578 6.5738
-1.7864 4.0132 6.5738
-1.3636 3.7806 6.5738
-1.5282 3.9722 6.5738
-1.5700 4.0767 6.5738
-1.4033 4.0233 6.5738
-1.4720 4.1502 6.5738
-1.8230 4.5045 6.5738
-0.9806 3.9037 6.5738
-0.9811 3.9742 6.5738
-2.7694 5.6450 6.5738
-0.7976 4.4785 6.5738
-0.7326 4.4935 6.5738
-0.6629 4.5029 6.5738
-0.4641 4.4570 6.5738
-0.2939 4.5114 6.5738
-0.2276 4.5176 6.5738
-0.0911 4.6027 6.5738
0.0121 4.6436 6.5738
-2.7456 5.2742 7.0120
-2.6976 5.2944 7.0120
-2.6366 5.2882 7.0120
-2.5772 5.2840 7.0120
-2.5142 5.2711 7.0120
-2.4634 5.2829 7.0120
-2.4019 5.2705 7.0120
-2.3477 5.2730 7.0120
-2.0970 4.8228 7.0120
-1.9263 4.5381 7.0120
-1.8797 4.5381 7.0120
-1.8670 4.6211 7.0120
-1.8585 4.7181 7.0120
-1.8606 4.8471 7.0120
-1.8158 4.8566 7.0120
-1.8004 4.9465 7.0120
-1.8486 5.2203 7.0120
-1.8089 5.2533 7.0120
-1.7572 5.2518 7.0120
-1.7052 5.2479 7.0120
-1.6154 5.1234 7.0120
-1.5063 4.9269 7.0120
-1.4579 4.9216 7.0120
-1.4069 4.9063 7.0120
-1.3675 4.9309 7.0120
-1.3231 4.9378 7.0120
-1.2799 4.9492 7.0120
-1.2827 5.1445 7.0120
-1.2599 5.2479 7.0120
-1.2154 5.2645 7.0120
-1.1580 5.2232 7.0120
-0.9620 4.5259 7.0120
-0.9187 4.5155 7.0120
-0.8827 4.5410 7.0120
-0.8955 4.8317 7.0120
-0.8524 4.8344 7.0120
-0.8165 4.8792 7.0120
-0.7933 5.0086 7.0120
-0.7550 5.0519 7.0120
-0.6458 4.5948 7.0120
-0.5636 4.2811 7.0120
-0.5249 4.2749 7.0120
-0.4880 4.2833 7.0120
-0.4514 4.2943 7.0120
-0.4118 4.2762 7.0120
-0.3748 4.2836 7.0120
-0.3374 4.2867 7.0120
-0.3013 4.3085 7.0120
-0.2629 4.2990 7.0120
-0.2256 4.3051 7.0120
-0.1889 4.3259 7.0120
-0.1577 4.5162 7.0120
-0.1126 4.2995 7.0120
-0.0763 4.3723 7.0120
-0.0381 4.3618 7.0120
0.0000 4.3460 7.0120
0.0373 4.2698 7.0120
0.0743 4.2594 7.0120
0.1130 4.3135 7.0120
-1.9235 4.5029 7.0120
-2.7394 5.2335 7.0120
-2.6002 5.2152 7.0120
-1.9518 4.7744 7.0120
-2.3619 5.2040 7.0120
-2.0106 4.9969 7.0120
-2.1531 5.2098 7.0120
-2.0483 5.2095 7.0120
-1.9766 5.2373 7.0120
-0.9679 4.4835 7.0120
-1.0070 4.5996 7.0120
-1.0098 4.6834 7.0120
-1.0543 4.8096 7.0120
-0.4246 4.2646 7.0120
-0.3570 4.2709 7.0120
-1.1789 5.1972 7.0120
-1.1127 5.2191 7.0120
-0.9660 5.1538 7.0120
-0.0202 4.2872 7.0120
-0.0204 4.3634 7.0120
-0.4465 5.2000 7.0120
-0.3777 5.2084 7.0120
-0.3066 5.2130 7.0120
-0.2388 5.2206 7.0120
-0.1675 5.2226 7.0120
-0.0935 5.2199 7.0120
0.0447 5.2238 7.0120
0.5229 5.9841 7.0120
-2.7557 5.2937 7.4503
-2.6962 5.2917 7.4503
-2.6357 5.2864 7.4503
-2.5816 5.2930 7.4503
-2.5185 5.2801 7.4503
-2.4605 5.2765 7.4503
-2.4040 5.2750 7.4503
-2.3477 5.2730 7.4503
-2.2932 5.2740 7.4503
-2.2373 5.2708 7.4503
-2.1878 5.2818 7.4503
-1.9000 4.7027 7.4503
-2.0645 5.2410 7.4503
-2.0212 5.2654 7.4503
-1.9657 5.2575 7.4503
-1.9143 5.2595 7.4503
-1.8566 5.2430 7.4503
-1.4690 4.2662 7.4503
-1.4228 4.2523 7.4503
-1.3869 4.2683 7.4503
-1.3523 4.2889 7.4503
-1.3967 4.5683 7.4503
-1.3596 4.5899 7.4503
-1.2528 4.3689 7.4503
-1.0874 3.9210 7.4503
-1.0552 3.9381 7.4503
-1.0401 4.0217 7.4503
-1.0255 4.1131 7.4503
-1.0195 4.2463 7.4503
-0.9810 4.2492 7.4503
-0.9428 4.2527 7.4503
-0.9042 4.2540 7.4503
-0.8657 4.2548 7.4503
-0.8275 4.2573 7.4503
-0.7863 4.2427 7.4503
-0.7429 4.2130 7.4503
-0.7028 4.1996 7.4503
-0.6609 4.1730 7.4503
-0.6212 4.1568 7.4503
-0.5827 4.1463 7.4503
-0.5473 4.1571 7.4503
-0.6137 4.9985 7.4503
-0.5992 5.2590 7.4503
-0.5513 5.2451 7.4503
-0.5049 5.2437 7.4503
-0.4568 5.2211 7.4503
-0.4116 5.2298 7.4503
-0.3650 5.2203 7.4503
-0.3211 5.2502 7.4503
-0.2741 5.2298 7.4503
-0.2290 5.2450 7.4503
-0.1857 5.3168 7.4503
-0.1382 5.2762 7.4503
-0.0913 5.2302 7.4503
-0.0457 5.2418 7.4503
0.0435 4.9858 7.4503
-1.4473 4.2057 7.4503
-1.3840 4.2303 7.4503
-2.4981 5.2247 7.4503
-1.1554 4.1916 7.4503
-1.0882 4.2091 7.4503
-0.9917 4.2001 7.4503
-0.9256 4.2163 7.4503
-0.8582 4.2302 7.4503
-0.7591 4.2143 7.4503
-0.6235 4.1622 7.4503
-0.5217 4.1391 7.4503
-1.5658 5.2204 7.4503
-0.4224 4.1886 7.4503
0.0776 4.5642 7.4503
-2.7497 5.2821 7.8885
-2.4184 4.7464 7.8885
-2.2163 4.4451 7.8885
-2.1450 4.3978 7.8885
-2.0850 4.3712 7.8885
-2.0260 4.3448 7.8885
-1.9694 4.3214 7.8885
-1.9108 4.2918 7.8885
-1.8558 4.2680 7.8885
-1.8005 4.2417 7.8885
-1.7485 4.2212 7.8885
-1.6973 4.2011 7.8885
-1.6405 4.1645 7.8885
-1.5990 4.1656 7.8885
-1.9107 5.1105 7.8885
-1.9430 5.3384 7.8885
-1.8296 5.1666 7.8885
-1.7616 5.1162 7.8885
-1.7169 5.1314 7.8885
-1.6946 5.2156 7.8885
-1.7483 5.5449 7.8885
-1.6341 5.3448 7.8885
-1.5564 5.2543 7.8885
-1.5077 5.2581 7.8885
-1.4556 5.2489 7.8885
-1.4113 5.2672 7.8885
-1.3576 5.2493 7.8885
-1.3105 5.2561 7.8885
-1.2615 5.2547 7.8885
-1.2098 5.2402 7.8885
-1.1608 5.2359 7.8885
-1.1130 5.2360 7.8885
-1.0688 5.2534 7.8885
-1.0183 5.2389 7.8885
-0.9728 5.2486 7.8885
-0.9245 5.2431 7.8885
-0.8860 5.2944 7.8885
-0.8294 5.2367 7.8885
-0.7841 5.2467 7.8885
-0.7366 5.2415 7.8885
-0.6884 5.2289 7.8885
-0.6436 5.2416 7.8885
-0.5960 5.2312 7.8885
-0.5507 5.2391 7.8885
-0.5034 5.2278 7.8885
-0.4572 5.2260 7.8885
-0.4118 5.2328 7.8885
-0.3659 5.2322 7.8885
-0.3214 5.2542 7.8885
-0.2739 5.2258 7.8885
-0.2294 5.2540 7.8885
-0.1833 5.2488 7.8885
-0.1381 5.2742 7.8885
-0.0856 4.9053 7.8885
-0.0451 5.1678 7.8885
-1.9687 4.2982 7.8885
-1.7041 4.1778 7.8885
-1.5389 4.1274 7.8885
-2.1485 4.7635 7.8885
-1.4174 4.2574 7.8885
-2.1370 4.9271 7.8885
-2.3642 5.2059 7.8885
-2.2600 5.2099 7.8885
-2.1003 5.1638 7.8885
-0.8392 5.1968 7.8885
-0.7659 5.2060 7.8885
-0.6927 5.2143 7.8885
-0.6224 5.2247 7.8885
-0.5239 5.2007 7.8885
-0.4516 5.2062 7.8885
-0.3821 5.2139 7.8885
-0.0557 4.8976 7.8885
-0.2388 5.2206 7.8885
-0.1705 5.2266 7.8885
-0.0953 5.2223 7.8885
0.0764 5.1801 7.8885
-2.6032 4.8959 8.3268
-2.3785 4.5690 8.3268
-2.2840 4.4827 8.3268
-2.2163 4.4451 8.3268
-2.1949 4.5003 8.3268
-2.2016 4.6158 8.3268
-2.2230 4.7672 8.3268
-2.3451 5.1458 8.3268
-2.3465 5.2702 8.3268
-2.2960 5.2804 8.3268
-2.2416 5.2809 8.3268
-2.1878 5.2818 8.3268
-2.1281 5.2673 8.3268
-2.0770 5.2727 8.3268
-2.0226 5.2691 8.3268
-1.9696 5.2678 8.3268
-1.9180 5.2698 8.3268
-1.8640 5.2637 8.3268
-1.8115 5.2609 8.3268
-1.7604 5.2613 8.3268
-1.7147 5.2774 8.3268
-1.7504 5.5516 8.3268
-1.7072 5.5839 8.3268
-1.6592 5.6014 8.3268
-1.5709 5.4782 8.3268
-1.5142 5.4599 8.3268
-1.4667 5.4739 8.3268
-1.4144 5.4691 8.3268
-1.3531 5.4269 8.3268
-1.3003 5.4161 8.3268
-1.2948 5.6085 8.3268
-1.1958 5.3940 8.3268
-1.1312 5.3221 8.3268
-1.0688 5.2534 8.3268
-1.0193 5.2439 8.3268
-0.9719 5.2437 8.3268
-0.9245 5.2431 8.3268
-0.8800 5.2589 8.3268
-0.8305 5.2436 8.3268
-0.7846 5.2497 8.3268
-0.7358 5.2355 8.3268
-0.6901 5.2418 8.3268
-0.6447 5.2506 8.3268
-0.5969 5.2391 8.3268
-0.5504 5.2372 8.3268
-0.5033 5.2268 8.3268
-0.4575 5.2290 8.3268
-0.4121 5.2368 8.3268
-0.3651 5.2213 8.3268
-0.3200 5.2312 8.3268
-0.2744 5.2368 8.3268
-0.2292 5.2500 8.3268
-0.1831 5.2428 8.3268
-0.1389 5.3062 8.3268
-2.7771 4.2972 8.3268
-2.6460 4.2930 8.3268
-2.5875 4.3354 8.3268
-2.4857 4.5959 8.3268
-2.6753 5.0903 8.3268
-2.3220 4.9899 8.3268
-2.2189 5.1748 8.3268
-2.0513 5.2122 8.3268
-1.9476 5.2112 8.3268
-1.8488 5.2129 8.3268
-1.7731 5.2343 8.3268
-1.6788 5.3294 8.3268
-1.5779 5.3241 8.3268
-1.4789 5.3189 8.3268
-1.3748 5.4001 8.3268
-1.1155 5.2220 8.3268
-1.0145 5.2058 8.3268
-0.9418 5.2184 8.3268
-0.8680 5.2288 8.3268
-0.7665 5.2067 8.3268
-0.6934 5.2150 8.3268
-0.6211 5.2232 8.3268
-0.5496 5.2313 8.3268
-0.4516 5.2062 8.3268
-0.3815 5.2131 8.3268
-0.3072 5.2137 8.3268
-0.2400 5.2221 8.3268
0.1155 5.6271 8.3268
-2.8298 5.1052 8.7650
-2.6153 4.8168 8.7650
-2.5610 4.8165 8.7650
-2.5078 4.8174 8.7650
-2.4520 4.8123 8.7650
-2.3965 4.8067 8.7650
-2.3453 4.8085 8.7650
-2.2903 4.8018 8.7650
-2.2378 4.7989 8.7650
-2.1871 4.7991 8.7650
-2.1354 4.7961 8.7650
-2.0847 4.7944 8.7650
-2.0396 4.8050 8.7650
-1.9850 4.7922 8.7650
-1.9401 4.8019 8.7650
-1.8900 4.7982 8.7650
-1.8409 4.7958 8.7650
-1.7931 4.7958 8.7650
-1.7405 4.7821 8.7650
-1.6951 4.7867 8.7650
-1.6467 4.7824 8.7650
-1.6002 4.7824 8.7650
-1.5550 4.7857 8.7650
-1.5113 4.7934 8.7650
-1.4619 4.7815 8.7650
-1.4152 4.7778 8.7650
-1.3727 4.7871 8.7650
-1.3268 4.7844 8.7650
-1.2799 4.7765 8.7650
-1.2356 4.7778 8.7650
-1.1905 4.7748 8.7650
-1.1481 4.7821 8.7650
-1.1005 4.7666 8.7650
-1.0580 4.7721 8.7650
-1.0144 4.7724 8.7650
-0.9725 4.7801 8.7650
-0.9275 4.7717 8.7650
-0.8842 4.7708 8.7650
-0.8405 4.7665 8.7650
-0.7982 4.7697 8.7650
-0.7532 4.7557 8.7650
-0.7121 4.7651 8.7650
-0.6700 4.7672 8.7650
-0.6265 4.7589 8.7650
-0.5850 4.7642 8.7650
-0.5422 4.7592 8.7650
-0.4995 4.7528 8.7650
-0.4582 4.7590 8.7650
-0.4155 4.7489 8.7650
-0.3742 4.7543 8.7650
-0.3319 4.7464 8.7650
-0.2905 4.7491 8.7650
-0.2491 4.7535 8.7650
-0.2074 4.7505 8.7650
-0.1735 4.9680 8.7650
-0.1306 4.9883 8.7650
-0.0869 4.9782 8.7650
-0.0448 5.1288 8.7650
-2.5812 4.7514 8.7650
-2.4812 4.7634 8.7650
-2.3521 4.7514 8.7650
-2.2505 4.7584 8.7650
-2.1524 4.7666 8.7650
-2.0531 4.7721 8.7650
-1.9256 4.7528 8.7650
-1.8211 4.7502 8.7650
-1.7224 4.7507 8.7650
-1.6233 4.7492 8.7650
-1.5240 4.7457 8.7650
-1.4527 4.7655 8.7650
-1.3534 4.7589 8.7650
-1.2531 4.7494 8.7650
-1.1528 4.7379 8.7650
-1.0824 4.7535 8.7650
-0.9823 4.7388 8.7650
-0.9125 4.7525 8.7650
-0.8133 4.7353 8.7650
-0.7427 4.7455 8.7650
-0.6729 4.7556 8.7650
-0.5746 4.7341 8.7650
-0.5047 4.7414 8.7650
-0.4351 4.7480 8.7650
-0.3643 4.7521 8.7650
-0.2669 4.7245 8.7650
-2.6165 4.7203 9.2033
-2.5566 4.7087 9.2033
-2.5046 4.7105 9.2033
-2.4463 4.6994 9.2033
-2.3930 4.6965 9.2033
-2.3448 4.7029 9.2033
-2.2896 4.6944 9.2033
-2.2421 4.7007 9.2033
-2.1870 4.6901 9.2033
-2.1440 4.7045 9.2033
-2.0890 4.6920 9.2033
-2.0388 4.6889 9.2033
-1.9923 4.6937 9.2033
-1.9425 4.6896 9.2033
-1.8955 4.6916 9.2033
-1.8490 4.6940 9.2033
-1.7986 4.6856 9.2033
-1.7524 4.6871 9.2033
-1.7074 4.6909 9.2033
-1.6617 4.6925 9.2033
-1.6138 4.6869 9.2033
-1.5678 4.6857 9.2033
-1.5204 4.6792 9.2033
-1.4759 4.6808 9.2033
-1.4282 4.6715 9.2033
-1.3871 4.6829 9.2033
-1.3426 4.6823 9.2033
-1.2953 4.6707 9.2033
-1.2519 4.6722 9.2033
-1.2103 4.6800 9.2033
-1.1641 4.6691 9.2033
-1.1191 4.6615 9.2033
-1.0773 4.6663 9.2033
-1.0367 4.6765 9.2033
-0.9936 4.6746 9.2033
-0.9492 4.6654 9.2033
-0.9073 4.6676 9.2033
-0.8663 4.6744 9.2033
-0.8219 4.6611 9.2033
-0.7802 4.6622 9.2033
-0.7373 4.6550 9.2033
-0.6971 4.6642 9.2033
-0.6548 4.6592 9.2033
-0.6127 4.6538 9.2033
-0.5705 4.6461 9.2033
-0.5299 4.6509 9.2033
-0.4895 4.6573 9.2033
-0.4475 4.6475 9.2033
-0.4070 4.6522 9.2033
-0.3658 4.6476 9.2033
-0.3258 4.6586 9.2033
-0.2845 4.6513 9.2033
-0.2437 4.6506 9.2033
-0.2027 4.6426 9.2033
-0.2089 5.9824 9.2033
-2.6916 4.6590 9.2033
-2.5618 4.6511 9.2033
-2.4630 4.6640 9.2033
-2.3366 4.6544 9.2033
-2.2355 4.6619 9.2033
-2.1079 4.6470 9.2033
-2.0084 4.6521 9.2033
-1.9101 4.6563 9.2033
-1.8083 4.6561 9.2033
-1.6801 4.6319 9.2033
-1.6106 4.6552 9.2033
-1.5132 4.6534 9.2033
-1.4139 4.6483 9.2033
-1.3130 4.6398 9.2033
-1.2435 4.6582 9.2033
-1.1434 4.6471 9.2033
-1.0461 4.6368 9.2033
-0.9738 4.6487 9.2033
-0.8760 4.6344 9.2033
-0.8043 4.6443 9.2033
-0.7075 4.6276 9.2033
-0.6371 4.6361 9.2033
-0.5372 4.6127 9.2033
-0.4007 4.6279 9.2033
-0.3320 4.6335 9.2033
-0.2629 4.6375 9.2033
-2.7058 4.3301 9.6415
-2.6600 4.3408 9.6415
-2.6633 4.4324 9.6415
-2.6620 4.5192 9.6415
-2.6630 4.6125 9.6415
-2.6581 4.6982 9.6415
-2.6117 4.7116 9.6415
-2.5533 4.7026 9.6415
-2.4971 4.6964 9.6415
-2.4408 4.6887 9.6415
-2.3916 4.6938 9.6415
-2.3363 4.6859 9.6415
-2.2852 4.6854 9.6415
-2.1982 4.6086 9.6415
-2.1524 4.6158 9.6415
-2.1066 4.6226 9.6415
-2.0451 4.5933 9.6415
-1.9902 4.5770 9.6415
-1.9626 4.6237 9.6415
-1.9318 4.6637 9.6415
-1.8790 4.6508 9.6415
-1.8292 4.6437 9.6415
-1.7936 4.6726 9.6415
-1.7468 4.6721 9.6415
-1.7009 4.6731 9.6415
-1.6557 4.6755 9.6415
-1.6028 4.6548 9.6415
-1.5611 4.6658 9.6415
-1.5120 4.6535 9.6415
-1.4698 4.6618 9.6415
-1.4259 4.6639 9.6415
-1.3806 4.6608 9.6415
-1.3333 4.6496 9.6415
-1.2897 4.6505 9.6415
-1.2452 4.6471 9.6415
-1.2006 4.6423 9.6415
-1.1561 4.6370 9.6415
-1.1124 4.6333 9.6415
-1.0678 4.6253 9.6415
-1.0257 4.6267 9.6415
-0.9822 4.6208 9.6415
-0.9464 4.6517 9.6415
-0.9046 4.6539 9.6415
-0.8640 4.6616 9.6415
-0.8189 4.6444 9.6415
-0.7777 4.6474 9.6415
-0.7368 4.6520 9.6415
-0.6953 4.6523 9.6415
-0.6536 4.6503 9.6415
-0.6123 4.6509 9.6415
-0.5710 4.6501 9.6415
-0.5299 4.6509 9.6415
-0.4884 4.6464 9.6415
-0.4474 4.6465 9.6415
-0.4070 4.6522 9.6415
-0.3660 4.6506 9.6415
-0.3250 4.6477 9.6415
-0.2842 4.6473 9.6415
-0.2493 4.7565 9.6415
-0.1886 4.3189 9.6415
-0.1493 4.2764 9.6415
-2.7041 4.2498 9.6415
-2.7185 4.3410 9.6415
-2.7126 4.5035 9.6415
-2.5245 4.6241 9.6415
-2.4269 4.6372 9.6415
-2.2536 4.5918 9.6415
-2.0911 4.5511 9.6415
-2.0228 4.5805 9.6415
-1.9372 4.5954 9.6415
-1.8409 4.6003 9.6415
-1.7743 4.6281 9.6415
-1.6778 4.6300 9.6415
-1.5764 4.6260 9.6415
-1.4762 4.6213 9.6415
-1.3750 4.6138 9.6415
-1.2773 4.6076 9.6415
-1.1757 4.5960 9.6415
-1.0762 4.5844 9.6415
-1.0077 4.6003 9.6415
-0.9443 4.6202 9.6415
-0.8732 4.6316 9.6415
-0.7746 4.6146 9.6415
-0.7054 4.6254 9.6415
-0.2231 4.2074 9.6415
-0.2247 4.2833 9.6415
-0.2254 4.3596 9.6415
-0.3973 4.6242 9.6415
-0.1888 4.4745 9.6415
-0.1907 4.5559 9.6415
-0.1915 4.6377 9.6415
-0.1950 4.7244 9.6415
-2.6957 4.3140 10.0798
-2.6872 4.3851 10.0798
-2.6803 4.4607 10.0798
-2.6752 4.5416 10.0798
-2.6550 4.5986 10.0798
-2.6094 4.6120 10.0798
-2.5530 4.6057 10.0798
-2.4994 4.6032 10.0798
-2.4366 4.5825 10.0798
-2.3540 4.5220 10.0798
-2.3176 4.5486 10.0798
-2.2761 4.5651 10.0798
-2.2304 4.5731 10.0798
-2.1965 4.6050 10.0798
-2.1528 4.6167 10.0798
-2.1095 4.6290 10.0798
-2.0678 4.6445 10.0798
-2.0225 4.6513 10.0798
-1.9029 4.4829 10.0798
-1.9142 4.6212 10.0798
-1.8921 4.6832 10.0798
-1.8505 4.6977 10.0798
-1.7947 4.6754 10.0798
-1.7496 4.6796 10.0798
-1.7039 4.6815 10.0798
-1.6617 4.6925 10.0798
-1.6161 4.6936 10.0798
-1.5669 4.6828 10.0798
-1.5228 4.6868 10.0798
-1.4780 4.6875 10.0798
-1.4303 4.6782 10.0798
-1.3763 4.6464 10.0798
-1.3407 4.6756 10.0798
-1.2969 4.6765 10.0798
-1.2529 4.6760 10.0798
-1.2088 4.6742 10.0798
-1.1641 4.6691 10.0798
-1.1229 4.6771 10.0798
-1.0775 4.6672 10.0798
-1.0337 4.6628 10.0798
-0.9926 4.6697 10.0798
-0.9500 4.6693 10.0798
-0.9056 4.6588 10.0798
-0.8645 4.6646 10.0798
-0.8226 4.6650 10.0798
-0.7800 4.6612 10.0798
-0.7384 4.6619 10.0798
-0.6971 4.6642 10.0798
-0.6554 4.6632 10.0798
-0.6133 4.6588 10.0798
-0.5723 4.6610 10.0798
-0.5307 4.6579 10.0798
-0.4896 4.6583 10.0798
-0.4490 4.6634 10.0798
-0.4076 4.6592 10.0798
-0.3664 4.6556 10.0798
-0.3251 4.6496 10.0798
-0.2850 4.6603 10.0798
-0.2444 4.6626 10.0798
-0.1945 4.4548 10.0798
-0.1498 4.2894 10.0798
-2.7343 4.2694 10.0798
-2.7343 4.4344 10.0798
-2.3986 4.4499 10.0798
-2.3393 4.4895 10.0798
-2.2757 4.5254 10.0798
-2.1889 4.5431 10.0798
-2.1252 4.5773 10.0798
-1.9566 4.5288 10.0798
-1.8775 4.6299 10.0798
-1.7774 4.6306 10.0798
-1.6786 4.6306 10.0798
-1.5787 4.6280 10.0798
-1.4807 4.6252 10.0798
-1.4094 4.6443 10.0798
-1.3122 4.6391 10.0798
-1.2140 4.6312 10.0798
-1.1420 4.6458 10.0798
-1.0447 4.6354 10.0798
-0.9436 4.6195 10.0798
-0.8746 4.6330 10.0798
-0.7746 4.6146 10.0798
-0.7054 4.6254 10.0798
-0.6357 4.6347 10.0798
-0.1883 4.2449 10.0798
-0.2261 4.3603 10.0798
-0.4000 4.6272 10.0798
-0.1895 4.4752 10.0798
-0.1914 4.5566 10.0798
-0.1908 4.6369 10.0798
-2.7058 4.3301 10.5180
-2.6809 4.3749 10.5180
-2.6730 4.4487 10.5180
-2.6737 4.5391 10.5180
-2.6740 4.6315 10.5180
-2.6226 4.6355 10.5180
-2.5472 4.5953 10.5180
-2.5647 4.7236 10.5180
-2.5121 4.7247 10.5180
-2.4510 4.7083 10.5180
-2.2954 4.5049 10.5180
-2.2359 4.4845 10.5180
-2.1892 4.4886 10.5180
-2.1396 4.4858 10.5180
-2.0932 4.4889 10.5180
-2.0502 4.4988 10.5180
-2.0036 4.5001 10.5180
-1.9527 4.4908 10.5180
-1.9079 4.4948 10.5180
-1.8637 4.4993 10.5180
-1.8180 4.4996 10.5180
-1.7750 4.5060 10.5180
-1.7334 4.5157 10.5180
-1.6926 4.5269 10.5180
-1.6564 4.5509 10.5180
-1.6340 4.6142 10.5180
-1.6129 4.6841 10.5180
-1.5710 4.6952 10.5180
-1.5238 4.6897 10.5180
-1.4789 4.6904 10.5180
-1.4326 4.6859 10.5180
-1.3880 4.6858 10.5180
-1.3448 4.6900 10.5180
-1.2977 4.6794 10.5180
-1.2532 4.6770 10.5180
-1.2123 4.6878 10.5180
-1.1678 4.6836 10.5180
-1.1226 4.6761 10.5180
-1.0793 4.6750 10.5180
-1.0365 4.6755 10.5180
-0.9967 4.6892 10.5180
-0.9508 4.6733 10.5180
-0.9088 4.6755 10.5180
-0.8660 4.6724 10.5180
-0.8241 4.6739 10.5180
-0.7820 4.6730 10.5180
-0.7395 4.6688 10.5180
-0.6972 4.6652 10.5180
-0.6561 4.6681 10.5180
-0.6140 4.6638 10.5180
-0.5740 4.6749 10.5180
-0.5316 4.6658 10.5180
-0.4906 4.6673 10.5180
-0.4499 4.6724 10.5180
-0.4080 4.6632 10.5180
-0.3669 4.6616 10.5180
-0.3263 4.6656 10.5180
-0.2853 4.6643 10.5180
-0.2498 4.7665 10.5180
-0.2015 4.6156 10.5180
-0.1495 4.2814 10.5180
-0.1534 5.8600 10.5180
-2.7369 4.2711 10.5180
-2.7359 4.4355 10.5180
-2.3045 4.4642 10.5180
-2.1407 4.4255 10.5180
-2.0140 4.4113 10.5180
-1.9190 4.4190 10.5180
-1.8518 4.4469 10.5180
-1.7854 4.4746 10.5180
-1.7283 4.5091 10.5180
-1.5809 4.6299 10.5180
-1.5109 4.6515 10.5180
-1.4124 4.6470 10.5180
-1.3145 4.6411 10.5180
-1.2443 4.6589 10.5180
-1.1442 4.6478 10.5180
-1.0461 4.6368 10.5180
-0.9760 4.6507 10.5180
-0.8760 4.6344 10.5180
-0.8071 4.6471 10.5180
-0.7075 4.6276 10.5180
-0.6385 4.6376 10.5180
-0.2240 4.2826 10.5180
-0.1531 4.2821 10.5180
-0.1885 4.3964 10.5180
-0.1908 4.4767 10.5180
-0.1901 4.5551 10.5180
-0.1915 4.6377 10.5180
-0.1924 4.7214 10.5180
-2.7323 4.3725 10.9563
-2.6757 4.3664 10.9563
-2.6751 4.4521 10.9563
-2.6631 4.5210 10.9563
-2.6075 4.5163 10.9563
-2.5557 4.5171 10.9563
-2.5608 4.6197 10.9563
-2.4994 4.6032 10.9563
-2.5112 4.7229 10.9563
-2.4565 4.7189 10.9563
-2.3008 4.5156 10.9563
-2.2511 4.5149 10.9563
-2.1997 4.5101 10.9563
-2.1569 4.5220 10.9563
-2.1122 4.5297 10.9563
-2.0668 4.5352 10.9563
-2.0194 4.5358 10.9563
-1.9758 4.5440 10.9563
-1.9322 4.5519 10.9563
-1.8847 4.5501 10.9563
-1.8397 4.5534 10.9563
-1.7955 4.5581 10.9563
-1.7470 4.5512 10.9563
-1.7062 4.5635 10.9563
-1.6694 4.5866 10.9563
-1.6557 4.6755 10.9563
-1.6119 4.6813 10.9563
-1.5761 4.7103 10.9563
-1.5256 4.6954 10.9563
-1.4813 4.6980 10.9563
-1.4335 4.6888 10.9563
-1.3857 4.6781 10.9563
-1.3189 4.5996 10.9563
-1.2761 4.6013 10.9563
-1.2328 4.6007 10.9563
-1.2121 4.6868 10.9563
-1.1564 4.6380 10.9563
-1.1140 4.6401 10.9563
-1.0699 4.6341 10.9563
-1.0300 4.6462 10.9563
-0.9851 4.6345 10.9563
-0.9544 4.6909 10.9563
-0.9090 4.6765 10.9563
-0.8693 4.6901 10.9563
-0.8250 4.6788 10.9563
-0.7835 4.6819 10.9563
-0.7406 4.6757 10.9563
-0.6983 4.6721 10.9563
-0.6548 4.6592 10.9563
-0.6150 4.6717 10.9563
-0.5746 4.6799 10.9563
-0.5334 4.6817 10.9563
-0.4915 4.6762 10.9563
-0.4499 4.6724 10.9563
-0.4092 4.6771 10.9563
-0.3681 4.6775 10.9563
-0.3269 4.6746 10.9563
-0.2864 4.6823 10.9563
-0.2451 4.6766 10.9563
-0.1976 4.5267 10.9563
-0.1495 4.2814 10.9563
-0.1448 5.5311 10.9563
-2.7394 4.2727 10.9563
-2.7409 4.4389 10.9563
-2.6203 4.4401 10.9563
-2.5600 4.4814 10.9563
-2.3953 4.4476 10.9563
-2.2721 4.4407 10.9563
-2.2074 4.4749 10.9563
-2.0827 4.4631 10.9563
-1.9888 4.4726 10.9563
-1.9227 4.5023 10.9563
-1.8292 4.5095 10.9563
-1.7321 4.5122 10.9563
-2.6852 5.4753 10.9563
-1.4730 4.5377 10.9563
-1.4045 4.5590 10.9563
-1.3083 4.5549 10.9563
-1.1456 4.6492 10.9563
-1.0454 4.6361 10.9563
-0.9767 4.6514 10.9563
-0.8767 4.6351 10.9563
-0.8099 4.6499 10.9563
-0.7376 4.6582 10.9563
-0.6399 4.6390 10.9563
-0.5703 4.6475 10.9563
-0.1872 4.3186 10.9563
-0.1885 4.3964 10.9563
-0.0871 4.3615 10.9563
-0.1907 4.5559 10.9563
-0.1928 4.6392 10.9563
-2.8738 4.5990 11.3945
-2.6736 4.3630 11.3945
-2.6751 4.4521 11.3945
-2.6631 4.5210 11.3945
-2.6025 4.5077 11.3945
-2.5527 4.5119 11.3945
-2.5113 4.5305 11.3945
-2.4536 4.5189 11.3945
-2.4023 4.5180 11.3945
-2.3563 4.5264 11.3945
-2.3063 4.5263 11.3945
-2.2578 4.5284 11.3945
-2.2094 4.5299 11.3945
-2.1491 4.5057 11.3945
-2.0953 4.4935 11.3945
-2.0490 4.4961 11.3945
-1.9999 4.4919 11.3945
-1.9503 4.4853 11.3945
-1.9017 4.4801 11.3945
-1.8625 4.4965 11.3945
-1.8108 4.4820 11.3945
-1.7662 4.4837 11.3945
-1.7209 4.4831 11.3945
-1.6750 4.4801 11.3945
-1.6256 4.4664 11.3945
-1.5819 4.4672 11.3945
-1.5429 4.4808 11.3945
-1.4955 4.4694 11.3945
-1.4502 4.4633 11.3945
-1.4070 4.4624 11.3945
-1.3660 4.4679 11.3945
-1.3241 4.4700 11.3945
-1.2792 4.4612 11.3945
-1.2384 4.4655 11.3945
-1.1970 4.4674 11.3945
-1.1527 4.4574 11.3945
-1.1099 4.4517 11.3945
-1.0727 4.4680 11.3945
-1.0325 4.4724 11.3945
-0.9911 4.4705 11.3945
-0.9516 4.4770 11.3945
-0.9137 4.4910 11.3945
-0.8747 4.4998 11.3945
-0.8335 4.4974 11.3945
-0.7931 4.4976 11.3945
-0.7564 4.5201 11.3945
-0.7188 4.5384 11.3945
-0.6776 4.5336 11.3945
-0.6394 4.5493 11.3945
-0.6050 4.5953 11.3945
-0.5668 4.6163 11.3945
-0.5285 4.6390 11.3945
-0.4873 4.6365 11.3945
-0.4484 4.6565 11.3945
-0.4080 4.6632 11.3945
-0.3664 4.6556 11.3945
-0.3265 4.6686 11.3945
-0.2846 4.6533 11.3945
-0.2459 4.6926 11.3945
-0.1904 4.3608 11.3945
-0.1502 4.3014 11.3945
-2.7410 4.2738 11.3945
-2.7392 4.4378 11.3945
-2.6525 4.4621 11.3945
-2.5854 4.4991 11.3945
-2.3302 4.4011 11.3945
-2.2373 4.4154 11.3945
-2.1439 4.4279 11.3945
-2.0475 4.4366 11.3945
-1.9182 4.4184 11.3945
-1.8219 4.4235 11.3945
-1.7251 4.4267 11.3945
-1.6249 4.4254 11.3945
-1.5274 4.4246 11.3945
-1.4296 4.4217 11.3945
-1.3323 4.4175 11.3945
-1.2649 4.4376 11.3945
-1.1653 4.4283 11.3945
-1.0982 4.4464 11.3945
-1.0341 4.4663 11.3945
-0.9365 4.4541 11.3945
-0.8677 4.4674 11.3945
-0.8005 4.4812 11.3945
-0.7341 4.4949 11.3945
-0.6353 4.5541 11.3945
-0.5669 4.5635 11.3945
-0.2234 4.2819 11.3945
-0.4627 4.6141 11.3945
-0.1885 4.3964 11.3945
-0.0891 4.3637 11.3945
-0.1901 4.5551 11.3945
-0.1921 4.6384 11.3945
-0.1937 4.7229 11.3945
-2.7091 4.5087 11.8328
-2.5920 4.4003 11.8328
-2.5225 4.3691 11.8328
-2.4749 4.3744 11.8328
-2.4080 4.3442 11.8328
-2.3553 4.3378 11.8328
-2.3089 4.3423 11.8328
-2.2543 4.3304 11.8328
-2.2096 4.3365 11.8328
-2.1609 4.3342 11.8328
-2.0985 4.3025 11.8328
-2.0501 4.2981 11.8328
-2.0045 4.2986 11.8328
-1.9598 4.3005 11.8328
-1.9153 4.3019 11.8328
-1.8705 4.3019 11.8328
-1.8239 4.2969 11.8328
-1.7810 4.2997 11.8328
-1.7378 4.3012 11.8328
-1.6918 4.2948 11.8328
-1.6496 4.2973 11.8328
-1.6039 4.2900 11.8328
-1.5623 4.2925 11.8328
-1.5208 4.2947 11.8328
-1.4751 4.2841 11.8328
-1.4349 4.2883 11.8328
-1.3977 4.3016 11.8328
-1.3547 4.2965 11.8328
-1.3119 4.2909 11.8328
-1.2704 4.2888 11.8328
-1.2315 4.2949 11.8328
-1.1887 4.2862 11.8328
-1.1489 4.2877 11.8328
-1.1089 4.2879 11.8328
-1.0683 4.2848 11.8328
-1.0300 4.2901 11.8328
-0.9871 4.2755 11.8328
-0.9504 4.2869 11.8328
-0.9100 4.2814 11.8328
-0.8716 4.2842 11.8328
-0.8306 4.2730 11.8328
-0.7914 4.2703 11.8328
-0.7533 4.2721 11.8328
-0.7216 4.3120 11.8328
-0.6819 4.3053 11.8328
-0.6431 4.3032 11.8328
-0.6054 4.3077 11.8328
-0.5675 4.3108 11.8328
-0.5283 4.3027 11.8328
-0.4906 4.3061 11.8328
-0.4566 4.3441 11.8328
-0.4181 4.3419 11.8328
-0.3747 4.2826 11.8328
-0.3426 4.3525 11.8328
-0.3032 4.3364 11.8328
-0.2641 4.3179 11.8328
-0.2289 4.3680 11.8328
-0.1891 4.3309 11.8328
-0.1548 4.4343 11.8328
-2.4947 4.2728 11.8328
-2.3714 4.2690 11.8328
-2.2463 4.2617 11.8328
-2.0884 4.2287 11.8328
-1.9914 4.2368 11.8328
-1.8674 4.2232 11.8328
-1.7720 4.2290 11.8328
-1.6762 4.2327 11.8328
-1.5799 4.2345 11.8328
-1.4841 4.2350 11.8328
-1.3863 4.2322 11.8328
-1.2882 4.2274 11.8328
-1.2213 4.2469 11.8328
-1.1232 4.2389 11.8328
-1.0256 4.2296 11.8328
-0.9578 4.2447 11.8328
-0.8596 4.2316 11.8328
-0.7901 4.2427 11.8328
-0.7273 4.2591 11.8328
-0.6595 4.2699 11.8328
-0.5911 4.2791 11.8328
-0.4930 4.2580 11.8328
-0.3591 4.2731 11.8328
-0.2918 4.2786 11.8328
-2.4974 5.2359 12.2710
-2.4410 5.2348 12.2710
-2.3861 5.2359 12.2710
-2.3257 5.2237 12.2710
-2.2697 5.2199 12.2710
-2.2178 5.2248 12.2710
-2.1679 5.2338 12.2710
-2.1259 5.2618 12.2710
-2.0777 5.2745 12.2710
-1.9209 5.0040 12.2710
-1.9706 5.2707 12.2710
-1.9584 5.3807 12.2710
-1.9087 5.3900 12.2710
-1.5458 4.4893 12.2710
-1.7344 5.1835 12.2710
-1.7676 5.4400 12.2710
-1.7152 5.4400 12.2710
-1.6072 5.2568 12.2710
-1.6638 5.6168 12.2710
-1.5769 5.4994 12.2710
-1.4343 5.1718 12.2710
-1.2817 4.9559 12.2710
-1.3006 5.2163 12.2710
-1.2571 5.2362 12.2710
-1.2075 5.2304 12.2710
-1.1666 5.2622 12.2710
-1.1148 5.2448 12.2710
-1.0477 5.1495 12.2710
-1.0073 5.1820 12.2710
-0.9673 5.2191 12.2710
-0.9598 5.4430 12.2710
-2.5621 5.1843 12.2710
-1.5652 4.4557 12.2710
-2.3182 5.1674 12.2710
-2.1733 5.1358 12.2710
-2.0850 5.2420 12.2710
-1.7923 5.0713 12.2710
-1.5709 4.9582 12.2710
-1.7022 5.1682 12.2710
-1.1920 4.9449 12.2710
-1.2521 5.1818 12.2710
-1.1428 5.1598 12.2710
-1.0459 5.1487 12.2710
-1.2770 5.4873 12.2710
-0.8297 5.0961 12.2710
-2.6403 5.4134 12.7093
-2.4737 5.1863 12.7093
-2.4355 5.2231 12.7093
-2.3824 5.2277 12.7093
-2.3249 5.2218 12.7093
-2.2681 5.2162 12.7093
-2.2197 5.2294 12.7093
-2.1679 5.2338 12.7093
-2.1233 5.2553 12.7093
-2.0748 5.2671 12.7093
-2.0337 5.2981 12.7093
-1.9937 5.3325 12.7093
-1.9615 5.3891 12.7093
-1.9237 5.4324 12.7093
-1.7284 5.0198 12.7093
-1.6440 4.9133 12.7093
-1.6712 5.1433 12.7093
-1.6587 5.2607 12.7093
-1.5241 4.9852 12.7093
-1.5544 5.2476 12.7093
-1.4256 4.9716 12.7093
-1.4482 5.2219 12.7093
-1.3792 5.1474 12.7093
-1.3125 5.0750 12.7093
-1.2870 5.1620 12.7093
-1.2424 5.1750 12.7093
-1.1697 5.0667 12.7093
-1.1506 5.1900 12.7093
-1.0984 5.1676 12.7093
-1.0517 5.1691 12.7093
-1.0040 5.1653 12.7093
-0.9633 5.1975 12.7093
-0.9144 5.1860 12.7093
-0.8677 5.1849 12.7093
-0.8219 5.1893 12.7093
-0.7760 5.1923 12.7093
-0.7293 5.1890 12.7093
-0.6828 5.1862 12.7093
-0.6359 5.1791 12.7093
-0.5901 5.1795 12.7093
-0.5443 5.1785 12.7093
-0.4990 5.1820 12.7093
-0.4531 5.1792 12.7093
-0.4124 5.2398 12.7093
-0.3696 5.2851 12.7093
-0.3301 5.3969 12.7093
-0.2840 5.4196 12.7093
-0.2378 5.4458 12.7093
-2.5621 5.1843 12.7093
-2.4217 5.1618 12.7093
-2.3182 5.1674 12.7093
-2.2151 5.1716 12.7093
-2.1486 5.2058 12.7093
-1.7015 4.9027 12.7093
-1.5292 4.8345 12.7093
-1.7965 5.1649 12.7093
-1.5501 5.0263 12.7093
-1.2579 4.8378 12.7093
-1.4463 5.3793 12.7093
-1.0747 5.0893 12.7093
-0.9701 5.1582 12.7093
-0.8695 5.1396 12.7093
-0.7971 5.1500 12.7093
-0.7248 5.1596 12.7093
-0.6547 5.1705 12.7093
-0.5535 5.1441 12.7093
-0.4840 5.1532 12.7093
-0.4135 5.1599 12.7093
-0.3475 5.1711 12.7093
-2.6708 2.3629 13.1475
-2.6344 2.3721 13.1475
-2.6535 2.4314 13.1475
-2.6563 2.4770 13.1475
-2.6483 2.5132 13.1475
-2.6544 2.5633 13.1475
-2.6333 2.5878 13.1475
-2.6502 2.6502 13.1475
-2.6522 2.6989 13.1475
-2.6807 2.7759 13.1475
-2.6550 2.7978 13.1475
-2.6489 2.8406 13.1475
-2.7010 2.9476 13.1475
-2.6966 2.9949 13.1475
-2.6995 3.0512 13.1475
-2.6826 3.0860 13.1475
-2.6530 3.1063 13.1475
-2.6296 3.1339 13.1475
-2.6696 3.2385 13.1475
-2.6444 3.2656 13.1475
-2.6581 3.3417 13.1475
-2.6030 3.3317 13.1475
-2.6402 3.4408 13.1475
-2.6486 3.5148 13.1475
-2.6672 3.6045 13.1475
-2.6703 3.6754 13.1475
-2.6666 3.7384 13.1475
-2.5874 3.6952 13.1475
-2.5211 3.6682 13.1475
-2.4728 3.6660 13.1475
-2.4164 3.6508 13.1475
-2.3866 3.6751 13.1475
-2.3604 3.7050 13.1475
-2.3587 3.7747 13.1475
-2.3565 3.8454 13.1475
-2.3553 3.9198 13.1475
-2.3494 3.9885 13.1475
-2.3475 4.0660 13.1475
-2.3567 4.1655 13.1475
-2.5937 4.6792 13.1475
-2.4870 4.5804 13.1475
-2.5948 4.8801 13.1475
-2.5936 4.9823 13.1475
-2.4579 5.2711 13.1475
-2.3982 5.2623 13.1475
-2.3416 5.2593 13.1475
-2.2896 5.2658 13.1475
-2.2334 5.2616 13.1475
-2.1725 5.2449 13.1475
-2.1180 5.2423 13.1475
-2.0495 5.2029 13.1475
-1.8309 4.7697 13.1475
-1.9454 5.2032 13.1475
-1.6400 4.5058 13.1475
-1.8429 5.2043 13.1475
-1.7815 5.1739 13.1475
-1.7325 5.1778 13.1475
-1.6848 5.1852 13.1475
-1.6232 5.1482 13.1475
-1.5844 5.1822 13.1475
-1.5334 5.1767 13.1475
-1.2511 4.3632 13.1475
-1.4254 5.1400 13.1475
-1.3878 5.1793 13.1475
-1.3380 5.1738 13.1475
-1.2904 5.1756 13.1475
-1.2424 5.1750 13.1475
-1.1938 5.1710 13.1475
-1.1437 5.1587 13.1475
-1.0959 5.1558 13.1475
-1.0495 5.1583 13.1475
-1.0017 5.1535 13.1475
-0.4299 2.3195 13.1475
-0.4086 2.3173 13.1475
-0.3867 2.3109 13.1475
-0.3650 2.3043 13.1475
-0.3435 2.2985 13.1475
-0.3232 2.2994 13.1475
-0.3033 2.3041 13.1475
-0.2860 2.3295 13.1475
-0.2737 2.4025 13.1475
-0.2639 2.5112 13.1475
-0.2540 2.6378 13.1475
-0.2480 2.8342 13.1475
-0.2371 3.0127 13.1475
-0.2393 3.4216 13.1475
-0.2336 3.8189 13.1475
-0.2149 4.1004 13.1475
-0.1955 4.4767 13.1475
-0.1802 5.1589 13.1475
-0.1529 5.8400 13.1475
-2.7263 2.6530 13.1475
-2.6789 2.7002 13.1475
-2.6311 2.7468 13.1475
-2.7298 2.8566 13.1475
-2.7339 2.9269 13.1475
-2.7390 2.9982 13.1475
-2.7218 3.1298 13.1475
-2.7293 3.2041 13.1475
-2.7116 3.3382 13.1475
-2.7257 3.4179 13.1475
-0.3124 2.2546 13.1475
-2.7284 3.6409 13.1475
-0.3316 2.3602 13.1475
-0.3308 2.4080 13.1475
-0.3044 2.4902 13.1475
-0.3243 2.5519 13.1475
-0.3231 2.6014 13.1475
-0.3215 2.7025 13.1475
-0.2602 2.7139 13.1475
-0.2886 2.7848 13.1475
-0.2831 2.8337 13.1475
-2.7042 4.5823 13.1475
-0.2558 2.9215 13.1475
-0.2552 2.9754 13.1475
-2.6833 4.8270 13.1475
-0.2513 3.1394 13.1475
-0.2507 3.2539 13.1475
-0.2509 3.3127 13.1475
-0.2496 3.3712 13.1475
-0.4836 3.6279 13.1475
-0.4175 3.6363 13.1475
-0.2822 3.5834 13.1475
-0.5182 3.8558 13.1475
-0.2503 3.6829 13.1475
-0.5203 3.9954 13.1475
-0.5218 4.0674 13.1475
-0.5239 4.1411 13.1475
-1.2608 4.9258 13.1475
-1.4145 5.1636 13.1475
-1.2122 5.1411 13.1475
-1.1087 5.1246 13.1475
-1.0363 5.1386 13.1475
-0.3297 4.4715 13.1475
-0.7533 5.0127 13.1475
-0.7937 5.1463 13.1475
-0.2289 4.6807 13.1475
-0.2288 4.7639 13.1475
-0.2308 4.8514 13.1475
-0.4071 5.1521 13.1475
-0.3104 5.1253 13.1475
0.0056 5.4760 13.1475
-2.3965 2.3551 13.5858
-2.3504 2.3504 13.5858
-2.3067 2.3473 13.5858
-2.2701 2.3508 13.5858
-2.2241 2.3437 13.5858
-2.1783 2.3359 13.5858
-2.1342 2.3291 13.5858
-2.0977 2.3298 13.5858
-2.0607 2.3293 13.5858
-2.0161 2.3192 13.5858
-1.9834 2.3223 13.5858
-1.9515 2.3257 13.5858
-1.9070 2.3133 13.5858
-1.8710 2.3105 13.5858
-1.8439 2.3181 13.5858
-1.8088 2.3152 13.5858
-1.7733 2.3110 13.5858
-1.7362 2.3041 13.5858
-1.7054 2.3047 13.5858
-1.6781 2.3097 13.5858
-1.6428 2.3031 13.5858
-1.6158 2.3076 13.5858
-1.5820 2.3018 13.5858
-1.5574 2.3089 13.5858
-1.5272 2.3074 13.5858
-1.4939 2.3005 13.5858
-1.4631 2.2966 13.5858
-1.4393 2.3033 13.5858
-1.4060 2.2945 13.5858
-1.3798 2.2964 13.5858
-1.3531 2.2971 13.5858
-1.3265 2.2976 13.5858
-1.3005 2.2986 13.5858
-1.2770 2.3037 13.5858
-1.2482 2.2990 13.5858
-1.2277 2.3089 13.5858
-1.1992 2.3036 13.5858
-1.1708 2.2979 13.5858
-1.1485 2.3036 13.5858
-1.1262 2.3090 13.5858
-1.0948 2.2953 13.5858
-1.0692 2.2930 13.5858
-1.0492 2.3022 13.5858
-1.0250 2.3021 13.5858
-1.0052 2.3119 13.5858
-0.9753 2.2976 13.5858
-0.9548 2.3051 13.5858
-0.9350 2.3143 13.5858
-0.9108 2.3121 13.5858
-0.8859 2.3078 13.5858
-0.8615 2.3042 13.5858
-0.8410 2.3107 13.5858
-0.8172 2.3076 13.5858
-0.7928 2.3023 13.5858
-0.7723 2.3082 13.5858
-0.7525 2.3158 13.5858
-0.7325 2.3233 13.5858
-0.7055 2.3076 13.5858
-0.6853 2.3136 13.5858
-0.6651 2.3195 13.5858
-0.6416 2.3137 13.5858
-0.6183 2.3076 13.5858
-0.5982 2.3129 13.5858
-0.5806 2.3287 13.5858
-0.5598 2.3317 13.5858
-0.5428 2.3512 13.5858
-0.5296 2.3890 13.5858
-0.5165 2.4297 13.5858
-0.5040 2.4772 13.5858
-0.4900 2.5208 13.5858
-0.4816 2.5987 13.5858
-0.4640 2.6314 13.5858
-0.4422 2.6423 13.5858
-0.4208 2.6569 13.5858
-0.4010 2.6832 13.5858
-0.3852 2.7411 13.5858
-0.3661 2.7810 13.5858
-0.3490 2.8427 13.5858
-0.3326 2.9191 13.5858
-0.3171 3.0174 13.5858
-0.3020 3.1365 13.5858
-0.2845 3.2516 13.5858
-0.2675 3.3985 13.5858
-0.2513 3.5942 13.5858
-0.2366 3.8688 13.5858
-0.2206 4.2102 13.5858
-0.2016 4.6166 13.5858
-0.1774 5.0789 13.5858
-0.1543 5.8940 13.5858
-2.2165 2.2644 13.5858
-2.0630 2.2660 13.5858
-1.8746 2.2511 13.5858
-1.7018 2.2390 13.5858
-1.5518 2.2333 13.5858
-1.4280 2.2362 13.5858
-1.3341 2.2497 13.5858
-1.1982 2.2432 13.5858
-1.1011 2.2518 13.5858
-0.9571 2.2369 13.5858
-0.8516 2.2378 13.5858
-0.7861 2.2563 13.5858
-0.7170 2.2720 13.5858
-0.5963 2.2604 13.5858
-2.6689 3.3883 13.5858
-2.6788 3.4661 13.5858
-2.6619 3.6041 13.5858
-2.6772 3.6873 13.5858
-2.6610 3.8294 13.5858
-2.6830 3.9194 13.5858
-2.6448 4.1313 13.5858
-2.6605 4.2215 13.5858
-2.6572 4.3824 13.5858
-2.6526 4.5462 13.5858
-2.6532 4.7176 13.5858
-2.6609 4.8988 13.5858
-2.6797 5.5684 13.5858
-2.6067 5.6041 13.5858
-2.5146 5.7217 13.5858
-2.2547 2.4179 14.0240
-2.1943 2.3947 14.0240
-2.1553 2.3937 14.0240
-2.1177 2.3937 14.0240
-2.0725 2.3841 14.0240
-2.0360 2.3839 14.0240
-1.9991 2.3824 14.0240
-1.9617 2.3797 14.0240
-1.9251 2.3773 14.0240
-1.8900 2.3760 14.0240
-1.8538 2.3727 14.0240
-1.8184 2.3697 14.0240
-1.7862 2.3704 14.0240
-1.7553 2.3722 14.0240
-1.7193 2.3664 14.0240
-1.6887 2.3674 14.0240
-1.6519 2.3592 14.0240
-1.6199 2.3570 14.0240
-1.5881 2.3545 14.0240
-1.5614 2.3591 14.0240
-1.5342 2.3625 14.0240
-1.4996 2.3539 14.0240
-1.4726 2.3567 14.0240
-1.4421 2.3533 14.0240
-1.4174 2.3589 14.0240
-1.3912 2.3617 14.0240
-1.3575 2.3513 14.0240
-1.3305 2.3517 14.0240
-1.3037 2.3519 14.0240
-1.2783 2.3544 14.0240
-1.2511 2.3531 14.0240
-1.2255 2.3541 14.0240
-1.2053 2.3656 14.0240
-1.1762 2.3590 14.0240
-1.1534 2.3647 14.0240
-1.1271 2.3630 14.0240
-1.1018 2.3627 14.0240
-1.0753 2.3595 14.0240
-1.0506 2.3597 14.0240
-1.0300 2.3688 14.0240
-1.0042 2.3657 14.0240
-0.9785 2.3624 14.0240
-0.9586 2.3727 14.0240
-0.9287 2.3577 14.0240
-0.9081 2.3657 14.0240
-0.8874 2.3735 14.0240
-0.8626 2.3699 14.0240
-0.8379 2.3660 14.0240
-0.8172 2.3733 14.0240
-0.7964 2.3803 14.0240
-0.7719 2.3757 14.0240
-0.7518 2.3843 14.0240
-0.7306 2.3898 14.0240
-0.7117 2.4028 14.0240
-0.6896 2.4051 14.0240
-0.6756 2.4361 14.0240
-0.6595 2.4612 14.0240
-0.6482 2.5065 14.0240
-0.6348 2.5461 14.0240
-0.6217 2.5894 14.0240
-0.5997 2.5977 14.0240
-0.5798 2.6155 14.0240
-0.5562 2.6165 14.0240
-0.5317 2.6135 14.0240
-0.5081 2.6141 14.0240
-0.4895 2.6410 14.0240
-0.4659 2.6422 14.0240
-0.4441 2.6541 14.0240
-0.4239 2.6766 14.0240
-0.4062 2.7178 14.0240
-0.3865 2.7500 14.0240
-0.3681 2.7959 14.0240
-0.3510 2.8585 14.0240
-0.3343 2.9340 14.0240
-0.3176 3.0214 14.0240
-0.3024 3.1405 14.0240
-0.2826 3.2297 14.0240
-0.2675 3.3995 14.0240
-0.2498 3.5723 14.0240
-0.2355 3.8508 14.0240
-0.2145 4.0924 14.0240
-0.2042 4.6765 14.0240
-0.1771 5.0719 14.0240
-2.2077 2.3215 14.0240
-2.0523 2.3211 14.0240
-1.8622 2.3038 14.0240
-1.6903 2.2907 14.0240
-1.5726 2.2975 14.0240
-1.4166 2.2856 14.0240
-1.3224 2.2985 14.0240
-1.1866 2.2908 14.0240
-1.0885 2.2982 14.0240
-0.9861 2.3019 14.0240
-0.8805 2.3023 14.0240
-0.8146 2.3207 14.0240
-0.7460 2.3367 14.0240
-2.6671 3.3874 14.0240
-2.6770 3.4652 14.0240
-2.6602 3.6031 14.0240
-2.6737 3.6853 14.0240
-2.6898 3.7700 14.0240
-2.6710 3.9122 14.0240
-2.6946 4.0044 14.0240
-2.6929 4.1619 14.0240
-2.6868 4.3200 14.0240
-2.6723 4.5599 14.0240
-2.6556 4.7193 14.0240
-2.6753 4.8210 14.0240
-2.6642 5.0817 14.0240
-2.5533 5.7565 14.0240
-2.4142 2.6813 14.4623
-2.3695 2.6783 14.4623
-2.3126 2.6604 14.4623
-2.2640 2.6508 14.4623
-2.1797 2.5977 14.4623
-2.0615 2.5008 14.4623
-2.0132 2.4861 14.4623
-1.9790 2.4879 14.4623
-1.9350 2.4767 14.4623
-1.9066 2.4848 14.4623
-1.8704 2.4822 14.4623
-1.8338 2.4783 14.4623
-1.7980 2.4748 14.4623
-1.7694 2.4806 14.4623
-1.7265 2.4656 14.4623
-1.6975 2.4699 14.4623
-1.6625 2.4647 14.4623
-1.6343 2.4691 14.4623
-1.5985 2.4615 14.4623
-1.5700 2.4644 14.4623
-1.5426 2.4687 14.4623
-1.5090 2.4624 14.4623
-1.4812 2.4652 14.4623
-1.4465 2.4556 14.4623
-1.4185 2.4569 14.4623
-1.3911 2.4588 14.4623
-1.3638 2.4603 14.4623
-1.3360 2.4607 14.4623
-1.3098 2.4634 14.4623
-1.2823 2.4632 14.4623
-1.2553 2.4636 14.4623
-1.2284 2.4638 14.4623
-1.2016 2.4636 14.4623
-1.1740 2.4614 14.4623
-1.1483 2.4624 14.4623
-1.1209 2.4596 14.4623
-1.1002 2.4711 14.4623
-1.0734 2.4687 14.4623
-1.0476 2.4679 14.4623
-1.0252 2.4751 14.4623
-0.9995 2.4737 14.4623
-0.9731 2.4703 14.4623
-0.9518 2.4796 14.4623
-0.9259 2.4766 14.4623
-0.9046 2.4855 14.4623
-0.8829 2.4933 14.4623
-0.8605 2.4990 14.4623
-0.8412 2.5140 14.4623
-0.8245 2.5374 14.4623
-0.8098 2.5684 14.4623
-0.7973 2.6078 14.4623
-0.7737 2.6118 14.4623
-0.7464 2.6031 14.4623
-0.7167 2.5845 14.4623
-0.7032 2.6244 14.4623
-0.6760 2.6140 14.4623
-0.6532 2.6198 14.4623
-0.6301 2.6244 14.4623
-0.6076 2.6318 14.4623
-0.5857 2.6419 14.4623
-0.5614 2.6410 14.4623
-0.5405 2.6566 14.4623
-0.5173 2.6612 14.4623
-0.4959 2.6754 14.4623
-0.4728 2.6816 14.4623
-0.4529 2.7064 14.4623
-0.4333 2.7359 14.4623
-0.4112 2.7514 14.4623
-0.3912 2.7836 14.4623
-0.3745 2.8445 14.4623
-0.3561 2.9002 14.4623
-0.3375 2.9618 14.4623
-0.3198 3.0422 14.4623
-0.3056 3.1733 14.4623
-0.2841 3.2476 14.4623
-0.2560 3.2529 14.4623
-0.2278 3.2570 14.4623
-0.2001 3.2709 14.4623
-0.1718 3.2785 14.4623
-0.1439 3.2969 14.4623
-0.1162 3.3280 14.4623
-0.0882 3.3668 14.4623
-2.0119 2.4239 14.4623
-1.8174 2.4014 14.4623
-1.6743 2.3977 14.4623
-1.5234 2.3880 14.4623
-1.4287 2.4011 14.4623
-1.3033 2.3984 14.4623
-1.2091 2.4083 14.4623
-1.0710 2.3953 14.4623
-1.0079 2.4171 14.4623
-0.9447 2.4379 14.4623
-0.7870 2.5122 14.4623
-0.6538 2.5945 14.4623
-0.5784 2.6027 14.4623
-2.6170 3.8798 14.4623
-2.6537 3.9793 14.4623
-2.4695 3.9426 14.4623
-2.6870 4.1582 14.4623
-2.4392 4.1561 14.4623
-2.4565 4.2471 14.4623
-2.6813 4.4820 14.4623
-2.6876 4.6561 14.4623
-2.6873 4.8300 14.4623
-2.5978 5.4020 14.4623
-2.6265 5.5229 14.4623
-2.6339 5.6277 14.4623
-2.3952 2.8044 14.9005
-2.3192 2.7639 14.9005
-2.2657 2.7485 14.9005
-2.2083 2.7270 14.9005
-2.1769 2.7368 14.9005
-2.1388 2.7375 14.9005
-2.0929 2.7275 14.9005
-2.0546 2.7265 14.9005
-2.0063 2.7114 14.9005
-1.9814 2.7272 14.9005
-1.9332 2.7102 14.9005
-1.8974 2.7098 14.9005
-1.8589 2.7048 14.9005
-1.8291 2.7118 14.9005
-1.7916 2.7068 14.9005
-1.7537 2.7005 14.9005
-1.7231 2.7048 14.9005
-1.6862 2.6985 14.9005
-1.6563 2.7029 14.9005
-1.6198 2.6958 14.9005
-1.5896 2.6986 14.9005
-1.5595 2.7011 14.9005
-1.5300 2.7042 14.9005
-1.4947 2.6965 14.9005
-1.4649 2.6980 14.9005
-1.4356 2.7001 14.9005
-1.4065 2.7018 14.9005
-1.3774 2.7033 14.9005
-1.3431 2.6938 14.9005
-1.3142 2.6946 14.9005
-1.2851 2.6942 14.9005
-1.2564 2.6945 14.9005
-1.2279 2.6944 14.9005
-1.2023 2.7004 14.9005
-1.1719 2.6952 14.9005
-1.1433 2.6934 14.9005
-1.1193 2.7023 14.9005
-1.0916 2.7018 14.9005
-1.0632 2.6991 14.9005
-1.0314 2.6868 14.9005
-1.0075 2.6948 14.9005
-0.9539 2.6208 14.9005
-0.9413 2.6582 14.9005
-0.9201 2.6720 14.9005
-0.9050 2.7046 14.9005
-0.8779 2.7020 14.9005
-0.8552 2.7124 14.9005
-0.8277 2.7073 14.9005
-0.8009 2.7039 14.9005
-0.7803 2.7213 14.9005
-0.7568 2.7290 14.9005
-0.7294 2.7220 14.9005
-0.7058 2.7292 14.9005
-0.6817 2.7343 14.9005
-0.6576 2.7392 14.9005
-0.6335 2.7438 14.9005
-0.6106 2.7541 14.9005
-0.5888 2.7701 14.9005
-0.5678 2.7908 14.9005
-0.5436 2.7967 14.9005
-0.5212 2.8121 14.9005
-0.5003 2.8372 14.9005
-0.4786 2.8602 14.9005
-0.4568 2.8840 14.9005
-0.4360 2.9176 14.9005
-0.4138 2.9441 14.9005
-0.3924 2.9803 14.9005
-0.3732 3.0392 14.9005
-0.3540 3.1069 14.9005
-0.3366 3.2024 14.9005
-0.3124 3.2440 14.9005
-0.3066 3.5046 14.9005
-0.3048 3.8730 14.9005
-0.2851 4.0770 14.9005
-0.2024 3.3098 14.9005
-0.1739 3.3184 14.9005
-0.1453 3.3278 14.9005
-0.1169 3.3470 14.9005
-0.0885 3.3798 14.9005
-0.0595 3.4075 14.9005
-0.0300 3.4409 14.9005
0.0000 3.6110 14.9005
0.0327 3.7459 14.9005
-2.2786 2.6605 14.9005
-2.0953 2.6426 14.9005
-1.9301 2.6296 14.9005
-1.7909 2.6257 14.9005
-1.6730 2.6296 14.9005
-1.5222 2.6153 14.9005
-1.4303 2.6277 14.9005
-1.3065 2.6222 14.9005
-1.2115 2.6297 14.9005
-1.1142 2.6342 14.9005
-1.0119 2.6344 14.9005
-0.9512 2.6558 14.9005
-0.8469 2.6517 14.9005
-0.7794 2.6670 14.9005
-0.7120 2.6813 14.9005
-0.6091 2.7264 14.9005
-2.6750 4.7334 14.9005
-2.6697 4.9054 14.9005
-2.6392 5.1538 14.9005
-2.5756 5.6760 14.9005
-2.3585 3.1873 15.3388
-2.2712 3.1260 15.3388
-2.2241 3.1181 15.3388
-2.1750 3.1062 15.3388
-2.1246 3.0913 15.3388
-2.0796 3.0832 15.3388
-2.0322 3.0704 15.3388
-2.0032 3.0846 15.3388
-1.9558 3.0699 15.3388
-1.9231 3.0776 15.3388
-1.8779 3.0644 15.3388
-1.8444 3.0695 15.3388
-1.8089 3.0708 15.3388
-1.7750 3.0744 15.3388
-1.7319 3.0610 15.3388
-1.6968 3.0612 15.3388
-1.6639 3.0644 15.3388
-1.6230 3.0523 15.3388
-1.5921 3.0584 15.3388
-1.5576 3.0570 15.3388
-1.5296 3.0678 15.3388
-1.4900 3.0550 15.3388
-1.4624 3.0661 15.3388
-1.4272 3.0606 15.3388
-1.3909 3.0520 15.3388
-1.3622 3.0595 15.3388
-1.3314 3.0621 15.3388
-1.3023 3.0680 15.3388
-1.2674 3.0599 15.3388
-1.2328 3.0514 15.3388
-1.2051 3.0592 15.3388
-1.1740 3.0584 15.3388
-1.1469 3.0676 15.3388
-1.1157 3.0653 15.3388
-1.0809 3.0523 15.3388
-1.0555 3.0654 15.3388
-1.0271 3.0697 15.3388
-0.9972 3.0691 15.3388
-0.9656 3.0624 15.3388
-0.9397 3.0736 15.3388
-0.9086 3.0673 15.3388
-0.8840 3.0828 15.3388
-0.8546 3.0817 15.3388
-0.8223 3.0687 15.3388
-0.7960 3.0777 15.3388
-0.7729 3.1001 15.3388
-0.7456 3.1057 15.3388
-0.7160 3.1014 15.3388
-0.6902 3.1134 15.3388
-0.6668 3.1369 15.3388
-0.6358 3.1250 15.3388
-0.6104 3.1402 15.3388
-0.5861 3.1621 15.3388
-0.5637 3.1967 15.3388
-0.6295 3.7617 15.3388
-0.6286 3.9685 15.3388
-0.5945 3.9778 15.3388
-0.5589 3.9769 15.3388
-0.5311 4.0342 15.3388
-0.4969 4.0466 15.3388
-0.4621 4.0558 15.3388
-0.4263 4.0557 15.3388
-0.3923 4.0742 15.3388
-0.3627 4.1462 15.3388
-0.3313 4.2090 15.3388
-0.3154 4.5100 15.3388
-0.2957 4.8340 15.3388
-0.2627 5.0121 15.3388
-0.2311 5.2940 15.3388
-2.3509 3.0195 15.3388
-2.1614 2.9922 15.3388
-2.0219 2.9868 15.3388
-1.8803 2.9778 15.3388
-1.7340 2.9638 15.3388
-1.6473 2.9794 15.3388
-1.5564 2.9913 15.3388
-1.4344 2.9841 15.3388
-1.3077 2.9720 15.3388
-1.2471 2.9965 15.3388
-1.1170 2.9785 15.3388
-1.0542 2.9991 15.3388
-0.9922 3.0195 15.3388
-0.8914 3.0143 15.3388
-0.8272 3.0309 15.3388
-0.7597 3.0445 15.3388
-0.6899 3.0554 15.3388
-2.6223 4.5249 15.3388
-2.6257 4.6976 15.3388
-2.6234 4.8705 15.3388
-2.6520 4.9815 15.3388
-2.6297 5.2391 15.3388
-2.6377 5.4354 15.3388
