-2.7386 3.9847 0.0000
-2.7143 4.0241 0.0000
-2.6885 4.0619 0.0000
-2.6638 4.1019 0.0000
-2.6634 4.1807 0.0000
-2.6639 4.2631 0.0000
-2.6637 4.3468 0.0000
-2.6638 4.4333 0.0000
-2.6671 4.5279 0.0000
-2.6595 4.6064 0.0000
-2.6212 4.6329 0.0000
-2.5903 4.6731 0.0000
-2.5375 4.6735 0.0000
-2.4793 4.6628 0.0000
-2.4293 4.6666 0.0000
-2.3785 4.6680 0.0000
-2.3278 4.6689 0.0000
-2.2756 4.6656 0.0000
-2.2245 4.6637 0.0000
-2.1735 4.6611 0.0000
-2.1216 4.6554 0.0000
-2.0744 4.6591 0.0000
-2.0256 4.6587 0.0000
-1.9732 4.6485 0.0000
-1.9249 4.6471 0.0000
-1.8805 4.6545 0.0000
-1.8343 4.6567 0.0000
-1.7832 4.6455 0.0000
-1.7353 4.6412 0.0000
-1.6920 4.6487 0.0000
-1.6493 4.6576 0.0000
-1.5976 4.6397 0.0000
-1.5535 4.6430 0.0000
-1.5114 4.6516 0.0000
-1.4650 4.6465 0.0000
-1.4221 4.6515 0.0000
-1.3763 4.6464 0.0000
-1.3330 4.6487 0.0000
-1.2897 4.6505 0.0000
-1.2439 4.6422 0.0000
-1.2026 4.6500 0.0000
-1.1561 4.6370 0.0000
-1.1154 4.6460 0.0000
-1.0703 4.6361 0.0000
-1.0281 4.6374 0.0000
-0.9859 4.6384 0.0000
-0.9438 4.6390 0.0000
-0.9008 4.6343 0.0000
-0.8581 4.6301 0.0000
-0.8181 4.6394 0.0000
-0.7754 4.6336 0.0000
-0.7331 4.6283 0.0000
-0.6925 4.6335 0.0000
-0.6499 4.6246 0.0000
-0.6105 4.6370 0.0000
-0.5682 4.6273 0.0000
-0.5265 4.6211 0.0000
-0.4854 4.6186 0.0000
-0.4146 4.3061 0.0000
-0.3438 3.9300 0.0000
-0.3063 3.8920 0.0000
-0.2782 3.9783 0.0000
-0.2696 4.4078 0.0000
-2.7817 3.6705 0.0000
-2.7338 3.7193 0.0000
-2.8067 3.8375 0.0000
-2.7773 4.1350 0.0000
-2.7510 4.3625 0.0000
-2.7271 4.5984 0.0000
-2.3891 4.6093 0.0000
-2.2624 4.5985 0.0000
-2.1641 4.6071 0.0000
-2.0346 4.5898 0.0000
-1.9364 4.5948 0.0000
-1.8363 4.5966 0.0000
-1.7404 4.6001 0.0000
-1.6418 4.5998 0.0000
-0.3506 3.5791 0.0000
-0.4173 3.7008 0.0000
-0.4178 3.7670 0.0000
-0.4182 3.8341 0.0000
-1.1750 4.5954 0.0000
-0.3858 3.9406 0.0000
-0.4216 4.0441 0.0000
-0.9062 4.5834 0.0000
-0.3881 4.1550 0.0000
-0.3885 4.2285 0.0000
-0.3907 4.3052 0.0000
-0.3932 4.3837 0.0000
-0.3948 4.4625 0.0000
-0.3938 4.5402 0.0000
-2.7614 3.2909 0.4836
-2.7332 3.3157 0.4836
-2.7092 3.3456 0.4836
-2.7054 3.4012 0.4836
-2.7083 3.4665 0.4836
-2.6956 3.5130 0.4836
-2.6967 3.5787 0.4836
-2.6999 3.6487 0.4836
-2.6968 3.7118 0.4836
-2.6904 3.7718 0.4836
-2.6935 3.8467 0.4836
-2.6887 3.9121 0.4836
-2.6908 3.9893 0.4836
-2.6361 3.9826 0.4836
-2.5832 3.9778 0.4836
-2.5339 3.9774 0.4836
-2.5102 4.0172 0.4836
-2.4803 4.0475 0.4836
-2.4464 4.0715 0.4836
-2.4007 4.0755 0.4836
-2.3550 4.0790 0.4836
-2.3006 4.0663 0.4836
-2.2534 4.0652 0.4836
-2.2064 4.0637 0.4836
-2.1629 4.0677 0.4836
-2.1153 4.0634 0.4836
-2.0652 4.0532 0.4836
-2.0244 4.0603 0.4836
-1.9784 4.0563 0.4836
-1.9313 4.0490 0.4836
-1.8173 3.8971 0.4836
-1.7504 3.8409 0.4836
-1.7136 3.8488 0.4836
-1.6712 3.8434 0.4836
-1.6286 3.8367 0.4836
-1.5912 3.8415 0.4836
-1.5501 3.8367 0.4836
-1.5085 3.8296 0.4836
-1.4715 3.8333 0.4836
-1.4334 3.8338 0.4836
-1.3989 3.8433 0.4836
-1.3576 3.8337 0.4836
-1.3172 3.8256 0.4836
-1.2810 3.8284 0.4836
-1.2688 3.9050 0.4836
-1.2576 3.9884 0.4836
-1.2227 3.9993 0.4836
-1.1829 3.9935 0.4836
-1.1472 4.0008 0.4836
-1.1080 3.9952 0.4836
-1.0700 3.9931 0.4836
-1.0313 3.9878 0.4836
-0.9945 3.9889 0.4836
-0.9543 3.9750 0.4836
-0.9165 3.9696 0.4836
-0.8798 3.9686 0.4836
-0.8427 3.9644 0.4836
-0.8058 3.9609 0.4836
-0.7690 3.9560 0.4836
-0.7322 3.9507 0.4836
-0.6974 3.9550 0.4836
-0.6610 3.9501 0.4836
-0.6251 3.9468 0.4836
-0.5855 3.9175 0.4836
-0.5389 3.8343 0.4836
-0.5033 3.8230 0.4836
-0.4683 3.8144 0.4836
-0.3677 3.2271 0.4836
-0.3348 3.1855 0.4836
-0.3043 3.1604 0.4836
-0.2831 3.2356 0.4836
-0.3134 3.9827 0.4836
-0.3150 4.5050 0.4836
-2.7859 2.9501 0.4836
-2.8195 3.1054 0.4836
-2.8301 3.1815 0.4836
-2.6492 3.2354 0.4836
-2.6064 3.2846 0.4836
-2.7798 3.4460 0.4836
-2.5296 3.3868 0.4836
-2.3644 3.3687 0.4836
-2.2526 3.3772 0.4836
-2.0810 3.3500 0.4836
-1.9347 3.3340 0.4836
-1.8175 3.3325 0.4836
-1.6673 3.3091 0.4836
-1.5461 3.3006 0.4836
-1.4221 3.2881 0.4836
-1.2979 3.2732 0.4836
-1.2038 3.2755 0.4836
-1.1083 3.2752 0.4836
-0.3549 2.8295 0.4836
-0.3944 2.9102 0.4836
-0.4180 2.9815 0.4836
-0.4195 3.0382 0.4836
-0.3891 3.1294 0.4836
-2.6944 4.9241 0.4836
-2.7978 2.6550 0.9672
-2.7472 2.6529 0.9672
-2.6989 2.6522 0.9672
-2.6481 2.6481 0.9672
-2.6011 2.6469 0.9672
-2.5515 2.6421 0.9672
-2.5125 2.6476 0.9672
-2.4641 2.6424 0.9672
-2.4328 2.6549 0.9672
-2.3941 2.6590 0.9672
-2.3656 2.6738 0.9672
-2.3290 2.6792 0.9672
-2.2789 2.6683 0.9672
-2.2318 2.6597 0.9672
-2.2021 2.6714 0.9672
-2.1611 2.6687 0.9672
-2.1309 2.6789 0.9672
-2.0871 2.6714 0.9672
-2.0473 2.6680 0.9672
-2.0095 2.6666 0.9672
-1.9837 2.6809 0.9672
-1.9403 2.6706 0.9672
-1.9082 2.6752 0.9672
-1.8699 2.6704 0.9672
-1.8397 2.6768 0.9672
-1.7978 2.6654 0.9672
-1.7656 2.6676 0.9672
-1.7379 2.6762 0.9672
-1.7092 2.6828 0.9672
-1.6756 2.6815 0.9672
-1.6427 2.6807 0.9672
-1.6146 2.6872 0.9672
-1.5784 2.6797 0.9672
-1.5440 2.6743 0.9672
-1.5167 2.6807 0.9672
-1.4845 2.6781 0.9672
-1.4572 2.6839 0.9672
-1.4239 2.6780 0.9672
-1.3940 2.6779 0.9672
-1.3588 2.6668 0.9672
-1.3350 2.6776 0.9672
-1.3050 2.6757 0.9672
-1.2747 2.6726 0.9672
-1.2438 2.6673 0.9672
-1.2188 2.6744 0.9672
-1.1881 2.6685 0.9672
-1.1560 2.6586 0.9672
-1.1335 2.6704 0.9672
-1.1086 2.6765 0.9672
-1.0811 2.6759 0.9672
-1.0504 2.6666 0.9672
-1.0249 2.6700 0.9672
-0.9939 2.6583 0.9672
-0.9713 2.6687 0.9672
-0.9470 2.6743 0.9672
-0.9155 2.6588 0.9672
-0.8891 2.6572 0.9672
-0.8656 2.6639 0.9672
-0.8381 2.6580 0.9672
-0.8128 2.6585 0.9672
-0.7830 2.6435 0.9672
-0.7619 2.6569 0.9672
-0.7354 2.6519 0.9672
-0.7050 2.6312 0.9672
-0.6763 2.6150 0.9672
-0.6537 2.6217 0.9672
-0.6280 2.6157 0.9672
-0.6040 2.6162 0.9672
-0.5759 2.5979 0.9672
-0.5514 2.5940 0.9672
-0.5275 2.5929 0.9672
-0.5030 2.5876 0.9672
-0.4806 2.5928 0.9672
-0.4576 2.5950 0.9672
-0.4332 2.5890 0.9672
-0.4097 2.5868 0.9672
-0.3877 2.5942 0.9672
-0.3653 2.5995 0.9672
-0.3416 2.5946 0.9672
-0.3186 2.5945 0.9672
-0.2967 2.6042 0.9672
-0.2883 2.7429 0.9672
-0.3243 3.3684 0.9672
-0.3227 3.6889 0.9672
-0.3200 4.0654 0.9672
-0.3173 4.5379 0.9672
-0.3155 5.1584 0.9672
-0.2748 5.2428 0.9672
-2.7501 2.5959 0.9672
-2.6549 2.6241 0.9672
-2.5338 2.6401 0.9672
-2.4323 2.6624 0.9672
-2.3291 2.6824 0.9672
-2.2497 2.7113 0.9672
-2.1421 2.7262 0.9672
-2.0057 2.7259 0.9672
-1.8941 2.7350 0.9672
-1.8089 2.7552 0.9672
-1.6916 2.7579 0.9672
-1.5720 2.7575 0.9672
-1.4803 2.7696 0.9672
-1.3235 2.7455 0.9672
-1.2308 2.7532 0.9672
-1.1025 2.7397 0.9672
-0.9383 2.7034 0.9672
-0.8071 2.6830 0.9672
-0.5362 2.5778 0.9672
-0.4347 2.5685 0.9672
-0.3277 2.5540 0.9672
-2.7748 4.1334 0.9672
-2.7779 4.2977 0.9672
-2.7555 4.5329 0.9672
-2.7381 4.7793 0.9672
-2.7099 5.1174 0.9672
-2.7158 5.5010 0.9672
-2.7036 5.7893 0.9672
-2.8130 2.6694 1.4508
-2.7680 2.6730 1.4508
-2.7268 2.6796 1.4508
-2.6863 2.6863 1.4508
-2.6508 2.6975 1.4508
-2.6161 2.7090 1.4508
-2.5724 2.7107 1.4508
-2.5418 2.7258 1.4508
-2.5024 2.7309 1.4508
-2.4591 2.7311 1.4508
-2.4206 2.7359 1.4508
-2.3874 2.7464 1.4508
-2.3562 2.7588 1.4508
-2.3153 2.7593 1.4508
-2.2727 2.7570 1.4508
-2.2410 2.7674 1.4508
-2.2149 2.7845 1.4508
-2.1733 2.7817 1.4508
-2.1428 2.7926 1.4508
-2.0979 2.7840 1.4508
-2.0688 2.7958 1.4508
-2.0349 2.8008 1.4508
-1.9953 2.7973 1.4508
-1.9662 2.8081 1.4508
-1.9331 2.8127 1.4508
-1.8957 2.8104 1.4508
-1.8573 2.8060 1.4508
-1.8278 2.8146 1.4508
-1.7989 2.8237 1.4508
-1.7609 2.8181 1.4508
-1.7347 2.8308 1.4508
-1.6971 2.8244 1.4508
-1.6703 2.8356 1.4508
-1.6380 2.8371 1.4508
-1.6023 2.8321 1.4508
-1.5674 2.8276 1.4508
-1.5403 2.8368 1.4508
-1.5023 2.8254 1.4508
-1.4688 2.8216 1.4508
-1.4360 2.8183 1.4508
-1.4091 2.8262 1.4508
-1.3743 2.8177 1.4508
-1.3436 2.8170 1.4508
-1.3156 2.8213 1.4508
-1.2876 2.8254 1.4508
-1.2523 2.8128 1.4508
-1.2190 2.8035 1.4508
-1.1882 2.7993 1.4508
-1.1553 2.7892 1.4508
-1.1283 2.7927 1.4508
-1.0966 2.7838 1.4508
-1.0654 2.7755 1.4508
-1.0384 2.7772 1.4508
-1.0096 2.7740 1.4508
-0.9854 2.7827 1.4508
-0.9568 2.7789 1.4508
-0.9253 2.7653 1.4508
-0.8946 2.7533 1.4508
-0.8660 2.7467 1.4508
-0.8385 2.7427 1.4508
-0.8111 2.7384 1.4508
-0.7817 2.7261 1.4508
-0.7536 2.7174 1.4508
-0.7286 2.7191 1.4508
-0.7006 2.7089 1.4508
-0.6779 2.7188 1.4508
-0.6490 2.7032 1.4508
-0.6227 2.6971 1.4508
-0.5959 2.6877 1.4508
-0.5695 2.6791 1.4508
-0.5459 2.6830 1.4508
-0.5188 2.6690 1.4508
-0.4944 2.6676 1.4508
-0.4682 2.6550 1.4508
-0.4427 2.6452 1.4508
-0.4172 2.6342 1.4508
-0.3942 2.6377 1.4508
-0.3680 2.6183 1.4508
-0.3442 2.6144 1.4508
-0.3188 2.5965 1.4508
-0.2977 2.6131 1.4508
-0.2750 2.6166 1.4508
-0.2543 2.6408 1.4508
-0.2433 2.7814 1.4508
-0.3215 4.0854 1.4508
-0.3203 4.5808 1.4508
-0.3052 4.9907 1.4508
-0.3060 5.8380 1.4508
-2.8199 2.6234 1.4508
-2.7022 2.6432 1.4508
-2.6059 2.6700 1.4508
-2.5069 2.6941 1.4508
-2.4052 2.7155 1.4508
-2.3273 2.7459 1.4508
-2.2213 2.7623 1.4508
-2.1126 2.7758 1.4508
-2.0313 2.8005 1.4508
-1.9186 2.8086 1.4508
-1.8035 2.8137 1.4508
-1.6878 2.8166 1.4508
-1.5690 2.8157 1.4508
-1.4471 2.8112 1.4508
-1.2888 2.7847 1.4508
-1.1628 2.7731 1.4508
-1.0375 2.7595 1.4508
-0.9084 2.7415 1.4508
-0.7042 2.6768 1.4508
-0.5341 2.6282 1.4508
-0.3618 2.5749 1.4508
-2.7671 4.1286 1.4508
-2.7729 4.2945 1.4508
-2.7472 4.5273 1.4508
-2.7682 4.7136 1.4508
-2.7329 5.0436 1.4508
-2.7415 5.1420 1.4508
-2.6799 5.6677 1.4508
-2.7366 5.8185 1.4508
-2.8086 2.6653 1.9344
-2.7680 2.6730 1.9344
-2.7474 2.6999 1.9344
-2.7174 2.7174 1.9344
-2.6789 2.7260 1.9344
-2.6376 2.7313 1.9344
-2.6013 2.7412 1.9344
-2.5705 2.7565 1.9344
-2.5341 2.7655 1.9344
-2.5032 2.7801 1.9344
-2.4583 2.7786 1.9344
-2.4268 2.7917 1.9344
-2.3945 2.8036 1.9344
-2.3449 2.7945 1.9344
-2.3172 2.8110 1.9344
-2.2857 2.8226 1.9344
-2.2504 2.8291 1.9344
-2.2145 2.8345 1.9344
-2.1702 2.8283 1.9344
-2.1431 2.8439 1.9344
-2.1015 2.8400 1.9344
-2.0661 2.8437 1.9344
-2.0319 2.8486 1.9344
-2.0012 2.8580 1.9344
-1.9654 2.8597 1.9344
-1.9253 2.8544 1.9344
-1.8954 2.8636 1.9344
-1.8621 2.8674 1.9344
-1.8279 2.8692 1.9344
-1.7954 2.8732 1.9344
-1.7535 2.8615 1.9344
-1.7269 2.8741 1.9344
-1.6952 2.8778 1.9344
-1.6600 2.8752 1.9344
-1.6240 2.8704 1.9344
-1.5936 2.8749 1.9344
-1.5603 2.8737 1.9344
-1.5211 2.8608 1.9344
-1.4845 2.8517 1.9344
-1.4564 2.8583 1.9344
-1.4301 2.8683 1.9344
-1.3936 2.8573 1.9344
-1.3596 2.8504 1.9344
-1.3270 2.8458 1.9344
-1.2996 2.8518 1.9344
-1.2674 2.8466 1.9344
-1.2369 2.8447 1.9344
-1.2050 2.8388 1.9344
-1.1787 2.8455 1.9344
-1.1455 2.8353 1.9344
-1.1149 2.8303 1.9344
-1.0866 2.8306 1.9344
-1.0580 2.8297 1.9344
-1.0254 2.8172 1.9344
-0.9921 2.8015 1.9344
-0.9679 2.8110 1.9344
-0.9389 2.8061 1.9344
-0.9054 2.7866 1.9344
-0.8763 2.7791 1.9344
-0.8526 2.7886 1.9344
-0.8256 2.7873 1.9344
-0.7908 2.7579 1.9344
-0.7627 2.7502 1.9344
-0.7384 2.7558 1.9344
-0.7106 2.7476 1.9344
-0.6839 2.7430 1.9344
-0.6564 2.7343 1.9344
-0.6263 2.7126 1.9344
-0.6011 2.7112 1.9344
-0.5745 2.7026 1.9344
-0.5487 2.6968 1.9344
-0.5203 2.6769 1.9344
-0.4970 2.6813 1.9344
-0.4713 2.6728 1.9344
-0.4446 2.6571 1.9344
-0.4186 2.6431 1.9344
-0.3961 2.6506 1.9344
-0.3681 2.6193 1.9344
-0.3447 2.6184 1.9344
-0.3197 2.6034 1.9344
-0.2970 2.6071 1.9344
-0.2800 2.6643 1.9344
-0.2659 2.7612 1.9344
-0.3230 3.6919 1.9344
-0.3216 4.0864 1.9344
-0.3197 4.5718 1.9344
-0.3200 5.2312 1.9344
-0.2749 5.2448 1.9344
-0.2619 5.9983 1.9344
-2.7967 2.6143 1.9344
-2.7263 2.6530 1.9344
-2.6549 2.6903 1.9344
-2.5566 2.7152 1.9344
-2.4556 2.7374 1.9344
-2.3529 2.7573 1.9344
-2.2731 2.7859 1.9344
-2.1670 2.8011 1.9344
-2.0566 2.8125 1.9344
-1.9168 2.8078 1.9344
-1.7730 2.7986 1.9344
-1.6272 2.7857 1.9344
-1.5060 2.7830 1.9344
-1.3835 2.7774 1.9344
-1.2888 2.7847 1.9344
-1.1628 2.7731 1.9344
-1.0697 2.7778 1.9344
-0.9032 2.7385 1.9344
-0.7740 2.7179 1.9344
-0.5333 2.6277 1.9344
-0.3627 2.5754 1.9344
-2.7654 4.1275 1.9344
-2.7712 4.2934 1.9344
-2.7456 4.5262 1.9344
-2.7584 4.7066 1.9344
-2.7134 5.4022 1.9344
-2.6369 5.4348 1.9344
-2.8137 2.6701 2.4180
-2.7752 2.6800 2.4180
-2.7489 2.7013 2.4180
-2.7146 2.7146 2.4180
-2.6740 2.7211 2.4180
-2.6487 2.7428 2.4180
-2.6102 2.7506 2.4180
-2.5732 2.7594 2.4180
-2.5429 2.7751 2.4180
-2.5046 2.7816 2.4180
-2.4643 2.7854 2.4180
-2.4281 2.7932 2.4180
-2.3952 2.8044 2.4180
-2.3539 2.8053 2.4180
-2.3134 2.8064 2.4180
-2.2844 2.8210 2.4180
-2.2491 2.8276 2.4180
-2.2127 2.8321 2.4180
-2.1684 2.8259 2.4180
-2.1389 2.8384 2.4180
-2.1009 2.8392 2.4180
-2.0631 2.8396 2.4180
-2.0208 2.8331 2.4180
-1.9846 2.8343 2.4180
-1.9541 2.8432 2.4180
-1.9130 2.8361 2.4180
-1.8799 2.8402 2.4180
-1.8485 2.8464 2.4180
-1.8123 2.8448 2.4180
-1.7705 2.8333 2.4180
-1.7378 2.8359 2.4180
-1.7084 2.8432 2.4180
-1.6703 2.8356 2.4180
-1.6320 2.8267 2.4180
-1.5999 2.8278 2.4180
-1.5645 2.8224 2.4180
-1.5379 2.8324 2.4180
-1.4995 2.8201 2.4180
-1.4642 2.8127 2.4180
-1.4337 2.8138 2.4180
-1.4046 2.8173 2.4180
-1.3743 2.8177 2.4180
-1.3402 2.8097 2.4180
-1.3143 2.8186 2.4180
-1.2835 2.8163 2.4180
-1.2479 2.8028 2.4180
-1.2210 2.8080 2.4180
-1.1937 2.8121 2.4180
-1.1672 2.8178 2.4180
-1.1369 2.8140 2.4180
-1.1017 2.7968 2.4180
-1.0765 2.8045 2.4180
-1.0464 2.7988 2.4180
-1.0158 2.7909 2.4180
-0.9881 2.7902 2.4180
-0.9611 2.7912 2.4180
-0.9345 2.7928 2.4180
-0.8995 2.7685 2.4180
-0.8751 2.7753 2.4180
-0.8505 2.7819 2.4180
-0.8182 2.7624 2.4180
-0.7886 2.7502 2.4180
-0.7640 2.7550 2.4180
-0.7402 2.7625 2.4180
-0.7106 2.7476 2.4180
-0.6803 2.7285 2.4180
-0.6541 2.7246 2.4180
-0.6272 2.7165 2.4180
-0.6011 2.7112 2.4180
-0.5726 2.6938 2.4180
-0.5461 2.6840 2.4180
-0.5219 2.6848 2.4180
-0.4988 2.6912 2.4180
-0.4704 2.6678 2.4180
-0.4448 2.6580 2.4180
-0.4186 2.6431 2.4180
-0.3945 2.6397 2.4180
-0.3684 2.6212 2.4180
-0.3447 2.6184 2.4180
-0.3206 2.6114 2.4180
-0.2975 2.6111 2.4180
-0.2797 2.6613 2.4180
-0.2649 2.7513 2.4180
-0.3247 3.7108 2.4180
-0.3247 4.1252 2.4180
-0.3212 4.5938 2.4180
-0.3106 5.0775 2.4180
-0.2915 5.5614 2.4180
-2.8199 2.6234 2.4180
-2.7263 2.6530 2.4180
-2.6309 2.6803 2.4180
-2.5317 2.7046 2.4180
-2.4299 2.7262 2.4180
-2.3273 2.7459 2.4180
-2.2203 2.7619 2.4180
-2.1126 2.7758 2.4180
-1.9754 2.7738 2.4180
-1.8628 2.7815 2.4180
-1.7175 2.7709 2.4180
-1.5996 2.7716 2.4180
-1.4785 2.7686 2.4180
-1.3570 2.7633 2.4180
-1.2624 2.7704 2.4180
-1.0999 2.7382 2.4180
-0.9722 2.7226 2.4180
-0.8400 2.7020 2.4180
-0.7034 2.6762 2.4180
-0.5358 2.6293 2.4180
-0.3610 2.5744 2.4180
-2.7679 4.2912 2.4180
-2.7790 4.4646 2.4180
-2.7543 4.7037 2.4180
-2.7258 5.0381 2.4180
-2.6920 5.6782 2.4180
-2.7216 5.8052 2.4180
-2.7643 5.9466 2.4180
-2.8101 2.6667 2.9016
-2.7752 2.6800 2.9016
-2.7446 2.6971 2.9016
-2.7118 2.7118 2.9016
-2.6726 2.7196 2.9016
-2.6404 2.7342 2.9016
-2.6075 2.7477 2.9016
-2.5759 2.7623 2.9016
-2.5375 2.7692 2.9016
-2.4905 2.7660 2.9016
-2.4524 2.7719 2.9016
-2.4241 2.7887 2.9016
-2.3887 2.7968 2.9016
-2.3507 2.8014 2.9016
-2.3064 2.7979 2.9016
-2.2712 2.8047 2.9016
-2.2267 2.7994 2.9016
-2.1942 2.8085 2.9016
-2.1581 2.8124 2.9016
-2.1250 2.8200 2.9016
-2.0884 2.8223 2.9016
-2.0508 2.8227 2.9016
-2.0133 2.8225 2.9016
-1.9851 2.8351 2.9016
-1.9484 2.8350 2.9016
-1.9068 2.8270 2.9016
-1.8678 2.8219 2.9016
-1.8436 2.8389 2.9016
-1.8075 2.8372 2.9016
-1.7705 2.8333 2.9016
-1.7347 2.8308 2.9016
-1.6950 2.8209 2.9016
-1.6597 2.8175 2.9016
-1.6275 2.8189 2.9016
-1.6023 2.8321 2.9016
-1.5601 2.8145 2.9016
-1.5336 2.8245 2.9016
-1.4957 2.8131 2.9016
-1.4679 2.8198 2.9016
-1.4319 2.8102 2.9016
-1.3993 2.8065 2.9016
-1.3708 2.8105 2.9016
-1.3372 2.8034 2.9016
-1.3101 2.8096 2.9016
-1.2810 2.8109 2.9016
-1.2462 2.7991 2.9016
-1.2178 2.8007 2.9016
-1.1913 2.8066 2.9016
-1.1588 2.7975 2.9016
-1.1268 2.7890 2.9016
-1.0977 2.7866 2.9016
-1.0719 2.7923 2.9016
-1.0412 2.7847 2.9016
-1.0155 2.7899 2.9016
-0.9811 2.7704 2.9016
-0.9526 2.7666 2.9016
-0.9243 2.7625 2.9016
-0.8971 2.7609 2.9016
-0.8696 2.7581 2.9016
-0.8385 2.7427 2.9016
-0.8165 2.7566 2.9016
-0.7836 2.7329 2.9016
-0.7600 2.7406 2.9016
-0.7325 2.7336 2.9016
-0.7046 2.7244 2.9016
-0.6805 2.7294 2.9016
-0.6499 2.7071 2.9016
-0.6245 2.7049 2.9016
-0.5965 2.6907 2.9016
-0.5715 2.6889 2.9016
-0.5437 2.6723 2.9016
-0.5217 2.6838 2.9016
-0.4951 2.6715 2.9016
-0.4666 2.6462 2.9016
-0.4436 2.6511 2.9016
-0.4177 2.6371 2.9016
-0.3939 2.6357 2.9016
-0.3701 2.6331 2.9016
-0.3450 2.6204 2.9016
-0.3208 2.6124 2.9016
-0.2976 2.6121 2.9016
-0.2812 2.6753 2.9016
-0.2665 2.7682 2.9016
-0.3266 3.7327 2.9016
-0.3254 4.1352 2.9016
-0.3239 4.6317 2.9016
-0.3082 5.0396 2.9016
-0.3011 5.7461 2.9016
-2.8199 2.6234 2.9016
-2.7263 2.6530 2.9016
-2.6549 2.6903 2.9016
-2.5317 2.7046 2.9016
-2.4299 2.7262 2.9016
-2.3264 2.7455 2.9016
-2.2203 2.7619 2.9016
-2.1398 2.7884 2.9016
-2.0024 2.7867 2.9016
-1.8898 2.7946 2.9016
-1.7166 2.7704 2.9016
-1.5996 2.7716 2.9016
-1.4776 2.7682 2.9016
-1.3553 2.7624 2.9016
-1.2299 2.7527 2.9016
-1.1357 2.7581 2.9016
-0.9722 2.7226 2.9016
-0.8383 2.7010 2.9016
-0.7068 2.6783 2.9016
-0.5341 2.6282 2.9016
-0.3610 2.5744 2.9016
-2.7645 4.2890 2.9016
-2.7732 4.4607 2.9016
-2.7486 4.6996 2.9016
-2.7202 5.1254 2.9016
-2.7652 5.2540 2.9016
-2.7641 5.6405 2.9016
-2.8166 2.6729 3.3852
-2.7774 2.6821 3.3852
-2.7474 2.6999 3.3852
-2.7047 2.7047 3.3852
-2.6747 2.7218 3.3852
-2.6397 2.7335 3.3852
-2.6040 2.7441 3.3852
-2.5684 2.7543 3.3852
-2.5294 2.7604 3.3852
-2.4898 2.7652 3.3852
-2.4616 2.7824 3.3852
-2.4182 2.7819 3.3852
-2.3815 2.7884 3.3852
-2.3442 2.7938 3.3852
-2.3096 2.8018 3.3852
-2.2750 2.8094 3.3852
-2.2323 2.8064 3.3852
-2.1954 2.8100 3.3852
-2.1666 2.8235 3.3852
-2.1256 2.8208 3.3852
-2.0908 2.8256 3.3852
-2.0537 2.8267 3.3852
-2.0261 2.8404 3.3852
-1.9748 2.8203 3.3852
-1.9479 2.8342 3.3852
-1.9113 2.8337 3.3852
-1.8760 2.8344 3.3852
-1.8414 2.8355 3.3852
-1.8069 2.8363 3.3852
-1.7784 2.8460 3.3852
-1.7420 2.8427 3.3852
-1.7058 2.8389 3.3852
-1.6703 2.8356 3.3852
-1.6350 2.8319 3.3852
-1.6043 2.8356 3.3852
-1.5761 2.8434 3.3852
-1.5336 2.8245 3.3852
-1.5047 2.8298 3.3852
-1.4684 2.8207 3.3852
-1.4396 2.8254 3.3852
-1.4073 2.8226 3.3852
-1.3708 2.8105 3.3852
-1.3449 2.8197 3.3852
-1.3084 2.8059 3.3852
-1.2764 2.8009 3.3852
-1.2479 2.8028 3.3852
-1.2202 2.8062 3.3852
-1.1886 2.8002 3.3852
-1.1572 2.7938 3.3852
-1.1369 2.8140 3.3852
-1.1010 2.7950 3.3852
-1.0694 2.7858 3.3852
-1.0405 2.7829 3.3852
-1.0096 2.7740 3.3852
-0.9824 2.7742 3.3852
-0.9546 2.7723 3.3852
-0.9259 2.7672 3.3852
-0.8965 2.7590 3.3852
-0.8708 2.7620 3.3852
-0.8417 2.7532 3.3852
-0.8137 2.7470 3.3852
-0.7847 2.7367 3.3852
-0.7582 2.7338 3.3852
-0.7340 2.7394 3.3852
-0.7038 2.7215 3.3852
-0.6779 2.7188 3.3852
-0.6508 2.7110 3.3852
-0.6249 2.7068 3.3852
-0.5991 2.7024 3.3852
-0.5728 2.6948 3.3852
-0.5465 2.6860 3.3852
-0.5215 2.6828 3.3852
-0.4933 2.6617 3.3852
-0.4702 2.6669 3.3852
-0.4451 2.6600 3.3852
-0.4202 2.6529 3.3852
-0.3948 2.6417 3.3852
-0.3701 2.6331 3.3852
-0.3451 2.6214 3.3852
-0.3222 2.6243 3.3852
-0.2986 2.6210 3.3852
-0.2787 2.6514 3.3852
-0.2665 2.7682 3.3852
-0.3284 3.7537 3.3852
-0.3270 4.1552 3.3852
-0.3242 4.6357 3.3852
-0.3239 5.2961 3.3852
-0.2862 5.4615 3.3852
-2.8199 2.6234 3.3852
-2.7263 2.6530 3.3852
-2.6309 2.6803 3.3852
-2.5317 2.7046 3.3852
-2.4309 2.7266 3.3852
-2.3264 2.7455 3.3852
-2.2213 2.7623 3.3852
-2.1126 2.7758 3.3852
-2.0024 2.7867 3.3852
-1.8898 2.7946 3.3852
-1.7444 2.7843 3.3852
-1.6281 2.7861 3.3852
-1.5379 2.7996 3.3852
-1.3862 2.7788 3.3852
-1.2598 2.7690 3.3852
-1.1313 2.7557 3.3852
-0.9705 2.7216 3.3852
-0.8383 2.7010 3.3852
-0.6715 2.6575 3.3852
-0.5376 2.6303 3.3852
-0.3652 2.5770 3.3852
-2.7603 4.2863 3.3852
-2.7691 4.4579 3.3852
-2.7454 4.6973 3.3852
-2.7139 5.1205 3.3852
-2.7652 5.2540 3.3852
-2.7542 5.6320 3.3852
-2.8188 2.6749 3.8688
-2.7752 2.6800 3.8688
-2.7453 2.6978 3.8688
-2.7040 2.7040 3.8688
-2.6747 2.7218 3.8688
-2.6314 2.7249 3.8688
-2.6082 2.7484 3.8688
-2.5589 2.7440 3.8688
-2.5254 2.7559 3.8688
-2.4858 2.7608 3.8688
-2.4557 2.7756 3.8688
-2.4169 2.7804 3.8688
-2.3789 2.7854 3.8688
-2.3320 2.7792 3.8688
-2.3020 2.7925 3.8688
-2.2637 2.7954 3.8688
-2.2311 2.8049 3.8688
-2.1954 2.8100 3.8688
-2.1635 2.8196 3.8688
-2.1280 2.8240 3.8688
-2.0854 2.8183 3.8688
-2.0543 2.8275 3.8688
-2.0220 2.8348 3.8688
-1.9829 2.8318 3.8688
-1.9462 2.8317 3.8688
-1.9136 2.8370 3.8688
-1.8860 2.8494 3.8688
-1.8512 2.8506 3.8688
-1.8145 2.8481 3.8688
-1.7726 2.8367 3.8688
-1.7478 2.8521 3.8688
-1.7135 2.8518 3.8688
-1.6774 2.8477 3.8688
-1.6470 2.8527 3.8688
-1.6142 2.8530 3.8688
-1.5795 2.8495 3.8688
-1.5446 2.8447 3.8688
-1.5112 2.8422 3.8688
-1.4804 2.8438 3.8688
-1.4482 2.8423 3.8688
-1.4158 2.8396 3.8688
-1.3835 2.8366 3.8688
-1.3509 2.8323 3.8688
-1.3211 2.8331 3.8688
-1.2889 2.8282 3.8688
-1.2540 2.8165 3.8688
-1.2254 2.8181 3.8688
-1.1913 2.8066 3.8688
-1.1653 2.8132 3.8688
-1.1332 2.8047 3.8688
-1.1010 2.7950 3.8688
-1.0751 2.8007 3.8688
-1.0426 2.7885 3.8688
-1.0127 2.7824 3.8688
-0.9871 2.7874 3.8688
-0.9562 2.7770 3.8688
-0.9259 2.7672 3.8688
-0.8971 2.7609 3.8688
-0.8742 2.7725 3.8688
-0.8429 2.7570 3.8688
-0.8157 2.7537 3.8688
-0.7850 2.7377 3.8688
-0.7632 2.7521 3.8688
-0.7343 2.7403 3.8688
-0.7046 2.7244 3.8688
-0.6815 2.7333 3.8688
-0.6525 2.7178 3.8688
-0.6240 2.7029 3.8688
-0.5987 2.7004 3.8688
-0.5711 2.6870 3.8688
-0.5475 2.6909 3.8688
-0.5186 2.6681 3.8688
-0.4948 2.6695 3.8688
-0.4689 2.6590 3.8688
-0.4440 2.6531 3.8688
-0.4202 2.6529 3.8688
-0.3952 2.6446 3.8688
-0.3694 2.6282 3.8688
-0.3463 2.6303 3.8688
-0.3211 2.6154 3.8688
-0.2976 2.6121 3.8688
-0.2835 2.6971 3.8688
-0.2698 2.8020 3.8688
-0.3313 3.7865 3.8688
-0.3306 4.2010 3.8688
-0.3259 4.6606 3.8688
-0.3130 5.1174 3.8688
-0.3097 5.9099 3.8688
-2.8209 2.6238 3.8688
-2.7263 2.6530 3.8688
-2.6309 2.6803 3.8688
-2.5317 2.7046 3.8688
-2.4309 2.7266 3.8688
-2.3283 2.7463 3.8688
-2.2222 2.7627 3.8688
-2.1126 2.7758 3.8688
-2.0015 2.7863 3.8688
-1.8889 2.7942 3.8688
-1.7453 2.7847 3.8688
-1.6584 2.8016 3.8688
-1.5371 2.7991 3.8688
-1.3844 2.7779 3.8688
-1.2580 2.7680 3.8688
-1.1313 2.7557 3.8688
-0.9705 2.7216 3.8688
-0.8391 2.7015 3.8688
-0.6732 2.6585 3.8688
-0.4990 2.6071 3.8688
-0.3618 2.5749 3.8688
-2.7966 4.2280 3.8688
-2.7699 4.4584 3.8688
-2.7446 4.6967 3.8688
-2.7250 5.0375 3.8688
-2.7288 5.5119 3.8688
-2.7509 5.7294 3.8688
-2.7517 5.9352 3.8688
-2.8203 2.6763 4.3524
-2.7810 2.6855 4.3524
-2.7446 2.6971 4.3524
-2.7068 2.7068 4.3524
-2.6712 2.7182 4.3524
-2.6362 2.7299 4.3524
-2.5992 2.7390 4.3524
-2.5677 2.7535 4.3524
-2.5227 2.7530 4.3524
-2.4872 2.7623 4.3524
-2.4530 2.7726 4.3524
-2.4071 2.7690 4.3524
-2.3685 2.7732 4.3524
-2.3346 2.7823 4.3524
-2.2943 2.7832 4.3524
-2.2599 2.7907 4.3524
-2.2205 2.7916 4.3524
-2.1881 2.8006 4.3524
-2.1605 2.8156 4.3524
-2.1214 2.8152 4.3524
-2.0849 2.8175 4.3524
-2.0455 2.8154 4.3524
-2.0133 2.8225 4.3524
-1.9754 2.8212 4.3524
-1.9462 2.8317 4.3524
-1.9130 2.8361 4.3524
-1.8716 2.8277 4.3524
-1.8447 2.8406 4.3524
-1.8053 2.8338 4.3524
-1.7763 2.8427 4.3524
-1.7462 2.8495 4.3524
-1.7043 2.8364 4.3524
-1.6728 2.8399 4.3524
-1.6395 2.8397 4.3524
-1.6014 2.8304 4.3524
-1.5766 2.8443 4.3524
-1.5350 2.8272 4.3524
-1.5108 2.8413 4.3524
-1.4725 2.8287 4.3524
-1.4423 2.8307 4.3524
-1.4091 2.8262 4.3524
-1.3782 2.8258 4.3524
-1.3471 2.8242 4.3524
-1.3131 2.8159 4.3524
-1.2810 2.8109 4.3524
-1.2552 2.8192 4.3524
-1.2206 2.8071 4.3524
-1.1906 2.8048 4.3524
-1.1622 2.8058 4.3524
-1.1309 2.7992 4.3524
-1.1010 2.7950 4.3524
-1.0712 2.7905 4.3524
-1.0405 2.7829 4.3524
-1.0120 2.7806 4.3524
-0.9804 2.7685 4.3524
-0.9549 2.7732 4.3524
-0.9246 2.7634 4.3524
-0.8965 2.7590 4.3524
-0.8684 2.7543 4.3524
-0.8438 2.7599 4.3524
-0.8129 2.7441 4.3524
-0.7886 2.7502 4.3524
-0.7603 2.7415 4.3524
-0.7299 2.7239 4.3524
-0.7053 2.7273 4.3524
-0.6774 2.7168 4.3524
-0.6532 2.7207 4.3524
-0.6249 2.7068 4.3524
-0.5982 2.6985 4.3524
-0.5743 2.7016 4.3524
-0.5483 2.6948 4.3524
-0.5201 2.6759 4.3524
-0.4955 2.6735 4.3524
-0.4682 2.6550 4.3524
-0.4465 2.6679 4.3524
-0.4196 2.6490 4.3524
-0.3936 2.6337 4.3524
-0.3699 2.6321 4.3524
-0.3463 2.6303 4.3524
-0.3216 2.6193 4.3524
-0.2983 2.6181 4.3524
-0.2844 2.7061 4.3524
-0.2725 2.8299 4.3524
-0.3375 3.8573 4.3524
-0.3342 4.2469 4.3524
-0.3276 4.6856 4.3524
-0.3192 5.2182 4.3524
-2.8432 2.6326 4.3524
-2.6790 2.6339 4.3524
-2.5819 2.6600 4.3524
-2.4829 2.6839 4.3524
-2.3795 2.7043 4.3524
-2.2753 2.7227 4.3524
-2.1958 2.7507 4.3524
-2.0873 2.7639 4.3524
-1.9772 2.7746 4.3524
-1.8332 2.7670 4.3524
-1.7498 2.7870 4.3524
-1.5996 2.7716 4.3524
-1.5113 2.7857 4.3524
-1.3553 2.7624 4.3524
-1.2633 2.7709 4.3524
-1.1025 2.7397 4.3524
-0.9739 2.7236 4.3524
-0.8391 2.7015 4.3524
-0.6379 2.6377 4.3524
-0.5350 2.6288 4.3524
-0.3635 2.5759 4.3524
-2.7933 4.2259 4.3524
-2.7683 4.4573 4.3524
-2.7454 4.6973 4.3524
-2.6710 5.3672 4.3524
-2.8195 2.6756 4.8360
-2.7774 2.6821 4.8360
-2.7453 2.6978 4.8360
-2.7068 2.7068 4.8360
-2.6691 2.7161 4.8360
-2.6272 2.7205 4.8360
-2.5855 2.7245 4.8360
-2.5575 2.7426 4.8360
-2.5166 2.7464 4.8360
-2.4765 2.7504 4.8360
-2.4358 2.7532 4.8360
-2.4051 2.7668 4.8360
-2.3633 2.7671 4.8360
-2.3275 2.7738 4.8360
-2.2829 2.7694 4.8360
-2.2504 2.7791 4.8360
-2.2149 2.7845 4.8360
-2.1807 2.7911 4.8360
-2.1428 2.7926 4.8360
-2.1112 2.8016 4.8360
-2.0724 2.8006 4.8360
-2.0455 2.8154 4.8360
-2.0005 2.8046 4.8360
-1.9708 2.8146 4.8360
-1.9348 2.8152 4.8360
-1.9013 2.8187 4.8360
-1.8650 2.8177 4.8360
-1.8387 2.8314 4.8360
-1.7967 2.8203 4.8360
-1.7668 2.8274 4.8360
-1.7310 2.8248 4.8360
-1.6976 2.8252 4.8360
-1.6647 2.8261 4.8360
-1.6315 2.8258 4.8360
-1.5974 2.8234 4.8360
-1.5684 2.8294 4.8360
-1.5341 2.8254 4.8360
-1.5070 2.8343 4.8360
-1.4716 2.8269 4.8360
-1.4360 2.8183 4.8360
-1.4046 2.8173 4.8360
-1.3734 2.8159 4.8360
-1.3393 2.8079 4.8360
-1.3076 2.8041 4.8360
-1.2793 2.8072 4.8360
-1.2487 2.8046 4.8360
-1.2170 2.7989 4.8360
-1.1870 2.7965 4.8360
-1.1599 2.8003 4.8360
-1.1287 2.7936 4.8360
-1.0995 2.7913 4.8360
-1.0712 2.7905 4.8360
-1.0394 2.7800 4.8360
-1.0117 2.7796 4.8360
-0.9824 2.7742 4.8360
-0.9523 2.7656 4.8360
-0.9259 2.7672 4.8360
-0.8949 2.7543 4.8360
-0.8699 2.7591 4.8360
-0.8412 2.7513 4.8360
-0.8114 2.7393 4.8360
-0.7842 2.7348 4.8360
-0.7624 2.7492 4.8360
-0.7317 2.7307 4.8360
-0.7038 2.7215 4.8360
-0.6767 2.7139 4.8360
-0.6497 2.7061 4.8360
-0.6249 2.7068 4.8360
-0.5976 2.6956 4.8360
-0.5732 2.6968 4.8360
-0.5461 2.6840 4.8360
-0.5186 2.6681 4.8360
-0.4933 2.6617 4.8360
-0.4695 2.6629 4.8360
-0.4422 2.6423 4.8360
-0.4196 2.6490 4.8360
-0.3933 2.6318 4.8360
-0.3708 2.6381 4.8360
-0.3443 2.6154 4.8360
-0.3214 2.6173 4.8360
-0.3002 2.6350 4.8360
-0.2835 2.6971 4.8360
-0.2979 3.0937 4.8360
-0.3379 3.8622 4.8360
-0.3370 4.2818 4.8360
-0.3313 4.7384 4.8360
-0.3575 5.8451 4.8360
-2.8209 2.6238 4.8360
-2.7031 2.6436 4.8360
-2.6059 2.6700 4.8360
-2.5069 2.6941 4.8360
-2.3804 2.7047 4.8360
-2.2753 2.7227 4.8360
-2.1685 2.7382 4.8360
-2.0329 2.7386 4.8360
-1.9203 2.7475 4.8360
-1.8080 2.7547 4.8360
-1.6934 2.7588 4.8360
-1.5702 2.7566 4.8360
-1.4510 2.7543 4.8360
-1.3279 2.7478 4.8360
-1.2009 2.7370 4.8360
-1.0378 2.7038 4.8360
-0.9060 2.6852 4.8360
-0.8080 2.6835 4.8360
-0.6749 2.6595 4.8360
-0.5016 2.6087 4.8360
-0.3644 2.5764 4.8360
-0.1857 2.5155 4.8360
-0.1906 2.5678 4.8360
-2.7649 4.4551 4.8360
-2.7470 4.6985 4.8360
-2.6799 5.6677 4.8360
-2.5971 5.7960 4.8360
-2.8261 2.6818 5.3196
-2.7824 2.6869 5.3196
-2.7446 2.6971 5.3196
-2.7068 2.7068 5.3196
-2.6754 2.7225 5.3196
-2.6341 2.7277 5.3196
-2.5958 2.7354 5.3196
-2.5582 2.7433 5.3196
-2.5172 2.7471 5.3196
-2.4771 2.7511 5.3196
-2.4404 2.7584 5.3196
-2.4031 2.7645 5.3196
-2.3620 2.7656 5.3196
-2.3327 2.7800 5.3196
-2.2912 2.7794 5.3196
-2.2599 2.7907 5.3196
-2.2205 2.7916 5.3196
-2.1856 2.7974 5.3196
-2.1483 2.7997 5.3196
-2.1076 2.7968 5.3196
-2.0730 2.8014 5.3196
-2.0379 2.8049 5.3196
-2.0017 2.8063 5.3196
-1.9685 2.8113 5.3196
-1.9343 2.8144 5.3196
-1.8979 2.8138 5.3196
-1.8661 2.8194 5.3196
-1.8273 2.8137 5.3196
-1.8048 2.8330 5.3196
-1.7736 2.8384 5.3196
-1.7300 2.8231 5.3196
-1.6971 2.8244 5.3196
-1.6642 2.8253 5.3196
-1.6280 2.8198 5.3196
-1.5955 2.8200 5.3196
-1.5606 2.8154 5.3196
-1.5307 2.8192 5.3196
-1.5000 2.8210 5.3196
-1.4642 2.8127 5.3196
-1.4332 2.8129 5.3196
-1.4028 2.8137 5.3196
-1.3717 2.8123 5.3196
-1.3380 2.8052 5.3196
-1.3042 2.7969 5.3196
-1.2764 2.8009 5.3196
-1.2511 2.8101 5.3196
-1.2158 2.7961 5.3196
-1.1855 2.7928 5.3196
-1.1538 2.7855 5.3196
-1.1276 2.7908 5.3196
-1.0962 2.7829 5.3196
-1.0669 2.7793 5.3196
-1.0394 2.7800 5.3196
-1.0093 2.7730 5.3196
-0.9811 2.7704 5.3196
-0.9546 2.7723 5.3196
-0.9243 2.7625 5.3196
-0.8949 2.7543 5.3196
-0.8660 2.7467 5.3196
-0.8388 2.7436 5.3196
-0.8111 2.7384 5.3196
-0.7858 2.7406 5.3196
-0.7587 2.7357 5.3196
-0.7306 2.7268 5.3196
-0.7061 2.7302 5.3196
-0.6767 2.7139 5.3196
-0.6508 2.7110 5.3196
-0.6249 2.7068 5.3196
-0.5989 2.7014 5.3196
-0.5722 2.6919 5.3196
-0.5467 2.6870 5.3196
-0.5196 2.6730 5.3196
-0.4920 2.6548 5.3196
-0.4685 2.6570 5.3196
-0.4445 2.6561 5.3196
-0.4191 2.6460 5.3196
-0.3941 2.6367 5.3196
-0.3702 2.6341 5.3196
-0.3459 2.6273 5.3196
-0.3214 2.6173 5.3196
-0.3010 2.6419 5.3196
-0.2879 2.7389 5.3196
-0.3402 3.5327 5.3196
-0.3401 3.8872 5.3196
-0.3415 4.3396 5.3196
-0.3323 4.7514 5.3196
-0.3601 5.8880 5.3196
-2.8432 2.6326 5.3196
-2.7263 2.6530 5.3196
-2.6549 2.6903 5.3196
-2.5317 2.7046 5.3196
-2.4309 2.7266 5.3196
-2.3273 2.7459 5.3196
-2.1949 2.7502 5.3196
-2.1135 2.7762 5.3196
-2.0042 2.7876 5.3196
-1.8925 2.7959 5.3196
-1.7453 2.7847 5.3196
-1.6281 2.7861 5.3196
-1.5069 2.7834 5.3196
-1.3853 2.7783 5.3196
-1.2607 2.7694 5.3196
-1.1007 2.7387 5.3196
-0.9705 2.7216 5.3196
-0.8729 2.7210 5.3196
-0.6706 2.6570 5.3196
-0.5024 2.6092 5.3196
-0.3635 2.5759 5.3196
-2.7916 4.2248 5.3196
-2.7666 4.4562 5.3196
-2.7853 4.6391 5.3196
-2.7094 5.5937 5.3196
-2.5898 5.8918 5.3196
-2.8239 2.6798 5.8032
-2.7853 2.6897 5.8032
-2.7489 2.7013 5.8032
-2.7061 2.7061 5.8032
-2.6747 2.7218 5.8032
-2.6439 2.7378 5.8032
-2.6020 2.7419 5.8032
-2.5677 2.7535 5.8032
-2.5321 2.7633 5.8032
-2.4898 2.7652 5.8032
-2.4497 2.7689 5.8032
-2.4110 2.7736 5.8032
-2.3763 2.7823 5.8032
-2.3340 2.7815 5.8032
-2.2943 2.7832 5.8032
-2.2586 2.7892 5.8032
-2.2242 2.7963 5.8032
-2.1905 2.8037 5.8032
-2.1532 2.8061 5.8032
-2.1130 2.8040 5.8032
-2.0849 2.8175 5.8032
-2.0484 2.8194 5.8032
-2.0069 2.8136 5.8032
-1.9685 2.8113 5.8032
-1.9405 2.8235 5.8032
-1.9063 2.8262 5.8032
-1.8683 2.8227 5.8032
-1.8365 2.8280 5.8032
-1.8010 2.8270 5.8032
-1.7657 2.8257 5.8032
-1.7289 2.8214 5.8032
-1.6996 2.8287 5.8032
-1.6657 2.8279 5.8032
-1.6380 2.8371 5.8032
-1.6019 2.8313 5.8032
-1.5713 2.8346 5.8032
-1.5393 2.8351 5.8032
-1.5079 2.8360 5.8032
-1.4716 2.8269 5.8032
-1.4396 2.8254 5.8032
-1.4109 2.8298 5.8032
-1.3778 2.8249 5.8032
-1.3415 2.8125 5.8032
-1.3135 2.8168 5.8032
-1.2831 2.8154 5.8032
-1.2527 2.8137 5.8032
-1.2234 2.8135 5.8032
-1.1906 2.8048 5.8032
-1.1622 2.8058 5.8032
-1.1328 2.8038 5.8032
-1.1002 2.7931 5.8032
-1.0758 2.8026 5.8032
-1.0422 2.7875 5.8032
-1.0131 2.7834 5.8032
-0.9864 2.7855 5.8032
-0.9572 2.7798 5.8032
-0.9265 2.7691 5.8032
-0.8999 2.7695 5.8032
-0.8699 2.7591 5.8032
-0.8470 2.7704 5.8032
-0.8182 2.7624 5.8032
-0.7941 2.7694 5.8032
-0.7606 2.7425 5.8032
-0.7340 2.7394 5.8032
-0.7058 2.7292 5.8032
-0.6786 2.7217 5.8032
-0.6513 2.7129 5.8032
-0.6269 2.7156 5.8032
-0.6026 2.7180 5.8032
-0.5755 2.7075 5.8032
-0.5487 2.6968 5.8032
-0.5209 2.6798 5.8032
-0.4955 2.6735 5.8032
-0.4702 2.6669 5.8032
-0.4430 2.6472 5.8032
-0.4196 2.6490 5.8032
-0.3947 2.6407 5.8032
-0.3709 2.6391 5.8032
-0.3447 2.6184 5.8032
-0.3208 2.6124 5.8032
-0.3021 2.6518 5.8032
-0.2885 2.7449 5.8032
-0.3456 3.5894 5.8032
-0.3450 3.9429 5.8032
-0.3423 4.3496 5.8032
-0.3392 4.8512 5.8032
-0.3496 5.7153 5.8032
-2.8209 2.6238 5.8032
-2.7504 2.6627 5.8032
-2.6309 2.6803 5.8032
-2.5069 2.6941 5.8032
-2.4052 2.7155 5.8032
-2.3018 2.7345 5.8032
-2.1949 2.7502 5.8032
-2.0863 2.7635 5.8032
-1.9474 2.7604 5.8032
-1.8332 2.7670 5.8032
-1.7175 2.7709 5.8032
-1.5987 2.7712 5.8032
-1.5069 2.7834 5.8032
-1.3835 2.7774 5.8032
-1.2923 2.7866 5.8032
-1.1663 2.7751 5.8032
-1.0027 2.7398 5.8032
-0.8738 2.7215 5.8032
-0.7051 2.6773 5.8032
-0.4990 2.6071 5.8032
-0.3610 2.5744 5.8032
-2.7857 4.2210 5.8032
-2.7977 4.3934 5.8032
-2.7454 4.6973 5.8032
-2.8268 2.6825 6.2868
-2.7838 2.6883 6.2868
-2.7489 2.7013 6.2868
-2.7047 2.7047 6.2868
-2.6859 2.7332 6.2868
-2.6397 2.7335 6.2868
-2.6020 2.7419 6.2868
-2.5616 2.7470 6.2868
-2.5281 2.7589 6.2868
-2.4878 2.7630 6.2868
-2.4451 2.7636 6.2868
-2.4045 2.7660 6.2868
-2.3685 2.7732 6.2868
-2.3295 2.7761 6.2868
-2.2873 2.7748 6.2868
-2.2523 2.7814 6.2868
-2.2186 2.7892 6.2868
-2.1807 2.7911 6.2868
-2.1477 2.7990 6.2868
-2.1112 2.8016 6.2868
-2.0736 2.8022 6.2868
-2.0361 2.8024 6.2868
-1.9994 2.8030 6.2868
-1.9651 2.8064 6.2868
-1.9337 2.8136 6.2868
-1.8951 2.8096 6.2868
-1.8622 2.8135 6.2868
-1.8300 2.8179 6.2868
-1.8032 2.8304 6.2868
-1.7615 2.8189 6.2868
-1.7263 2.8171 6.2868
-1.6909 2.8141 6.2868
-1.6622 2.8218 6.2868
-1.6330 2.8284 6.2868
-1.6004 2.8287 6.2868
-1.5718 2.8355 6.2868
-1.5465 2.8482 6.2868
-1.5103 2.8404 6.2868
-1.4734 2.8305 6.2868
-1.4428 2.8316 6.2868
-1.4122 2.8325 6.2868
-1.3796 2.8285 6.2868
-1.3471 2.8242 6.2868
-1.3148 2.8195 6.2868
-1.2864 2.8227 6.2868
-1.2597 2.8293 6.2868
-1.2305 2.8300 6.2868
-1.1913 2.8066 6.2868
-1.1695 2.8234 6.2868
-1.1396 2.8205 6.2868
-1.1046 2.8043 6.2868
-1.0737 2.7970 6.2868
-1.0447 2.7941 6.2868
-1.0179 2.7965 6.2868
-0.9857 2.7836 6.2868
-0.9572 2.7798 6.2868
-0.9281 2.7738 6.2868
-0.9020 2.7761 6.2868
-0.8708 2.7620 6.2868
-0.8412 2.7513 6.2868
-0.8171 2.7585 6.2868
-0.7941 2.7694 6.2868
-0.7590 2.7367 6.2868
-0.7356 2.7452 6.2868
-0.7086 2.7399 6.2868
-0.6798 2.7265 6.2868
-0.6501 2.7081 6.2868
-0.6249 2.7068 6.2868
-0.5995 2.7043 6.2868
-0.5743 2.7016 6.2868
-0.5489 2.6977 6.2868
-0.5211 2.6808 6.2868
-0.4951 2.6715 6.2868
-0.4699 2.6649 6.2868
-0.4446 2.6571 6.2868
-0.4181 2.6401 6.2868
-0.3951 2.6436 6.2868
-0.3712 2.6410 6.2868
-0.3455 2.6244 6.2868
-0.3219 2.6213 6.2868
-0.3040 2.6677 6.2868
-0.2904 2.7628 6.2868
-0.3496 3.6312 6.2868
-0.3480 3.9778 6.2868
-0.3451 4.3854 6.2868
-0.3440 4.9190 6.2868
-2.8199 2.6234 6.2868
-2.7504 2.6627 6.2868
-2.6299 2.6799 6.2868
-2.5317 2.7046 6.2868
-2.4309 2.7266 6.2868
-2.3273 2.7459 6.2868
-2.1949 2.7502 6.2868
-2.0854 2.7631 6.2868
-1.9745 2.7734 6.2868
-1.8332 2.7670 6.2868
-1.7175 2.7709 6.2868
-1.5987 2.7712 6.2868
-1.5078 2.7839 6.2868
-1.3853 2.7783 6.2868
-1.2940 2.7876 6.2868
-1.1663 2.7751 6.2868
-1.0044 2.7408 6.2868
-0.8729 2.7210 6.2868
-0.7068 2.6783 6.2868
-0.5376 2.6303 6.2868
-0.4019 2.5994 6.2868
-2.7848 4.2205 6.2868
-2.7977 4.3934 6.2868
-2.7845 4.6385 6.2868
-2.8159 2.6722 6.7705
-2.7846 2.6890 6.7705
-2.7417 2.6943 6.7705
-2.7026 2.7026 6.7705
-2.6677 2.7146 6.7705
-2.6425 2.7364 6.7705
-2.5958 2.7354 6.7705
-2.5602 2.7455 6.7705
-2.5260 2.7567 6.7705
-2.4972 2.7734 6.7705
-2.4550 2.7749 6.7705
-2.4077 2.7698 6.7705
-2.3848 2.7922 6.7705
-2.3352 2.7830 6.7705
-2.2994 2.7894 6.7705
-2.2630 2.7946 6.7705
-2.2298 2.8033 6.7705
-2.1942 2.8085 6.7705
-2.1593 2.8140 6.7705
-2.1118 2.8024 6.7705
-2.0854 2.8183 6.7705
-2.0502 2.8219 6.7705
-2.0104 2.8185 6.7705
-1.9760 2.8220 6.7705
-1.9416 2.8251 6.7705
-1.9068 2.8270 6.7705
-1.8782 2.8377 6.7705
-1.8447 2.8406 6.7705
-1.8064 2.8355 6.7705
-1.7689 2.8308 6.7705
-1.7363 2.8333 6.7705
-1.7012 2.8312 6.7705
-1.6688 2.8330 6.7705
-1.6430 2.8458 6.7705
-1.6073 2.8408 6.7705
-1.5742 2.8399 6.7705
-1.5436 2.8430 6.7705
-1.5122 2.8440 6.7705
-1.4753 2.8340 6.7705
-1.4410 2.8281 6.7705
-1.4086 2.8253 6.7705
-1.3774 2.8240 6.7705
-1.3471 2.8242 6.7705
-1.3122 2.8141 6.7705
-1.2855 2.8209 6.7705
-1.2499 2.8073 6.7705
-1.2258 2.8190 6.7705
-1.1925 2.8094 6.7705
-1.1653 2.8132 6.7705
-1.1392 2.8196 6.7705
-1.1046 2.8043 6.7705
-1.0712 2.7905 6.7705
-1.0412 2.7847 6.7705
-1.0137 2.7852 6.7705
-0.9844 2.7798 6.7705
-0.9536 2.7694 6.7705
-0.9259 2.7672 6.7705
-0.9017 2.7752 6.7705
-0.8672 2.7505 6.7705
-0.8412 2.7513 6.7705
-0.8205 2.7700 6.7705
-0.7867 2.7434 6.7705
-0.7571 2.7300 6.7705
-0.7312 2.7287 6.7705
-0.7041 2.7224 6.7705
-0.6791 2.7236 6.7705
-0.6506 2.7100 6.7705
-0.6236 2.7010 6.7705
-0.5976 2.6956 6.7705
-0.5726 2.6938 6.7705
-0.5459 2.6830 6.7705
-0.5188 2.6690 6.7705
-0.4926 2.6577 6.7705
-0.4692 2.6610 6.7705
-0.4436 2.6511 6.7705
-0.4183 2.6411 6.7705
-0.3935 2.6328 6.7705
-0.3712 2.6410 6.7705
-0.3446 2.6174 6.7705
-0.3226 2.6273 6.7705
-0.3084 2.7065 6.7705
-0.2947 2.8036 6.7705
-0.3544 3.6810 6.7705
-0.3524 4.0276 6.7705
-0.3482 4.4243 6.7705
-0.3748 5.3599 6.7705
-2.8432 2.6326 6.7705
-2.7263 2.6530 6.7705
-2.6309 2.6803 6.7705
-2.5566 2.7152 6.7705
-2.4565 2.7378 6.7705
-2.3538 2.7577 6.7705
-2.2203 2.7619 6.7705
-2.1126 2.7758 6.7705
-2.0024 2.7867 6.7705
-1.8611 2.7806 6.7705
-1.7444 2.7843 6.7705
-1.6593 2.8020 6.7705
-1.5060 2.7830 6.7705
-1.3853 2.7783 6.7705
-1.2624 2.7704 6.7705
-1.1007 2.7387 6.7705
-0.9731 2.7231 6.7705
-0.8391 2.7015 6.7705
-0.6706 2.6570 6.7705
-0.4990 2.6071 6.7705
-0.4019 2.5994 6.7705
-2.7848 4.2205 6.7705
-2.7927 4.3901 6.7705
-2.7812 4.6362 6.7705
-2.6617 5.3596 6.7705
-2.6539 5.5463 6.7705
-2.6362 5.9344 6.7705
-2.8239 2.6798 7.2541
-2.7795 2.6842 7.2541
-2.7424 2.6950 7.2541
-2.7047 2.7047 7.2541
-2.6803 2.7275 7.2541
-2.6439 2.7378 7.2541
-2.6034 2.7434 7.2541
-2.5745 2.7609 7.2541
-2.5402 2.7722 7.2541
-2.5039 2.7808 7.2541
-2.4663 2.7876 7.2541
-2.4241 2.7887 7.2541
-2.3880 2.7960 7.2541
-2.3423 2.7915 7.2541
-2.3121 2.8049 7.2541
-2.2712 2.8047 7.2541
-2.2373 2.8127 7.2541
-2.1973 2.8124 7.2541
-2.1593 2.8140 7.2541
-2.1250 2.8200 7.2541
-2.0908 2.8256 7.2541
-2.0502 2.8219 7.2541
-2.0174 2.8282 7.2541
-1.9771 2.8236 7.2541
-1.9479 2.8342 7.2541
-1.9169 2.8419 7.2541
-1.8799 2.8402 7.2541
-1.8436 2.8389 7.2541
-1.8134 2.8464 7.2541
-1.7763 2.8427 7.2541
-1.7384 2.8367 7.2541
-1.6991 2.8278 7.2541
-1.6688 2.8330 7.2541
-1.6340 2.8302 7.2541
-1.6014 2.8304 7.2541
-1.5664 2.8259 7.2541
-1.5388 2.8342 7.2541
-1.5061 2.8325 7.2541
-1.4688 2.8216 7.2541
-1.4373 2.8209 7.2541
-1.4028 2.8137 7.2541
-1.3708 2.8105 7.2541
-1.3354 2.7998 7.2541
-1.3080 2.8050 7.2541
-1.2752 2.7981 7.2541
-1.2405 2.7863 7.2541
-1.2162 2.7970 7.2541
-1.1890 2.8011 7.2541
-1.1580 2.7957 7.2541
-1.1264 2.7880 7.2541
-1.0944 2.7782 7.2541
-1.0644 2.7727 7.2541
-1.0338 2.7651 7.2541
-1.0072 2.7674 7.2541
-0.9777 2.7610 7.2541
-0.9520 2.7647 7.2541
-0.9230 2.7587 7.2541
-0.8940 2.7514 7.2541
-0.8678 2.7524 7.2541
-0.8423 2.7551 7.2541
-0.8111 2.7384 7.2541
-0.7889 2.7511 7.2541
-0.7600 2.7406 7.2541
-0.7317 2.7307 7.2541
-0.7038 2.7215 7.2541
-0.6800 2.7275 7.2541
-0.6508 2.7110 7.2541
-0.6236 2.7010 7.2541
-0.5987 2.7004 7.2541
-0.5705 2.6840 7.2541
-0.5437 2.6723 7.2541
-0.5188 2.6690 7.2541
-0.4940 2.6656 7.2541
-0.4675 2.6511 7.2541
-0.4413 2.6373 7.2541
-0.4172 2.6342 7.2541
-0.3952 2.6446 7.2541
-0.3699 2.6321 7.2541
-0.3443 2.6154 7.2541
-0.3245 2.6432 7.2541
-0.3101 2.7214 7.2541
-0.3550 3.3774 7.2541
-0.3567 3.7049 7.2541
-0.3524 4.0276 7.2541
-0.3484 4.4273 7.2541
-0.3493 4.9948 7.2541
-0.3124 5.1075 7.2541
-0.2718 5.1869 7.2541
-2.8209 2.6238 7.2541
-2.7263 2.6530 7.2541
-2.6549 2.6903 7.2541
-2.5566 2.7152 7.2541
-2.4299 2.7262 7.2541
-2.3529 2.7573 7.2541
-2.2476 2.7743 7.2541
-2.1117 2.7753 7.2541
-1.9745 2.7734 7.2541
-1.8628 2.7815 7.2541
-1.7184 2.7713 7.2541
-1.5684 2.7557 7.2541
-1.4475 2.7525 7.2541
-1.3597 2.7647 7.2541
-1.2334 2.7546 7.2541
-1.0692 2.7212 7.2541
-0.9391 2.7039 7.2541
-0.8409 2.7025 7.2541
-0.6724 2.6580 7.2541
-0.5384 2.6308 7.2541
-0.4027 2.6000 7.2541
-2.7789 4.2167 7.2541
-2.7911 4.3890 7.2541
-2.7804 4.6356 7.2541
-2.8278 5.0246 7.2541
-2.7171 5.0314 7.2541
-2.8392 5.2183 7.2541
-2.7796 5.7543 7.2541
-2.8182 5.8907 7.2541
-2.8188 2.6749 7.7377
-2.7838 2.6883 7.7377
-2.7432 2.6957 7.7377
-2.7153 2.7153 7.7377
-2.6789 2.7260 7.7377
-2.6473 2.7414 7.7377
-2.6102 2.7506 7.7377
-2.5745 2.7609 7.7377
-2.5416 2.7736 7.7377
-2.5046 2.7816 7.7377
-2.4669 2.7884 7.7377
-2.4268 2.7917 7.7377
-2.3776 2.7838 7.7377
-2.3436 2.7930 7.7377
-2.2988 2.7887 7.7377
-2.2687 2.8016 7.7377
-2.2267 2.7994 7.7377
-2.1838 2.7951 7.7377
-2.1465 2.7974 7.7377
-2.1051 2.7936 7.7377
-2.0706 2.7982 7.7377
-2.0296 2.7935 7.7377
-1.9912 2.7916 7.7377
-1.9599 2.7990 7.7377
-1.9320 2.8111 7.7377
-1.8951 2.8096 7.7377
-1.8595 2.8094 7.7377
-1.8278 2.8146 7.7377
-1.7903 2.8102 7.7377
-1.7546 2.8079 7.7377
-1.7148 2.7984 7.7377
-1.6842 2.8029 7.7377
-1.6556 2.8106 7.7377
-1.6215 2.8085 7.7377
-1.5861 2.8034 7.7377
-1.5495 2.7953 7.7377
-1.5212 2.8017 7.7377
-1.4863 2.7954 7.7377
-1.4513 2.7879 7.7377
-1.4183 2.7835 7.7377
-1.3868 2.7815 7.7377
-1.3554 2.7791 7.7377
-1.3277 2.7836 7.7377
-1.2924 2.7715 7.7377
-1.2640 2.7736 7.7377
-1.2296 2.7616 7.7377
-1.2062 2.7741 7.7377
-1.1757 2.7698 7.7377
-1.1465 2.7679 7.7377
-1.1156 2.7612 7.7377
-1.0848 2.7540 7.7377
-1.0568 2.7531 7.7377
-1.0251 2.7416 7.7377
-1.0045 2.7599 7.7377
-0.9684 2.7346 7.7377
-0.9412 2.7335 7.7377
-0.9148 2.7340 7.7377
-0.8881 2.7333 7.7377
-0.8609 2.7305 7.7377
-0.8324 2.7226 7.7377
-0.8129 2.7441 7.7377
-0.7784 2.7146 7.7377
-0.7536 2.7174 7.7377
-0.7273 2.7143 7.7377
-0.7031 2.7186 7.7377
-0.6742 2.7042 7.7377
-0.6466 2.6935 7.7377
-0.6227 2.6971 7.7377
-0.5980 2.6975 7.7377
-0.5740 2.7007 7.7377
-0.5477 2.6919 7.7377
-0.5184 2.6671 7.7377
-0.4942 2.6666 7.7377
-0.4690 2.6600 7.7377
-0.4427 2.6452 7.7377
-0.4183 2.6411 7.7377
-0.3954 2.6456 7.7377
-0.3673 2.6133 7.7377
-0.3451 2.6214 7.7377
-0.3265 2.6590 7.7377
-0.3147 2.7621 7.7377
-0.3765 3.5823 7.7377
-0.3591 3.7297 7.7377
-0.3538 4.0436 7.7377
-0.3489 4.4333 7.7377
-0.3465 4.9549 7.7377
-0.3071 5.0216 7.7377
-0.2904 5.5414 7.7377
-2.8199 2.6234 7.7377
-2.7504 2.6627 7.7377
-2.6549 2.6903 7.7377
-2.5566 2.7152 7.7377
-2.4309 2.7266 7.7377
-2.2753 2.7227 7.7377
-2.1157 2.7142 7.7377
-1.9803 2.7141 7.7377
-1.8102 2.6950 7.7377
-1.7244 2.7140 7.7377
-1.5744 2.6995 7.7377
-1.4535 2.6972 7.7377
-1.2993 2.6754 7.7377
-1.2069 2.6835 7.7377
-1.0752 2.6687 7.7377
-0.9442 2.6519 7.7377
-0.8843 2.6729 7.7377
-0.7404 2.6445 7.7377
-0.6767 2.6605 7.7377
-0.4664 2.5876 7.7377
-0.4036 2.6005 7.7377
-2.7806 4.2178 7.7377
-2.7877 4.3868 7.7377
-2.7747 4.6316 7.7377
-2.7163 5.0308 7.7377
-2.8218 5.2048 7.7377
-2.7796 5.7543 7.7377
-2.8145 5.8874 7.7377
-2.8239 2.6798 8.2213
-2.7824 2.6869 8.2213
-2.7460 2.6985 8.2213
-2.7082 2.7082 8.2213
-2.6705 2.7175 8.2213
-2.6341 2.7277 8.2213
-2.6040 2.7441 8.2213
-2.5602 2.7455 8.2213
-2.5051 2.7338 8.2213
-2.4537 2.7251 8.2213
-2.4126 2.7269 8.2213
-2.3684 2.7245 8.2213
-2.3263 2.7238 8.2213
-2.2690 2.7041 8.2213
-2.2301 2.7053 8.2213
-2.1900 2.7045 8.2213
-2.1502 2.7031 8.2213
-2.1117 2.7029 8.2213
-2.0686 2.6958 8.2213
-2.0347 2.7002 8.2213
-1.9962 2.6977 8.2213
-1.9579 2.6948 8.2213
-1.9169 2.6874 8.2213
-1.8790 2.6835 8.2213
-1.8471 2.6875 8.2213
-1.8107 2.6844 8.2213
-1.7761 2.6834 8.2213
-1.7439 2.6854 8.2213
-1.7124 2.6879 8.2213
-1.6730 2.6773 8.2213
-1.6427 2.6807 8.2213
-1.6059 2.6726 8.2213
-1.5805 2.6831 8.2213
-1.5470 2.6795 8.2213
-1.5112 2.6711 8.2213
-1.4801 2.6702 8.2213
-1.4539 2.6778 8.2213
-1.4187 2.6683 8.2213
-1.3871 2.6646 8.2213
-1.3565 2.6623 8.2213
-1.3297 2.6669 8.2213
-1.2945 2.6541 8.2213
-1.2674 2.6572 8.2213
-1.2378 2.6546 8.2213
-1.2155 2.6671 8.2213
-1.1877 2.6676 8.2213
-1.1616 2.6714 8.2213
-1.1343 2.6722 8.2213
-1.1117 2.6839 8.2213
-1.0792 2.6712 8.2213
-1.0544 2.6768 8.2213
-1.0264 2.6738 8.2213
-0.9988 2.6714 8.2213
-0.9703 2.6659 8.2213
-0.9437 2.6648 8.2213
-0.9152 2.6579 8.2213
-0.8935 2.6705 8.2213
-0.8677 2.6706 8.2213
-0.8417 2.6695 8.2213
-0.8134 2.6604 8.2213
-0.7887 2.6626 8.2213
-0.7663 2.6723 8.2213
-0.7432 2.6799 8.2213
-0.7177 2.6785 8.2213
-0.6903 2.6692 8.2213
-0.6650 2.6673 8.2213
-0.6401 2.6662 8.2213
-0.6184 2.6785 8.2213
-0.5933 2.6760 8.2213
-0.5659 2.6625 8.2213
-0.5413 2.6605 8.2213
-0.5186 2.6681 8.2213
-0.4933 2.6617 8.2213
-0.4678 2.6531 8.2213
-0.4435 2.6501 8.2213
-0.4166 2.6302 8.2213
-0.3933 2.6318 8.2213
-0.3691 2.6262 8.2213
-0.3469 2.6353 8.2213
-0.3262 2.6570 8.2213
-0.3138 2.7542 8.2213
-0.3792 3.6081 8.2213
-0.3650 3.7905 8.2213
-0.3600 4.1143 8.2213
-0.3529 4.4841 8.2213
-0.3543 5.0666 8.2213
-0.3154 5.1574 8.2213
-0.2838 5.4156 8.2213
-2.8199 2.6234 8.2213
-2.7022 2.6432 8.2213
-2.5089 2.6298 8.2213
-2.3081 2.6097 8.2213
-2.1512 2.6050 8.2213
-1.9893 2.5954 8.2213
-1.8518 2.5939 8.2213
-1.7057 2.5860 8.2213
-1.5602 2.5757 8.2213
-1.4350 2.5728 8.2213
-1.3766 2.6009 8.2213
-1.2788 2.6082 8.2213
-1.1769 2.6117 8.2213
-1.0842 2.6182 8.2213
-0.9496 2.6005 8.2213
-0.8829 2.6180 8.2213
-0.7842 2.6162 8.2213
-0.6798 2.6095 8.2213
-0.2682 2.4199 8.2213
-0.2650 2.4665 8.2213
-0.4044 2.6010 8.2213
-2.7806 4.2178 8.2213
-2.7902 4.3885 8.2213
-2.8047 4.4819 8.2213
-2.7967 4.7339 8.2213
-2.8131 5.1051 8.2213
-2.8408 5.2196 8.2213
-2.7449 5.2378 8.2213
-2.8116 5.5813 8.2213
-2.8203 2.6763 8.7049
-2.7673 2.6724 8.7049
-2.7153 2.6684 8.7049
-2.6686 2.6686 8.7049
-2.6032 2.6490 8.7049
-2.5515 2.6421 8.7049
-2.4994 2.6338 8.7049
-2.4518 2.6292 8.7049
-2.4119 2.6321 8.7049
-2.3567 2.6174 8.7049
-2.3178 2.6198 8.7049
-2.2732 2.6151 8.7049
-2.2328 2.6143 8.7049
-2.1835 2.6023 8.7049
-2.1423 2.5988 8.7049
-2.1019 2.5957 8.7049
-2.0667 2.5983 8.7049
-2.0268 2.5941 8.7049
-1.9955 2.6006 8.7049
-1.9547 2.5940 8.7049
-1.9189 2.5932 8.7049
-1.8780 2.5848 8.7049
-1.8356 2.5734 8.7049
-1.8033 2.5754 8.7049
-1.7757 2.5836 8.7049
-1.7424 2.5833 8.7049
-1.7022 2.5717 8.7049
-1.6666 2.5663 8.7049
-1.6398 2.5740 8.7049
-1.6041 2.5670 8.7049
-1.5769 2.5733 8.7049
-1.5461 2.5732 8.7049
-1.5175 2.5763 8.7049
-1.4830 2.5686 8.7049
-1.4536 2.5693 8.7049
-1.4268 2.5740 8.7049
-1.3971 2.5732 8.7049
-1.3671 2.5711 8.7049
-1.3386 2.5714 8.7049
-1.3134 2.5777 8.7049
-1.2882 2.5837 8.7049
-1.2551 2.5732 8.7049
-1.2295 2.5778 8.7049
-1.2074 2.5893 8.7049
-1.1815 2.5925 8.7049
-1.1543 2.5926 8.7049
-1.1261 2.5898 8.7049
-1.0983 2.5875 8.7049
-1.0723 2.5887 8.7049
-1.0489 2.5961 8.7049
-1.0207 2.5912 8.7049
-0.9955 2.5935 8.7049
-0.9718 2.5993 8.7049
-0.9467 2.6011 8.7049
-0.9203 2.5989 8.7049
-0.8934 2.5945 8.7049
-0.8697 2.5994 8.7049
-0.8455 2.6021 8.7049
-0.8221 2.6075 8.7049
-0.7967 2.6059 8.7049
-0.7756 2.6185 8.7049
-0.7503 2.6166 8.7049
-0.7237 2.6095 8.7049
-0.6986 2.6070 8.7049
-0.6753 2.6111 8.7049
-0.6513 2.6120 8.7049
-0.6259 2.6069 8.7049
-0.6008 2.6025 8.7049
-0.5807 2.6194 8.7049
-0.5566 2.6185 8.7049
-0.5331 2.6203 8.7049
-0.5081 2.6141 8.7049
-0.4875 2.6302 8.7049
-0.4614 2.6166 8.7049
-0.4384 2.6196 8.7049
-0.4153 2.6223 8.7049
-0.3914 2.6189 8.7049
-0.3696 2.6302 8.7049
-0.3467 2.6333 8.7049
-0.3333 2.7146 8.7049
-0.3236 2.8406 8.7049
-0.3633 3.4570 8.7049
-0.3560 3.6969 8.7049
-0.4531 5.1792 8.7049
-0.4073 5.1750 8.7049
-0.3645 5.2123 8.7049
-0.3153 5.1544 8.7049
-0.2874 5.4835 8.7049
-2.7501 2.5959 8.7049
-2.4871 2.5563 8.7049
-2.2613 2.5272 8.7049
-2.1037 2.5230 8.7049
-1.9687 2.5257 8.7049
-1.7737 2.4994 8.7049
-1.6598 2.5064 8.7049
-1.5389 2.5082 8.7049
-1.4130 2.5056 8.7049
-1.3173 2.5154 8.7049
-1.2200 2.5228 8.7049
-1.1247 2.5296 8.7049
-1.0253 2.5327 8.7049
-0.9615 2.5530 8.7049
-0.8520 2.5476 8.7049
-0.7500 2.5443 8.7049
-0.6832 2.5591 8.7049
-0.6122 2.5705 8.7049
-0.5483 2.5849 8.7049
-0.4313 2.5664 8.7049
-2.8123 5.1045 8.7049
-2.8392 5.2183 8.7049
-2.6619 5.1719 8.7049
-2.5551 5.1787 8.7049
-2.4225 5.1624 8.7049
-2.3527 5.1963 8.7049
-2.2805 5.2274 8.7049
-2.8236 2.9755 9.1885
-2.7348 2.9327 9.1885
-2.5240 2.8031 9.1885
-2.4404 2.7584 9.1885
-2.3933 2.7532 9.1885
-2.3601 2.7633 9.1885
-2.3307 2.7777 9.1885
-2.2842 2.7709 9.1885
-2.2467 2.7744 9.1885
-2.2124 2.7814 9.1885
-2.1653 2.7714 9.1885
-2.1282 2.7736 9.1885
-2.0979 2.7840 9.1885
-2.0783 2.8087 9.1885
-2.0543 2.8275 9.1885
-2.0539 2.8795 9.1885
-2.0517 2.9301 9.1885
-1.8037 2.7251 9.1885
-1.7755 2.7341 9.1885
-1.7516 2.7495 9.1885
-1.7259 2.7621 9.1885
-1.6924 2.7617 9.1885
-1.6548 2.7541 9.1885
-1.6160 2.7434 9.1885
-1.5985 2.7687 9.1885
-1.5762 2.7860 9.1885
-1.5553 2.8058 9.1885
-1.5365 2.8298 9.1885
-1.5230 2.8643 9.1885
-1.6018 3.0770 9.1885
-2.1982 4.3143 9.1885
-2.3171 4.6474 9.1885
-1.7101 3.5062 9.1885
-1.5993 3.3531 9.1885
-1.5616 3.3488 9.1885
-1.5360 3.3705 9.1885
-1.5082 3.3874 9.1885
-1.4861 3.4179 9.1885
-1.4762 3.4777 9.1885
-1.4641 3.5348 9.1885
-1.4542 3.5993 9.1885
-1.6460 4.1785 9.1885
-2.0603 5.3672 9.1885
-1.9510 5.2182 9.1885
-1.8897 5.1918 9.1885
-1.9301 5.4504 9.1885
-1.7206 4.9971 9.1885
-1.7702 5.2907 9.1885
-1.6381 5.0416 9.1885
-1.6728 5.3055 9.1885
-1.6434 5.3754 9.1885
-1.4559 4.9149 9.1885
-1.4402 5.0226 9.1885
-1.3846 4.9926 9.1885
-1.4214 5.3049 9.1885
-1.4777 5.7140 9.1885
-1.3966 5.6015 9.1885
-1.2471 5.1944 9.1885
-1.1979 5.1885 9.1885
-1.0084 4.5486 9.1885
-0.8901 4.1874 9.1885
-0.8744 4.2979 9.1885
-0.9210 4.7383 9.1885
-0.4020 5.7490 9.1885
-0.3161 5.1683 9.1885
-0.2895 5.5234 9.1885
-2.6344 2.9505 9.1885
-2.5352 3.7553 9.1885
-2.5650 3.9250 9.1885
-1.6070 3.4037 9.1885
-2.2940 3.9078 9.1885
-0.6293 2.9024 9.1885
-2.0547 3.9016 9.1885
-1.9608 3.9127 9.1885
-1.8086 3.8821 9.1885
-1.7147 3.8894 9.1885
-1.6211 3.8954 9.1885
-1.5278 3.9000 9.1885
-1.3979 3.8759 9.1885
-2.8162 5.1075 9.1885
-1.1749 3.9181 9.1885
-1.0466 3.8870 9.1885
-0.9806 3.9037 9.1885
-0.8823 3.8928 9.1885
-0.7838 3.8799 9.1885
-0.6510 3.8356 9.1885
-0.6513 3.9042 9.1885
-2.5043 2.9845 9.6721
-2.4578 2.9816 9.6721
-2.5167 3.1078 9.6721
-2.4738 3.4681 9.6721
-2.3225 3.9428 9.6721
-2.2835 3.9551 9.6721
-2.2415 3.9619 9.6721
-2.1976 3.9647 9.6721
-2.1544 3.9679 9.6721
-2.1140 3.9759 9.6721
-2.0608 3.9587 9.6721
-2.0203 3.9650 9.6721
-1.9700 3.9511 9.6721
-1.9266 3.9502 9.6721
-1.8831 3.9479 9.6721
-1.8464 3.9597 9.6721
-1.8159 3.9847 9.6721
-1.7652 3.9648 9.6721
-1.7637 4.0562 9.6721
-1.7403 4.0999 9.6721
-1.6429 3.9662 9.6721
-1.6116 3.9887 9.6721
-1.5672 3.9785 9.6721
-1.5137 3.9434 9.6721
-1.4768 3.9499 9.6721
-1.4399 3.9561 9.6721
-1.3966 3.9440 9.6721
-1.3599 3.9494 9.6721
-1.3213 3.9488 9.6721
-1.2812 3.9431 9.6721
-1.2440 3.9455 9.6721
-1.2043 3.9390 9.6721
-1.1789 3.9801 9.6721
-1.0510 3.6653 9.6721
-0.8156 2.9410 9.6721
-0.7891 2.9451 9.6721
-0.7839 3.0313 9.6721
-0.9766 3.9171 9.6721
-0.9394 3.9128 9.6721
-0.8060 3.4912 9.6721
-0.8136 3.6699 9.6721
-1.1130 5.2360 9.6721
-1.0535 5.1779 9.6721
-1.0082 5.1869 9.6721
-0.9607 5.1837 9.6721
-0.9125 5.1752 9.6721
-0.8658 5.1741 9.6721
-0.8180 5.1646 9.6721
-0.7732 5.1735 9.6721
-0.7266 5.1702 9.6721
-0.6794 5.1605 9.6721
-0.6359 5.1791 9.6721
-0.5910 5.1874 9.6721
-0.5446 5.1815 9.6721
-0.4993 5.1850 9.6721
-0.4547 5.1971 9.6721
-0.4103 5.2139 9.6721
-0.3643 5.2093 9.6721
-0.3160 5.1663 9.6721
-0.2889 5.5134 9.6721
-1.9646 3.0217 9.6721
-1.9080 3.0563 9.6721
-1.9628 3.1507 9.6721
-1.9622 3.2162 9.6721
-1.3094 2.9730 9.6721
-1.3358 3.0488 9.6721
-1.3330 3.1083 9.6721
-1.3330 3.1700 9.6721
-1.9145 3.6660 9.6721
-1.8946 3.7957 9.6721
-1.8992 3.9445 9.6721
-1.8563 4.1386 9.6721
-1.8103 4.3356 9.6721
-1.2088 3.9445 9.6721
-2.7050 5.2061 9.6721
-1.7951 4.5632 9.6721
-2.4541 5.1885 9.6721
-2.2370 5.0992 9.6721
-1.7505 4.7747 9.6721
-2.1116 5.1737 9.6721
-1.0237 4.3031 9.6721
-1.7150 5.0018 9.6721
-1.7670 5.1379 9.6721
-1.6949 5.1614 9.6721
-0.2782 5.2710 9.6721
-2.8016 3.1666 10.1557
-2.8224 3.2468 10.1557
-2.8290 3.3123 10.1557
-2.8231 3.3645 10.1557
-2.8248 3.4268 10.1557
-2.8244 3.4878 10.1557
-2.8131 3.5366 10.1557
-2.7988 3.5823 10.1557
-2.7887 3.6344 10.1557
-2.7828 3.6929 10.1557
-2.7683 3.7411 10.1557
-2.7920 3.8428 10.1557
-2.7984 3.9232 10.1557
-2.7979 3.9958 10.1557
-2.7963 4.0687 10.1557
-2.7960 4.1452 10.1557
-2.7873 4.2111 10.1557
-2.7913 4.2982 10.1557
-2.7488 4.3148 10.1557
-2.7423 4.3886 10.1557
-2.7739 4.5267 10.1557
-2.7797 4.6261 10.1557
-2.7757 4.7122 10.1557
-2.7705 4.7986 10.1557
-2.7664 4.8897 10.1557
-2.7658 4.9897 10.1557
-2.7284 5.0251 10.1557
-2.7445 5.1617 10.1557
-2.7539 5.2901 10.1557
-2.7258 5.3496 10.1557
-2.7303 5.4761 10.1557
-2.5794 5.2885 10.1557
-2.5155 5.2738 10.1557
-2.4613 5.2783 10.1557
-2.4031 5.2732 10.1557
-2.3343 5.2428 10.1557
-2.2777 5.2382 10.1557
-2.2205 5.2312 10.1557
-2.1633 5.2227 10.1557
-2.1094 5.2210 10.1557
-2.0524 5.2103 10.1557
-2.0190 5.2598 10.1557
-1.9405 5.1901 10.1557
-1.8876 5.1862 10.1557
-1.7735 5.0083 10.1557
-1.6952 4.9233 10.1557
-1.7233 5.1503 10.1557
-1.6350 5.0320 10.1557
-1.6004 5.0757 10.1557
-1.5823 5.1755 10.1557
-1.5289 5.1613 10.1557
-1.0766 3.7547 10.1557
-1.0166 3.6657 10.1557
-0.9827 3.6676 10.1557
-0.9464 3.6596 10.1557
-0.9128 3.6609 10.1557
-0.8773 3.6542 10.1557
-0.8447 3.6588 10.1557
-0.8171 3.6855 10.1557
-0.8077 3.8001 10.1557
-0.7594 3.7325 10.1557
-0.7104 3.6546 10.1557
-0.6748 3.6410 10.1557
-0.6423 3.6428 10.1557
-0.6072 3.6285 10.1557
-0.4645 2.9324 10.1557
-0.4242 2.8385 10.1557
-0.4039 2.8738 10.1557
-0.3913 2.9724 10.1557
-0.3896 3.1732 10.1557
-0.3881 3.4060 10.1557
-0.3846 3.6588 10.1557
-0.3736 3.8801 10.1557
-0.3636 4.1561 10.1557
-0.3533 4.4891 10.1557
-0.3409 4.8751 10.1557
-0.3163 5.1713 10.1557
-0.2837 5.4126 10.1557
-2.6084 2.2204 10.1557
-2.7566 2.3360 10.1557
-2.7754 2.4078 10.1557
-2.7748 2.4732 10.1557
-2.7744 2.5390 10.1557
-2.7967 2.6143 10.1557
-2.7977 2.6818 10.1557
-2.7999 2.7503 10.1557
-2.8024 2.8195 10.1557
-2.8059 2.8897 10.1557
-2.8106 2.9610 10.1557
-2.8182 3.0343 10.1557
-0.8347 2.1799 10.1557
-0.7172 2.1737 10.1557
-0.6081 2.1695 10.1557
-1.1645 2.4951 10.1557
-0.7496 2.3385 10.1557
-1.0545 2.5479 10.1557
-2.7986 3.6045 10.1557
-2.8176 3.6904 10.1557
-0.5533 2.5365 10.1557
-0.5354 2.5773 10.1557
-2.8022 3.9910 10.1557
-0.5059 2.6632 10.1557
-0.5020 2.7132 10.1557
-0.4967 2.7628 10.1557
-0.4951 2.8152 10.1557
-0.4920 2.8673 10.1557
-0.4926 2.9223 10.1557
-0.4585 3.0661 10.1557
-2.8119 4.9222 10.1557
-0.9119 3.5808 10.1557
-0.9447 3.6714 10.1557
-0.4531 3.3541 10.1557
-0.4510 3.4132 10.1557
-0.4506 3.4745 10.1557
-0.4502 3.5366 10.1557
-0.4498 3.5996 10.1557
-0.4837 3.6928 10.1557
-0.9280 4.2931 10.1557
-0.8675 5.1373 10.1557
-0.7964 5.1493 10.1557
-0.6956 5.1266 10.1557
-0.6232 5.1343 10.1557
-0.5529 5.1434 10.1557
-0.4821 5.1509 10.1557
-0.4071 5.1521 10.1557
-2.6124 2.3112 10.6393
-2.5631 2.3078 10.6393
-2.5208 2.3098 10.6393
-2.4756 2.3086 10.6393
-2.4206 2.2970 10.6393
-2.3774 2.2958 10.6393
-2.3502 2.3095 10.6393
-2.3193 2.3193 10.6393
-2.2737 2.3138 10.6393
-2.2271 2.3062 10.6393
-2.1897 2.3074 10.6393
-2.1462 2.3016 10.6393
-2.1099 2.3025 10.6393
-2.0730 2.3023 10.6393
-2.0362 2.3015 10.6393
-2.0010 2.3019 10.6393
-1.9639 2.2995 10.6393
-1.9194 2.2874 10.6393
-1.8911 2.2940 10.6393
-1.8559 2.2918 10.6393
-1.8202 2.2883 10.6393
-1.7928 2.2947 10.6393
-1.7636 2.2983 10.6393
-1.7230 2.2865 10.6393
-1.6887 2.2821 10.6393
-1.6605 2.2855 10.6393
-1.6260 2.2795 10.6393
-1.5986 2.2830 10.6393
-1.5661 2.2787 10.6393
-1.5378 2.2799 10.6393
-1.5112 2.2832 10.6393
-1.4782 2.2762 10.6393
-1.4518 2.2788 10.6393
-1.4244 2.2796 10.6393
-1.3977 2.2808 10.6393
-1.3710 2.2818 10.6393
-1.3384 2.2721 10.6393
-1.3115 2.2716 10.6393
-1.2852 2.2716 10.6393
-1.2658 2.2836 10.6393
-1.2397 2.2832 10.6393
-1.2084 2.2727 10.6393
-1.1853 2.2770 10.6393
-1.1613 2.2792 10.6393
-1.1383 2.2830 10.6393
-1.1078 2.2713 10.6393
-1.0870 2.2790 10.6393
-1.0625 2.2785 10.6393
-1.0380 2.2776 10.6393
-1.0132 2.2756 10.6393
-0.9885 2.2734 10.6393
-0.9643 2.2718 10.6393
-0.9349 2.2570 10.6393
-0.9099 2.2521 10.6393
-0.8913 2.2628 10.6393
-0.8662 2.2565 10.6393
-0.8429 2.2546 10.6393
-0.8198 2.2524 10.6393
-0.7961 2.2482 10.6393
-0.7768 2.2560 10.6393
-0.7546 2.2551 10.6393
-0.7333 2.2569 10.6393
-0.7118 2.2574 10.6393
-0.6906 2.2588 10.6393
-0.6711 2.2657 10.6393
-0.6480 2.2599 10.6393
-0.6307 2.2742 10.6393
-0.6225 2.3231 10.6393
-0.6117 2.3652 10.6393
-0.5990 2.4025 10.6393
-0.5899 2.4572 10.6393
-0.5817 2.5197 10.6393
-0.5625 2.5374 10.6393
-0.5439 2.5588 10.6393
-0.5261 2.5860 10.6393
-0.5108 2.6278 10.6393
-0.4977 2.6853 10.6393
-0.4855 2.7535 10.6393
-0.4740 2.8326 10.6393
-0.4640 2.9295 10.6393
-0.4502 3.0125 10.6393
-0.4449 3.1659 10.6393
-0.4320 3.2817 10.6393
-0.4187 3.4104 10.6393
-0.4155 3.6464 10.6393
-0.3892 3.7026 10.6393
-0.3779 3.9248 10.6393
-0.3614 4.1312 10.6393
-0.3527 4.4811 10.6393
-0.3322 4.7504 10.6393
-0.3131 5.1194 10.6393
-0.2835 5.4096 10.6393
-2.5784 2.2729 10.6393
-2.3920 2.2683 10.6393
-2.2437 2.2746 10.6393
-2.0341 2.2549 10.6393
-1.9007 2.2613 10.6393
-1.7296 2.2503 10.6393
-1.5786 2.2444 10.6393
-1.4593 2.2494 10.6393
-1.3276 2.2470 10.6393
-1.1955 2.2419 10.6393
-1.0993 2.2510 10.6393
-0.9254 2.2221 10.6393
-0.8634 2.2434 10.6393
-0.7456 2.2366 10.6393
-2.7870 3.3041 10.6393
-2.8016 3.3840 10.6393
-2.8152 3.4645 10.6393
-2.8012 3.6059 10.6393
-2.7921 3.7523 10.6393
-2.8195 3.9228 10.6393
-2.8157 4.0786 10.6393
-2.8177 4.2414 10.6393
-2.8114 4.4864 10.6393
-2.8264 4.5817 10.6393
-2.8109 4.8322 10.6393
-2.8342 5.0294 10.6393
-2.8313 5.2122 10.6393
-2.5424 2.4127 11.1229
-2.4889 2.4035 11.1229
-2.4443 2.4020 11.1229
-2.3907 2.3907 11.1229
-2.3572 2.3987 11.1229
-2.3243 2.4069 11.1229
-2.2833 2.4061 11.1229
-2.2424 2.4047 11.1229
-2.1930 2.3932 11.1229
-2.1593 2.3981 11.1229
-2.1230 2.3997 11.1229
-2.0784 2.3909 11.1229
-2.0425 2.3915 11.1229
-1.9965 2.3793 11.1229
-1.9725 2.3928 11.1229
-1.9320 2.3858 11.1229
-1.8943 2.3815 11.1229
-1.8599 2.3806 11.1229
-1.8275 2.3816 11.1229
-1.7946 2.3815 11.1229
-1.7583 2.3762 11.1229
-1.7304 2.3817 11.1229
-1.6957 2.3772 11.1229
-1.6611 2.3723 11.1229
-1.6279 2.3685 11.1229
-1.5993 2.3710 11.1229
-1.5725 2.3757 11.1229
-1.5381 2.3684 11.1229
-1.5103 2.3708 11.1229
-1.4832 2.3737 11.1229
-1.4552 2.3746 11.1229
-1.4241 2.3701 11.1229
-1.3962 2.3703 11.1229
-1.3655 2.3651 11.1229
-1.3463 2.3796 11.1229
-1.3133 2.3693 11.1229
-1.2859 2.3684 11.1229
-1.2596 2.3689 11.1229
-1.2338 2.3701 11.1229
-1.2076 2.3701 11.1229
-1.1820 2.3707 11.1229
-1.1555 2.3692 11.1229
-1.1348 2.3792 11.1229
-1.1090 2.3782 11.1229
-1.0840 2.3786 11.1229
-1.0579 2.3761 11.1229
-1.0375 2.3862 11.1229
-1.0120 2.3841 11.1229
-0.9862 2.3808 11.1229
-0.9657 2.3903 11.1229
-0.9320 2.3661 11.1229
-0.9074 2.3638 11.1229
-0.8818 2.3585 11.1229
-0.8568 2.3539 11.1229
-0.8365 2.3623 11.1229
-0.8155 2.3685 11.1229
-0.7907 2.3632 11.1229
-0.7688 2.3662 11.1229
-0.7500 2.3786 11.1229
-0.7260 2.3745 11.1229
-0.7063 2.3846 11.1229
-0.6930 2.4166 11.1229
-0.6809 2.4553 11.1229
-0.6722 2.5085 11.1229
-0.6532 2.5259 11.1229
-0.6283 2.5199 11.1229
-0.6067 2.5272 11.1229
-0.5849 2.5334 11.1229
-0.5630 2.5393 11.1229
-0.5481 2.5784 11.1229
-0.5331 2.6203 11.1229
-0.5167 2.6582 11.1229
-0.5026 2.7118 11.1229
-0.4890 2.7732 11.1229
-0.4747 2.8366 11.1229
-0.4632 2.9245 11.1229
-0.4505 3.0145 11.1229
-0.4483 3.1897 11.1229
-0.4383 3.3293 11.1229
-0.4282 3.4878 11.1229
-0.4152 3.6444 11.1229
-0.4026 3.8309 11.1229
-0.3752 3.8970 11.1229
-0.3580 4.0924 11.1229
-0.3527 4.4811 11.1229
-0.3290 4.7045 11.1229
-0.2990 4.8889 11.1229
-0.2932 5.5943 11.1229
-2.4654 2.4838 11.1229
-2.2423 2.4574 11.1229
-2.0858 2.4545 11.1229
-1.9242 2.4468 11.1229
-1.7541 2.4324 11.1229
-1.6075 2.4254 11.1229
-1.5151 2.4405 11.1229
-1.4302 2.4575 11.1229
-1.3002 2.4518 11.1229
-1.1690 2.4430 11.1229
-1.0329 2.4295 11.1229
-0.9670 2.4493 11.1229
-0.8603 2.4468 11.1229
-0.7972 2.4657 11.1229
-0.7298 2.4812 11.1229
-0.6617 2.4953 11.1229
-2.8050 3.8365 11.1229
-2.8221 3.9243 11.1229
-2.8468 4.0178 11.1229
-2.8443 4.1768 11.1229
-2.8169 4.4061 11.1229
-2.8115 4.6574 11.1229
-2.8158 4.8357 11.1229
-2.8425 4.9448 11.1229
-2.8131 5.3876 11.1229
-2.7803 5.7549 11.1229
-2.7874 5.9673 11.1229
-2.6326 2.6326 11.6065
-2.5639 2.6091 11.6065
-2.5140 2.6033 11.6065
-2.4684 2.6012 11.6065
-2.4266 2.6022 11.6065
-2.3855 2.6033 11.6065
-2.3279 2.5854 11.6065
-2.2827 2.5802 11.6065
-2.2372 2.5736 11.6065
-2.1990 2.5747 11.6065
-2.1521 2.5647 11.6065
-2.1118 2.5618 11.6065
-2.0717 2.5584 11.6065
-2.0362 2.5599 11.6065
-1.9947 2.5532 11.6065
-1.9633 2.5586 11.6065
-1.9156 2.5421 11.6065
-1.8785 2.5386 11.6065
-1.8415 2.5347 11.6065
-1.8112 2.5392 11.6065
-1.7781 2.5394 11.6065
-1.7383 2.5292 11.6065
-1.7095 2.5344 11.6065
-1.6812 2.5400 11.6065
-1.6394 2.5244 11.6065
-1.6108 2.5285 11.6065
-1.5818 2.5314 11.6065
-1.5555 2.5383 11.6065
-1.5158 2.5226 11.6065
-1.4932 2.5349 11.6065
-1.4575 2.5245 11.6065
-1.4339 2.5345 11.6065
-1.4064 2.5373 11.6065
-1.3737 2.5301 11.6065
-1.3455 2.5305 11.6065
-1.3206 2.5369 11.6065
-1.2907 2.5331 11.6065
-1.2596 2.5264 11.6065
-1.2327 2.5274 11.6065
-1.2072 2.5308 11.6065
-1.1795 2.5295 11.6065
-1.1558 2.5361 11.6065
-1.1283 2.5342 11.6065
-1.1041 2.5393 11.6065
-1.0796 2.5434 11.6065
-1.0528 2.5416 11.6065
-1.0260 2.5396 11.6065
-1.0035 2.5475 11.6065
-0.9773 2.5459 11.6065
-0.9550 2.5543 11.6065
-0.9313 2.5588 11.6065
-0.9050 2.5555 11.6065
-0.8803 2.5567 11.6065
-0.8545 2.5538 11.6065
-0.8282 2.5488 11.6065
-0.8053 2.5541 11.6065
-0.7833 2.5619 11.6065
-0.7575 2.5572 11.6065
-0.7351 2.5637 11.6065
-0.7127 2.5700 11.6065
-0.6905 2.5771 11.6065
-0.6648 2.5704 11.6065
-0.6445 2.5849 11.6065
-0.6196 2.5807 11.6065
-0.5979 2.5899 11.6065
-0.5764 2.5999 11.6065
-0.5599 2.6342 11.6065
-0.5437 2.6723 11.6065
-0.5289 2.7211 11.6065
-0.5137 2.7718 11.6065
-0.4984 2.8264 11.6065
-0.4849 2.8977 11.6065
-0.4716 2.9779 11.6065
-0.4601 3.0788 11.6065
-0.4440 3.1590 11.6065
-0.4162 3.1617 11.6065
-0.3916 3.1891 11.6065
-0.3660 3.2122 11.6065
-0.3370 3.2063 11.6065
-0.3098 3.2171 11.6065
-0.2835 3.2406 11.6065
-0.2565 3.2589 11.6065
-0.2294 3.2800 11.6065
-0.3060 5.0036 11.6065
-0.2959 5.6453 11.6065
-2.6790 2.6339 11.6065
-2.4110 2.5892 11.6065
-2.2059 2.5663 11.6065
-2.0484 2.5604 11.6065
-1.9117 2.5608 11.6065
-1.7399 2.5429 11.6065
-1.6223 2.5471 11.6065
-1.4708 2.5331 11.6065
-1.3766 2.5443 11.6065
-1.2817 2.5536 11.6065
-1.1879 2.5619 11.6065
-1.0536 2.5475 11.6065
-0.9862 2.5661 11.6065
-0.9197 2.5843 11.6065
-0.8191 2.5826 11.6065
-0.7537 2.5990 11.6065
-0.6815 2.6105 11.6065
-2.7799 4.0567 11.6065
-2.8236 4.2452 11.6065
-2.5926 4.1774 11.6065
-2.8294 4.4144 11.6065
-2.8007 4.7368 11.6065
-2.8206 4.8392 11.6065
-2.7948 5.0911 11.6065
-2.8294 5.3051 11.6065
-2.6032 2.7916 12.0901
-2.5382 2.7700 12.0901
-2.4892 2.7645 12.0901
-2.4371 2.7547 12.0901
-2.3959 2.7562 12.0901
-2.3497 2.7511 12.0901
-2.3012 2.7424 12.0901
-2.2581 2.7393 12.0901
-2.2190 2.7402 12.0901
-2.1720 2.7305 12.0901
-2.1333 2.7305 12.0901
-2.0941 2.7291 12.0901
-2.0444 2.7130 12.0901
-2.0063 2.7114 12.0901
-1.9673 2.7078 12.0901
-1.9326 2.7094 12.0901
-1.8957 2.7073 12.0901
-1.8572 2.7023 12.0901
-1.8246 2.7051 12.0901
-1.7822 2.6926 12.0901
-1.7505 2.6955 12.0901
-1.7172 2.6955 12.0901
-1.6830 2.6934 12.0901
-1.6516 2.6952 12.0901
-1.6152 2.6881 12.0901
-1.5840 2.6891 12.0901
-1.5530 2.6899 12.0901
-1.5162 2.6798 12.0901
-1.4864 2.6816 12.0901
-1.4568 2.6830 12.0901
-1.4253 2.6806 12.0901
-1.4019 2.6930 12.0901
-1.3670 2.6828 12.0901
-1.3386 2.6848 12.0901
-1.3112 2.6883 12.0901
-1.2834 2.6906 12.0901
-1.2488 2.6781 12.0901
-1.2225 2.6826 12.0901
-1.1966 2.6877 12.0901
-1.1783 2.7099 12.0901
-1.1507 2.7109 12.0901
-1.1224 2.7097 12.0901
-1.0942 2.7083 12.0901
-1.0706 2.7177 12.0901
-1.0378 2.7036 12.0901
-1.0146 2.7135 12.0901
-0.9864 2.7101 12.0901
-0.9590 2.7082 12.0901
-0.9328 2.7089 12.0901
-0.9075 2.7122 12.0901
-0.8838 2.7200 12.0901
-0.8594 2.7257 12.0901
-0.8318 2.7207 12.0901
-0.8052 2.7183 12.0901
-0.7820 2.7271 12.0901
-0.7571 2.7300 12.0901
-0.7325 2.7336 12.0901
-0.7071 2.7340 12.0901
-0.6842 2.7440 12.0901
-0.6590 2.7450 12.0901
-0.6335 2.7438 12.0901
-0.6108 2.7551 12.0901
-0.5903 2.7770 12.0901
-0.5724 2.8134 12.0901
-0.5539 2.8497 12.0901
-0.5374 2.8996 12.0901
-0.5199 2.9485 12.0901
-0.5059 3.0230 12.0901
-0.4901 3.0944 12.0901
-0.4780 3.1985 12.0901
-0.4569 3.2511 12.0901
-0.4387 3.3322 12.0901
-0.4460 3.6327 12.0901
-0.4550 3.9932 12.0901
-0.4260 4.0527 12.0901
-0.3957 4.1090 12.0901
-0.3733 4.2667 12.0901
-0.3756 4.7722 12.0901
-0.3335 4.7694 12.0901
-0.2375 3.8827 12.0901
-0.1968 3.7558 12.0901
-0.1682 3.8533 12.0901
-2.3501 2.8865 12.0901
-2.1640 2.8638 12.0901
-1.9725 2.8349 12.0901
-1.8008 2.8124 12.0901
-1.6842 2.8147 12.0901
-1.5947 2.8291 12.0901
-1.5345 2.8577 12.0901
-1.4443 2.8692 12.0901
-1.3482 2.8759 12.0901
-1.2864 2.9004 12.0901
-1.2245 2.9240 12.0901
-1.1592 2.9447 12.0901
-1.0913 2.9630 12.0901
-1.0235 2.9803 12.0901
-0.9566 2.9972 12.0901
-0.8940 3.0159 12.0901
-0.7945 3.0097 12.0901
-0.6963 3.0025 12.0901
-2.7640 4.6242 12.0901
-2.7693 4.8906 12.0901
-2.7927 4.9981 12.0901
-2.6980 5.5840 12.0901
-2.7426 5.7221 12.0901
-2.0665 4.2369 12.5737
-1.9808 4.1528 12.5737
-2.1418 4.5932 12.5737
-1.9420 4.2613 12.5737
-2.0890 4.6920 12.5737
-2.0468 4.7073 12.5737
-1.9912 4.6909 12.5737
-1.9306 4.6610 12.5737
-1.8723 4.6341 12.5737
-1.8255 4.6344 12.5737
-1.7761 4.6268 12.5737
-1.7276 4.6206 12.5737
-1.6882 4.6383 12.5737
-1.4407 4.0684 12.5737
-1.6067 4.6661 12.5737
-1.5637 4.6733 12.5737
-1.5160 4.6659 12.5737
-1.4798 4.6932 12.5737
-1.4472 4.7337 12.5737
-1.4084 4.7548 12.5737
-0.9474 3.3039 12.5737
-0.9196 3.3159 12.5737
-0.8906 3.3238 12.5737
-0.8623 3.3343 12.5737
-0.8339 3.3446 12.5737
-0.8080 3.3654 12.5737
-0.8046 3.4853 12.5737
-1.0995 4.9596 12.5737
-1.0606 4.9895 12.5737
-1.0248 5.0368 12.5737
-0.9840 5.0623 12.5737
-0.9544 5.1493 12.5737
-0.9228 5.2333 12.5737
-0.9008 5.3831 12.5737
-0.9078 5.7316 12.5737
-0.8413 5.6295 12.5737
-0.7595 5.4039 12.5737
-0.7453 5.6612 12.5737
-0.7365 5.9980 12.5737
