-2.8640 4.0152 0.0000
-2.8122 4.0163 0.0000
-2.7646 4.0226 0.0000
-2.7445 4.0689 0.0000
-2.7420 4.1427 0.0000
-2.7352 4.2118 0.0000
-2.7289 4.2836 0.0000
-2.6708 4.2742 0.0000
-2.6078 4.2555 0.0000
-2.5561 4.2541 0.0000
-2.4951 4.2358 0.0000
-2.4400 4.2262 0.0000
-2.3902 4.2247 0.0000
-2.3402 4.2218 0.0000
-2.2913 4.2201 0.0000
-2.2408 4.2143 0.0000
-2.1988 4.2239 0.0000
-2.1637 4.2465 0.0000
-2.0967 4.2053 0.0000
-1.9911 4.0823 0.0000
-1.9459 4.0797 0.0000
-1.8743 4.0195 0.0000
-1.8292 4.0138 0.0000
-1.7888 4.0178 0.0000
-1.7481 4.0204 0.0000
-1.7036 4.0134 0.0000
-1.6628 4.0143 0.0000
-1.6176 4.0036 0.0000
-1.5811 4.0138 0.0000
-1.5360 4.0013 0.0000
-1.4943 3.9968 0.0000
-1.4505 3.9852 0.0000
-1.4183 4.0053 0.0000
-1.3964 4.0553 0.0000
-1.3587 4.0607 0.0000
-1.3155 4.0486 0.0000
-1.2807 4.0619 0.0000
-1.2742 4.1676 0.0000
-1.2534 4.2313 0.0000
-1.2089 4.2161 0.0000
-1.1662 4.2053 0.0000
-1.1241 4.1950 0.0000
-1.0799 4.1756 0.0000
-1.0378 4.1626 0.0000
-0.9984 4.1588 0.0000
-0.9594 4.1557 0.0000
-0.9231 4.1639 0.0000
-0.8820 4.1493 0.0000
-0.8433 4.1451 0.0000
-0.8067 4.1503 0.0000
-0.7699 4.1543 0.0000
-0.7314 4.1480 0.0000
-0.6952 4.1542 0.0000
-0.6612 4.1750 0.0000
-0.6264 4.1914 0.0000
-0.5493 3.9086 0.0000
-0.5141 3.9053 0.0000
-0.4798 3.9077 0.0000
-0.4012 3.5212 0.0000
-0.3083 2.9328 0.0000
-0.2807 2.9155 0.0000
-0.3785 4.3265 0.0000
-0.3690 4.6885 0.0000
-2.8089 4.4847 0.0000
-2.8956 4.6292 0.0000
-2.6264 4.5278 0.0000
-2.5378 4.5492 0.0000
-2.4153 4.5448 0.0000
-1.9647 4.2952 0.0000
-2.1897 4.5437 0.0000
-2.0919 4.5517 0.0000
-1.9243 4.5036 0.0000
-1.9263 4.5867 0.0000
-1.6987 4.5658 0.0000
-1.4649 4.4513 0.0000
-1.3946 4.4708 0.0000
-1.3343 4.4979 0.0000
-1.2671 4.5184 0.0000
-1.2030 4.5407 0.0000
-1.1034 4.5298 0.0000
-1.0059 4.5189 0.0000
-0.9344 4.5307 0.0000
-0.8379 4.5174 0.0000
-0.5615 4.3253 0.0000
-0.4924 4.3324 0.0000
-0.4264 4.3416 0.0000
-2.8780 3.0328 0.4569
-2.8276 3.0322 0.4569
-2.7598 3.0118 0.4569
-2.7086 3.0083 0.4569
-2.6704 3.0183 0.4569
-2.7509 3.1645 0.4569
-2.8342 3.3184 0.4569
-2.8353 3.3790 0.4569
-2.8350 3.4391 0.4569
-2.8250 3.4886 0.4569
-2.8293 3.5570 0.4569
-2.8210 3.6107 0.4569
-2.8411 3.7026 0.4569
-2.8574 3.7919 0.4569
-2.8730 3.8826 0.4569
-2.8754 3.9577 0.4569
-2.8820 4.0405 0.4569
-2.8765 4.1080 0.4569
-2.8751 4.1833 0.4569
-2.8793 4.2687 0.4569
-2.8828 4.3554 0.4569
-2.8708 4.4206 0.4569
-2.8122 4.4143 0.4569
-2.7566 4.4115 0.4569
-2.6945 4.3971 0.4569
-2.6401 4.3938 0.4569
-2.5818 4.3831 0.4569
-2.5325 4.3864 0.4569
-2.4789 4.3814 0.4569
-2.4308 4.3853 0.4569
-2.3705 4.3660 0.4569
-2.3244 4.3715 0.4569
-2.2737 4.3676 0.4569
-2.2227 4.3624 0.4569
-2.1757 4.3637 0.4569
-2.1226 4.3520 0.4569
-2.0824 4.3658 0.4569
-2.0286 4.3503 0.4569
-1.9851 4.3560 0.4569
-1.9397 4.3567 0.4569
-1.9048 4.3808 0.4569
-1.8540 4.3678 0.4569
-1.8116 4.3736 0.4569
-1.7685 4.3772 0.4569
-1.7244 4.3776 0.4569
-1.6800 4.3766 0.4569
-1.6369 4.3780 0.4569
-1.5962 4.3855 0.4569
-1.5512 4.3805 0.4569
-1.5103 4.3863 0.4569
-1.4675 4.3860 0.4569
-1.4240 4.3825 0.4569
-1.3811 4.3804 0.4569
-1.3402 4.3837 0.4569
-1.3011 4.3924 0.4569
-1.2588 4.3901 0.4569
-1.2240 4.4134 0.4569
-1.1774 4.3940 0.4569
-1.1382 4.4012 0.4569
-1.0995 4.4100 0.4569
-0.8203 3.4169 0.4569
-0.6866 2.9738 0.4569
-0.6588 2.9718 0.4569
-0.6321 2.9736 0.4569
-0.6065 2.9809 0.4569
-0.5774 2.9704 0.4569
-0.5606 3.0245 0.4569
-0.5906 3.3493 0.4569
-0.4975 2.9727 0.4569
-0.4726 2.9838 0.4569
-0.4431 2.9651 0.4569
-0.4172 2.9688 0.4569
-0.4106 3.1191 0.4569
-0.3593 2.9260 0.4569
-0.3304 2.9002 0.4569
-0.3057 2.9090 0.4569
-0.2815 2.9235 0.4569
-0.2560 2.9258 0.4569
-0.2425 3.0815 0.4569
-2.8531 3.1210 0.4569
-2.7994 3.1668 0.4569
-2.9311 3.3759 0.4569
-2.5837 3.3440 0.4569
-2.4183 3.3276 0.4569
-1.9918 3.1664 0.4569
-1.9342 3.2007 0.4569
-1.5814 3.0673 0.4569
-1.3995 3.0250 0.4569
-1.2445 2.9950 0.4569
-1.1504 2.9986 0.4569
-1.0218 2.9793 0.4569
-0.9243 2.9771 0.4569
-0.8265 2.9729 0.4569
-0.6930 2.9438 0.4569
-0.5929 2.9341 0.4569
-0.5241 2.9436 0.4569
-0.3202 2.8592 0.4569
-0.3909 2.9625 0.4569
-2.9051 3.0083 0.9139
-2.8629 3.0168 0.9139
-2.8501 3.0563 0.9139
-2.8523 3.1128 0.9139
-2.8732 3.1911 0.9139
-2.9089 3.2879 0.9139
-2.9109 3.3486 0.9139
-2.9089 3.4059 0.9139
-2.9022 3.4587 0.9139
-2.8954 3.5124 0.9139
-2.8955 3.5756 0.9139
-2.8934 3.6376 0.9139
-2.9016 3.7139 0.9139
-2.8959 3.7740 0.9139
-2.8905 3.8358 0.9139
-2.8855 3.8995 0.9139
-2.8837 3.9690 0.9139
-2.8820 4.0405 0.9139
-2.8811 4.1146 0.9139
-2.8881 4.2022 0.9139
-2.8770 4.2654 0.9139
-2.8149 4.2528 0.9139
-2.7532 4.2395 0.9139
-2.6951 4.2305 0.9139
-2.6369 4.2199 0.9139
-2.5764 4.2044 0.9139
-2.5185 4.1915 0.9139
-2.4732 4.1987 0.9139
-2.4290 4.2072 0.9139
-2.3745 4.1969 0.9139
-2.3261 4.1964 0.9139
-2.2722 4.1849 0.9139
-2.2267 4.1878 0.9139
-2.1822 4.1920 0.9139
-2.1383 4.1966 0.9139
-2.0976 4.2071 0.9139
-2.0507 4.2046 0.9139
-2.0070 4.2079 0.9139
-1.9580 4.1989 0.9139
-1.9175 4.2077 0.9139
-1.8734 4.2078 0.9139
-1.8247 4.1965 0.9139
-1.7759 4.1837 0.9139
-1.7431 4.2083 0.9139
-1.7003 4.2085 0.9139
-1.6577 4.2083 0.9139
-1.6116 4.1983 0.9139
-1.5770 4.2178 0.9139
-1.5370 4.2230 0.9139
-1.4925 4.2146 0.9139
-1.4543 4.2236 0.9139
-1.4142 4.2267 0.9139
-1.3754 4.2332 0.9139
-1.3375 4.2421 0.9139
-1.2946 4.2345 0.9139
-1.2553 4.2380 0.9139
-1.2183 4.2488 0.9139
-1.1748 4.2361 0.9139
-1.1352 4.2366 0.9139
-1.0962 4.2386 0.9139
-1.0601 4.2518 0.9139
-1.0195 4.2463 0.9139
-0.9806 4.2473 0.9139
-0.9456 4.2654 0.9139
-0.9096 4.2794 0.9139
-0.8690 4.2715 0.9139
-0.8302 4.2711 0.9139
-0.7938 4.2831 0.9139
-0.5897 3.3444 0.9139
-0.4958 2.9628 0.9139
-0.4687 2.9591 0.9139
-0.4427 2.9621 0.9139
-0.4171 2.9678 0.9139
-0.3899 2.9614 0.9139
-0.3579 2.9151 0.9139
-0.3310 2.9052 0.9139
-0.3070 2.9209 0.9139
-0.2793 2.9006 0.9139
-0.2572 2.9398 0.9139
-0.3732 4.7423 0.9139
-2.9343 2.9456 0.9139
-2.8846 2.9940 0.9139
-2.8214 3.1062 0.9139
-2.9570 3.3889 0.9139
-2.9527 3.5361 0.9139
-2.6700 3.4614 0.9139
-2.9515 3.6875 0.9139
-2.6077 3.5740 0.9139
-2.9549 3.8444 0.9139
-2.9600 4.0055 0.9139
-2.4816 3.7984 0.9139
-2.9384 4.2356 0.9139
-2.9566 4.4138 0.9139
-0.5562 2.9098 0.9139
-0.4926 2.9223 0.9139
-0.3597 2.8864 0.9139
-2.1464 4.1917 0.9139
-2.0794 4.2223 0.9139
-0.4858 3.1429 0.9139
-0.4831 3.1990 0.9139
-1.7704 4.2278 0.9139
-0.4536 3.2946 0.9139
-0.4838 3.3781 0.9139
-1.4817 4.2331 0.9139
-0.4514 3.4751 0.9139
-0.4826 3.5633 0.9139
-0.4828 3.6273 0.9139
-1.1574 4.2682 0.9139
-0.4513 3.7304 0.9139
-0.4515 3.7968 0.9139
-0.4517 3.8642 0.9139
-0.4524 3.9333 0.9139
-0.4530 4.0033 0.9139
-0.4549 4.0757 0.9139
-0.4559 4.1485 0.9139
-0.4573 4.2230 0.9139
-0.4599 4.2999 0.9139
-0.4594 4.3751 0.9139
-2.8988 3.0018 1.3708
-2.8587 3.0125 1.3708
-2.8569 3.0636 1.3708
-2.8544 3.1150 1.3708
-2.8793 3.1978 1.3708
-2.9102 3.2894 1.3708
-2.9103 3.3479 1.3708
-2.9043 3.4005 1.3708
-2.9067 3.4641 1.3708
-2.8980 3.5155 1.3708
-2.9031 3.5850 1.3708
-2.8978 3.6430 1.3708
-2.8936 3.7037 1.3708
-2.8947 3.7724 1.3708
-2.9014 3.8502 1.3708
-2.8974 3.9156 1.3708
-2.8901 3.9779 1.3708
-2.8942 4.0576 1.3708
-2.8656 4.0925 1.3708
-2.8179 4.1000 1.3708
-2.7400 4.0623 1.3708
-2.6808 4.0502 1.3708
-2.6175 4.0307 1.3708
-2.5597 4.0179 1.3708
-2.5086 4.0147 1.3708
-2.4594 4.0134 1.3708
-2.4088 4.0090 1.3708
-2.3606 4.0074 1.3708
-2.3060 3.9941 1.3708
-2.2661 4.0054 1.3708
-2.2185 4.0023 1.3708
-2.1744 4.0048 1.3708
-2.1347 4.0148 1.3708
-2.0848 4.0049 1.3708
-2.0334 3.9908 1.3708
-2.0021 4.0156 1.3708
-1.9586 4.0158 1.3708
-1.9093 4.0030 1.3708
-1.8743 4.0195 1.3708
-1.8288 4.0129 1.3708
-1.7937 4.0287 1.3708
-1.7489 4.0222 1.3708
-1.7063 4.0198 1.3708
-1.6647 4.0189 1.3708
-1.6205 4.0110 1.3708
-1.5877 4.0306 1.3708
-1.5560 4.0536 1.3708
-1.5090 4.0361 1.3708
-1.4703 4.0397 1.3708
-1.4320 4.0439 1.3708
-1.3921 4.0430 1.3708
-1.3524 4.0418 1.3708
-1.3155 4.0486 1.3708
-1.2804 4.0609 1.3708
-1.2376 4.0480 1.3708
-1.1980 4.0443 1.3708
-1.1610 4.0488 1.3708
-1.1245 4.0550 1.3708
-1.0912 4.0723 1.3708
-1.0526 4.0701 1.3708
-1.0173 4.0801 1.3708
-0.9786 4.0762 1.3708
-0.9421 4.0807 1.3708
-0.9060 4.0868 1.3708
-0.8682 4.0847 1.3708
-0.8322 4.0902 1.3708
-0.7961 4.0953 1.3708
-0.7627 4.1149 1.3708
-0.5545 3.1445 1.3708
-0.4970 2.9697 1.3708
-0.4687 2.9591 1.3708
-0.4427 2.9621 1.3708
-0.4167 2.9649 1.3708
-0.3993 3.0328 1.3708
-0.3593 2.9260 1.3708
-0.3323 2.9161 1.3708
-0.3056 2.9080 1.3708
-0.2825 2.9334 1.3708
-0.2623 2.9985 1.3708
-0.3782 4.8051 1.3708
-0.4048 5.7889 1.3708
-2.9086 2.9344 1.3708
-2.9711 3.1040 1.3708
-2.9619 3.2443 1.3708
-2.9543 3.3875 1.3708
-2.9492 3.5342 1.3708
-2.9764 3.6243 1.3708
-2.9479 3.8404 1.3708
-2.9565 4.0035 1.3708
-2.9675 4.1716 1.3708
-2.4863 4.0303 1.3708
-2.3687 4.0320 1.3708
-0.5571 2.9104 1.3708
-0.4934 2.9229 1.3708
-0.3573 2.8847 1.3708
-1.9408 4.0477 1.3708
-1.8197 4.0370 1.3708
-0.4882 3.1447 1.3708
-0.4847 3.2001 1.3708
-0.4846 3.2588 1.3708
-0.4838 3.3177 1.3708
-0.4830 3.3775 1.3708
-0.4831 3.4388 1.3708
-0.4825 3.5003 1.3708
-0.4826 3.5633 1.3708
-0.4828 3.6273 1.3708
-0.9855 4.1214 1.3708
-0.4513 3.7304 1.3708
-0.4852 3.8266 1.3708
-0.7564 4.1386 1.3708
-0.4524 3.9333 1.3708
-0.4530 4.0033 1.3708
-0.4549 4.0757 1.3708
-0.4559 4.1485 1.3708
-2.9134 3.0169 1.8278
-2.8684 3.0226 1.8278
-2.8562 3.0629 1.8278
-2.8571 3.1179 1.8278
-2.8893 3.2089 1.8278
-2.9175 3.2977 1.8278
-2.9122 3.3502 1.8278
-2.9108 3.4081 1.8278
-2.9054 3.4625 1.8278
-2.9043 3.5232 1.8278
-2.9037 3.5858 1.8278
-2.9084 3.6563 1.8278
-2.9090 3.7234 1.8278
-2.9087 3.7906 1.8278
-2.8989 3.8470 1.8278
-2.9027 3.9228 1.8278
-2.8678 3.9472 1.8278
-2.8094 3.9387 1.8278
-2.7383 3.9106 1.8278
-2.6814 3.9014 1.8278
-2.6198 3.8840 1.8278
-2.5599 3.8676 1.8278
-2.5070 3.8604 1.8278
-2.4436 3.8357 1.8278
-2.4037 3.8467 1.8278
-2.3471 3.8301 1.8278
-2.3033 3.8333 1.8278
-2.2474 3.8153 1.8278
-2.2035 3.8166 1.8278
-2.1612 3.8200 1.8278
-2.1147 3.8151 1.8278
-2.0685 3.8097 1.8278
-2.0291 3.8161 1.8278
-1.9855 3.8141 1.8278
-1.9449 3.8171 1.8278
-1.8914 3.7936 1.8278
-1.8526 3.7983 1.8278
-1.8202 3.8161 1.8278
-1.7758 3.8083 1.8278
-1.7367 3.8109 1.8278
-1.6937 3.8040 1.8278
-1.6592 3.8159 1.8278
-1.6196 3.8155 1.8278
-1.5755 3.8036 1.8278
-1.5396 3.8107 1.8278
-1.5049 3.8203 1.8278
-1.4625 3.8099 1.8278
-1.4281 3.8197 1.8278
-1.3920 3.8245 1.8278
-1.3566 3.8309 1.8278
-1.3215 3.8379 1.8278
-1.2813 3.8293 1.8278
-1.2500 3.8470 1.8278
-1.2091 3.8349 1.8278
-1.1765 3.8482 1.8278
-1.1361 3.8353 1.8278
-1.1028 3.8460 1.8278
-1.0732 3.8699 1.8278
-1.0379 3.8734 1.8278
-1.0030 3.8784 1.8278
-0.9674 3.8802 1.8278
-0.9335 3.8885 1.8278
-0.8994 3.8955 1.8278
-0.8679 3.9149 1.8278
-0.8319 3.9136 1.8278
-0.7977 3.9207 1.8278
-0.7621 3.9206 1.8278
-0.7295 3.9360 1.8278
-0.5425 3.0765 1.8278
-0.4966 2.9677 1.8278
-0.4684 2.9571 1.8278
-0.4443 2.9730 1.8278
-0.4199 2.9876 1.8278
-0.3911 2.9704 1.8278
-0.3585 2.9201 1.8278
-0.3307 2.9022 1.8278
-0.3059 2.9100 1.8278
-0.2823 2.9314 1.8278
-0.2578 2.9467 1.8278
-0.3758 4.7752 1.8278
-0.4157 5.9455 1.8278
-2.9096 2.9348 1.8278
-2.9702 3.1036 1.8278
-2.9619 3.2443 1.8278
-2.9800 3.3264 1.8278
-2.9753 3.4726 1.8278
-2.9737 3.6229 1.8278
-2.9759 3.7781 1.8278
-2.9522 4.0009 1.8278
-2.5853 3.8607 1.8278
-2.4073 3.8283 1.8278
-2.2897 3.8303 1.8278
-2.1371 3.8078 1.8278
-2.0491 3.8245 1.8278
-0.5562 2.9098 1.8278
-0.4934 2.9229 1.8278
-0.3548 2.8830 1.8278
-1.6491 3.8435 1.8278
-1.5560 3.8489 1.8278
-0.4899 3.1458 1.8278
-0.4839 3.1996 1.8278
-0.4838 3.2582 1.8278
-0.4830 3.3171 1.8278
-0.4830 3.3775 1.8278
-0.4831 3.4388 1.8278
-0.9814 3.9043 1.8278
-0.4510 3.5372 1.8278
-0.4828 3.6273 1.8278
-0.7848 3.9499 1.8278
-0.4513 3.7304 1.8278
-0.6537 3.9757 1.8278
-0.4517 3.8642 1.8278
-0.4524 3.9333 1.8278
-0.4530 4.0033 1.8278
-2.9120 3.0155 2.2847
-2.8629 3.0168 2.2847
-2.8637 3.0710 2.2847
-2.8571 3.1179 2.2847
-2.8840 3.2030 2.2847
-2.9102 3.2894 2.2847
-2.9155 3.3539 2.2847
-2.9206 3.4195 2.2847
-2.9144 3.4732 2.2847
-2.9126 3.5333 2.2847
-2.9138 3.5982 2.2847
-2.9134 3.6626 2.2847
-2.9072 3.7210 2.2847
-2.9111 3.7938 2.2847
-2.8821 3.8247 2.2847
-2.8153 3.8047 2.2847
-2.7579 3.7959 2.2847
-2.6950 3.7783 2.2847
-2.6419 3.7730 2.2847
-2.5839 3.7597 2.2847
-2.5292 3.7497 2.2847
-2.4688 3.7300 2.2847
-2.4095 3.7103 2.2847
-2.3663 3.7143 2.2847
-2.3163 3.7068 2.2847
-2.2488 3.6698 2.2847
-2.2100 3.6781 2.2847
-2.1606 3.6680 2.2847
-2.1100 3.6546 2.2847
-2.0618 3.6442 2.2847
-2.0158 3.6367 2.2847
-1.9802 3.6471 2.2847
-1.9314 3.6324 2.2847
-1.8899 3.6305 2.2847
-1.8468 3.6246 2.2847
-1.8098 3.6299 2.2847
-1.7745 3.6383 2.2847
-1.7302 3.6275 2.2847
-1.6993 3.6443 2.2847
-1.6571 3.6362 2.2847
-1.6172 3.6323 2.2847
-1.5838 3.6426 2.2847
-1.5426 3.6342 2.2847
-1.5116 3.6493 2.2847
-1.4718 3.6429 2.2847
-1.4371 3.6482 2.2847
-1.4023 3.6531 2.2847
-1.3700 3.6643 2.2847
-1.3308 3.6563 2.2847
-1.2975 3.6640 2.2847
-1.2671 3.6800 2.2847
-1.2359 3.6937 2.2847
-1.2033 3.7034 2.2847
-1.1682 3.7052 2.2847
-1.1359 3.7152 2.2847
-1.0980 3.7068 2.2847
-1.0703 3.7326 2.2847
-1.0326 3.7235 2.2847
-1.0032 3.7439 2.2847
-0.9697 3.7496 2.2847
-0.9384 3.7638 2.2847
-0.9048 3.7689 2.2847
-0.8717 3.7757 2.2847
-0.8372 3.7763 2.2847
-0.8054 3.7893 2.2847
-0.7745 3.8070 2.2847
-0.7405 3.8097 2.2847
-0.7074 3.8170 2.2847
-0.5406 3.0657 2.2847
-0.4963 2.9658 2.2847
-0.4682 2.9562 2.2847
-0.4437 2.9690 2.2847
-0.4200 2.9886 2.2847
-0.3844 2.9198 2.2847
-0.3566 2.9042 2.2847
-0.3316 2.9102 2.2847
-0.3065 2.9159 2.2847
-0.2819 2.9275 2.2847
-0.2573 2.9408 2.2847
-0.3793 4.8191 2.2847
-2.9096 2.9348 2.2847
-2.9692 3.1031 2.2847
-2.9863 3.1832 2.2847
-2.9783 3.3255 2.2847
-2.9735 3.4717 2.2847
-2.9702 3.6210 2.2847
-2.9733 3.7767 2.2847
-2.6257 3.7330 2.2847
-2.4206 3.6878 2.2847
-2.2416 3.6542 2.2847
-2.1242 3.6549 2.2847
-2.0064 3.6533 2.2847
-1.8858 3.6477 2.2847
-1.7648 3.6398 2.2847
-1.6728 3.6489 2.2847
-0.4926 2.9223 2.2847
-0.3573 2.8847 2.2847
-1.3936 3.6646 2.2847
-0.5212 3.1108 2.2847
-1.2350 3.6872 2.2847
-0.4872 3.2019 2.2847
-0.4830 3.2576 2.2847
-0.4838 3.3177 2.2847
-0.4838 3.3781 2.2847
-0.4831 3.4388 2.2847
-0.4825 3.5003 2.2847
-0.4826 3.5633 2.2847
-0.4828 3.6273 2.2847
-0.6510 3.8356 2.2847
-0.4513 3.7304 2.2847
-0.4515 3.7968 2.2847
-0.4517 3.8642 2.2847
-3.0013 3.0541 2.7417
-2.9141 3.0176 2.7417
-2.8691 3.0234 2.7417
-2.8644 3.0717 2.7417
-2.8611 3.1224 2.7417
-2.8953 3.2156 2.7417
-2.9208 3.3014 2.7417
-2.9227 3.3622 2.7417
-2.9199 3.4188 2.7417
-2.9195 3.4794 2.7417
-2.9183 3.5402 2.7417
-2.9150 3.5997 2.7417
-2.9115 3.6603 2.7417
-2.9121 3.7273 2.7417
-2.8959 3.7740 2.7417
-2.8291 3.7544 2.7417
-2.7618 3.7323 2.7417
-2.7167 3.7393 2.7417
-2.6527 3.7189 2.7417
-2.6006 3.7140 2.7417
-2.5324 3.6847 2.7417
-2.4800 3.6768 2.7417
-2.4335 3.6766 2.7417
-2.3768 3.6600 2.7417
-2.3125 3.6300 2.7417
-2.2580 3.6135 2.7417
-2.2039 3.5964 2.7417
-2.1570 3.5898 2.7417
-2.1032 3.5706 2.7417
-2.0595 3.5672 2.7417
-2.0165 3.5641 2.7417
-1.9693 3.5527 2.7417
-1.9187 3.5337 2.7417
-1.8816 3.5389 2.7417
-1.8451 3.5445 2.7417
-1.8078 3.5480 2.7417
-1.7710 3.5520 2.7417
-1.7324 3.5520 2.7417
-1.6949 3.5535 2.7417
-1.6647 3.5699 2.7417
-1.6206 3.5561 2.7417
-1.5903 3.5720 2.7417
-1.5579 3.5830 2.7417
-1.5199 3.5808 2.7417
-1.4883 3.5930 2.7417
-1.4494 3.5873 2.7417
-1.4140 3.5896 2.7417
-1.3844 3.6064 2.7417
-1.3458 3.5996 2.7417
-1.3185 3.6225 2.7417
-1.2818 3.6197 2.7417
-1.2508 3.6327 2.7417
-1.2153 3.6321 2.7417
-1.1838 3.6435 2.7417
-1.1487 3.6432 2.7417
-1.1183 3.6579 2.7417
-1.0889 3.6761 2.7417
-1.0529 3.6720 2.7417
-1.0230 3.6888 2.7417
-0.9926 3.7043 2.7417
-0.9595 3.7099 2.7417
-0.9273 3.7191 2.7417
-0.8950 3.7281 2.7417
-0.8622 3.7348 2.7417
-0.8281 3.7353 2.7417
-0.7963 3.7463 2.7417
-0.7658 3.7639 2.7417
-0.7335 3.7734 2.7417
-0.7000 3.7767 2.7417
-0.5312 3.0125 2.7417
-0.4965 2.9667 2.7417
-0.4704 2.9700 2.7417
-0.4417 2.9552 2.7417
-0.4107 2.9223 2.7417
-0.3839 2.9158 2.7417
-0.3568 2.9062 2.7417
-0.3319 2.9132 2.7417
-0.3054 2.9060 2.7417
-0.2807 2.9155 2.7417
-0.2567 2.9338 2.7417
-0.3847 4.8879 2.7417
-0.4148 5.9315 2.7417
-2.9352 2.9460 2.7417
-2.8855 2.9944 2.7417
-2.9854 3.1827 2.7417
-2.9756 3.3242 2.7417
-2.9717 3.4708 2.7417
-2.9675 3.6196 2.7417
-2.9715 3.7757 2.7417
-2.6163 3.6528 2.7417
-2.4110 3.6090 2.7417
-2.1457 3.5259 2.7417
-1.9990 3.5084 2.7417
-1.8804 3.5054 2.7417
-1.7902 3.5181 2.7417
-1.6699 3.5102 2.7417
-1.5778 3.5184 2.7417
-0.5579 2.9109 2.7417
-0.4221 2.8748 2.7417
-0.3581 2.8853 2.7417
-1.2977 3.5975 2.7417
-0.5220 3.1114 2.7417
-1.1387 3.6172 2.7417
-0.4856 3.2007 2.7417
-0.4846 3.2588 2.7417
-0.4838 3.3177 2.7417
-0.4830 3.3775 2.7417
-0.4831 3.4388 2.7417
-0.4825 3.5003 2.7417
-0.7164 3.7560 2.7417
-0.4514 3.6009 2.7417
-0.4510 3.6648 2.7417
-0.4513 3.7304 2.7417
-0.4515 3.7968 2.7417
-2.9957 3.0484 3.1986
-2.9196 3.0234 3.1986
-2.8704 3.0248 3.1986
-2.8630 3.0702 3.1986
-2.8659 3.1275 3.1986
-2.9060 3.2275 3.1986
-2.9328 3.3149 3.1986
-2.9234 3.3630 3.1986
-2.9193 3.4180 3.1986
-2.9183 3.4778 3.1986
-2.9196 3.5418 3.1986
-2.9169 3.6021 3.1986
-2.9121 3.6610 3.1986
-2.9145 3.7304 3.1986
-2.8977 3.7764 3.1986
-2.8412 3.7704 3.1986
-2.7826 3.7604 3.1986
-2.7238 3.7490 3.1986
-2.6590 3.7278 3.1986
-2.5966 3.7083 3.1986
-2.5454 3.7036 3.1986
-2.4985 3.7041 3.1986
-2.4434 3.6916 3.1986
-2.3872 3.6759 3.1986
-2.3416 3.6755 3.1986
-2.2787 3.6466 3.1986
-2.2243 3.6297 3.1986
-2.1735 3.6172 3.1986
-2.1251 3.6076 3.1986
-2.0880 3.6165 3.1986
-2.0401 3.6059 3.1986
-1.9979 3.6043 3.1986
-1.9621 3.6137 3.1986
-1.9239 3.6183 3.1986
-1.8821 3.6155 3.1986
-1.8441 3.6193 3.1986
-1.8049 3.6200 3.1986
-1.7697 3.6284 3.1986
-1.7315 3.6302 3.1986
-1.6930 3.6307 3.1986
-1.6600 3.6426 3.1986
-1.6257 3.6514 3.1986
-1.5882 3.6527 3.1986
-1.5567 3.6673 3.1986
-1.5189 3.6669 3.1986
-1.4831 3.6707 3.1986
-1.4455 3.6696 3.1986
-1.4091 3.6708 3.1986
-1.3756 3.6792 3.1986
-1.3465 3.6996 3.1986
-1.3089 3.6961 3.1986
-1.2726 3.6960 3.1986
-1.2369 3.6966 3.1986
-1.2073 3.7158 3.1986
-1.1725 3.7185 3.1986
-1.1353 3.7133 3.1986
-1.1037 3.7260 3.1986
-1.0697 3.7307 3.1986
-1.0382 3.7437 3.1986
-1.0014 3.7372 3.1986
-0.9682 3.7438 3.1986
-0.9391 3.7667 3.1986
-0.9044 3.7670 3.1986
-0.8701 3.7689 3.1986
-0.8370 3.7753 3.1986
-0.8065 3.7942 3.1986
-0.7714 3.7913 3.1986
-0.7413 3.8136 3.1986
-0.7051 3.8042 3.1986
-0.5275 2.9918 3.1986
-0.4976 2.9737 3.1986
-0.4704 2.9700 3.1986
-0.4421 2.9581 3.1986
-0.4086 2.9074 3.1986
-0.3823 2.9039 3.1986
-0.3565 2.9032 3.1986
-0.3300 2.8963 3.1986
-0.3043 2.8951 3.1986
-0.2775 2.8817 3.1986
-0.2631 3.0075 3.1986
-0.3919 4.9796 3.1986
-2.9352 2.9460 3.1986
-2.8873 2.9952 3.1986
-2.9836 3.1819 3.1986
-2.9747 3.3237 3.1986
-2.9655 3.4676 3.1986
-2.9666 3.6192 3.1986
-2.9637 3.7713 3.1986
-2.5858 3.6356 3.1986
-2.3529 3.5755 3.1986
-2.1457 3.5259 3.1986
-2.0290 3.5265 3.1986
-1.9111 3.5243 3.1986
-1.8216 3.5377 3.1986
-1.7314 3.5494 3.1986
-1.6399 3.5587 3.1986
-0.5579 2.9109 3.1986
-0.3873 2.8513 3.1986
-0.3235 2.8615 3.1986
-1.3297 3.6198 3.1986
-0.5237 3.1126 3.1986
-1.1702 3.6402 3.1986
-0.4856 3.2007 3.1986
-0.4846 3.2588 3.1986
-0.4846 3.3184 3.1986
-0.4830 3.3775 3.1986
-0.4839 3.4394 3.1986
-0.4833 3.5009 3.1986
-0.7164 3.7560 3.1986
-0.4514 3.6009 3.1986
-0.4510 3.6648 3.1986
-0.4513 3.7304 3.1986
-0.4515 3.7968 3.1986
-2.9669 3.0192 3.6556
-2.9134 3.0169 3.6556
-2.8711 3.0255 3.6556
-2.8712 3.0790 3.6556
-2.8672 3.1290 3.6556
-2.8933 3.2134 3.6556
-2.9175 3.2977 3.6556
-2.9214 3.3607 3.6556
-2.9245 3.4241 3.6556
-2.9215 3.4817 3.6556
-2.9196 3.5418 3.6556
-2.9213 3.6075 3.6556
-2.9152 3.6650 3.6556
-2.9145 3.7304 3.6556
-2.9093 3.7914 3.6556
-2.8905 3.8358 3.6556
-2.8331 3.8288 3.6556
-2.7779 3.8234 3.6556
-2.7142 3.8052 3.6556
-2.6660 3.8074 3.6556
-2.6151 3.8050 3.6556
-2.5589 3.7937 3.6556
-2.5052 3.7850 3.6556
-2.4509 3.7740 3.6556
-2.3996 3.7666 3.6556
-2.3486 3.7585 3.6556
-2.2880 3.7337 3.6556
-2.2296 3.7107 3.6556
-2.1931 3.7231 3.6556
-2.1430 3.7118 3.6556
-2.0953 3.7034 3.6556
-2.0551 3.7075 3.6556
-2.0165 3.7139 3.6556
-1.9765 3.7172 3.6556
-1.9366 3.7201 3.6556
-1.9022 3.7333 3.6556
-1.8580 3.7265 3.6556
-1.8219 3.7354 3.6556
-1.7853 3.7430 3.6556
-1.7420 3.7358 3.6556
-1.7056 3.7427 3.6556
-1.6648 3.7391 3.6556
-1.6305 3.7499 3.6556
-1.5973 3.7630 3.6556
-1.5575 3.7602 3.6556
-1.5228 3.7690 3.6556
-1.4847 3.7691 3.6556
-1.4532 3.7857 3.6556
-1.4169 3.7898 3.6556
-1.3811 3.7945 3.6556
-1.3416 3.7885 3.6556
-1.3104 3.8057 3.6556
-1.2749 3.8104 3.6556
-1.2401 3.8166 3.6556
-1.2037 3.8177 3.6556
-1.1689 3.8233 3.6556
-1.1355 3.8334 3.6556
-1.1042 3.8508 3.6556
-1.0695 3.8564 3.6556
-1.0314 3.8492 3.6556
-1.0005 3.8687 3.6556
-0.9631 3.8627 3.6556
-0.9277 3.8642 3.6556
-0.8937 3.8712 3.6556
-0.8606 3.8818 3.6556
-0.8158 3.8383 3.6556
-0.6143 3.0191 3.6556
-0.7482 3.8490 3.6556
-0.7249 3.9114 3.6556
-0.5282 2.9958 3.6556
-0.4975 2.9727 3.6556
-0.4687 2.9591 3.6556
-0.4422 2.9591 3.6556
-0.4086 2.9074 3.6556
-0.3818 2.9000 3.6556
-0.3573 2.9101 3.6556
-0.3320 2.9141 3.6556
-0.3074 2.9249 3.6556
-0.2810 2.9185 3.6556
-0.2557 2.9228 3.6556
-0.4024 5.1132 3.6556
-2.9352 2.9460 3.6556
-2.9897 3.0408 3.6556
-2.8691 3.0575 3.6556
-2.9818 3.1810 3.6556
-2.9720 3.3224 3.6556
-2.9655 3.4676 3.6556
-2.9649 3.6182 3.6556
-2.9645 3.7718 3.6556
-2.5028 3.6620 3.6556
-2.3275 3.6330 3.6556
-2.1799 3.6171 3.6556
-2.0637 3.6178 3.6556
-1.9454 3.6151 3.6556
-1.8554 3.6284 3.6556
-1.7950 3.6594 3.6556
-0.5579 2.9109 3.6556
-0.3897 2.8530 3.6556
-0.3210 2.8598 3.6556
-1.4255 3.6869 3.6556
-1.3630 3.7113 3.6556
-1.2997 3.7342 3.6556
-0.4856 3.2007 3.6556
-0.4854 3.2594 3.6556
-0.4854 3.3190 3.6556
-0.4830 3.3775 3.6556
-0.4839 3.4394 3.6556
-0.4833 3.5009 3.6556
-0.4834 3.5639 3.6556
-0.4828 3.6273 3.6556
-0.4837 3.6928 3.6556
-0.6181 3.8753 3.6556
-0.4515 3.7968 3.6556
-0.4858 3.8950 3.6556
-2.9705 3.0228 4.1125
-2.9196 3.0234 4.1125
-2.8704 3.0248 4.1125
-2.8671 3.0746 4.1125
-2.8659 3.1275 4.1125
-2.8947 3.2148 4.1125
-2.9208 3.3014 4.1125
-2.9195 3.3585 4.1125
-2.9232 3.4226 4.1125
-2.9247 3.4855 4.1125
-2.9228 3.5456 4.1125
-2.9194 3.6052 4.1125
-2.9140 3.6634 4.1125
-2.9121 3.7273 4.1125
-2.9160 3.8002 4.1125
-2.9116 3.8638 4.1125
-2.9128 3.9365 4.1125
-2.8913 3.9796 4.1125
-2.8396 3.9810 4.1125
-2.7761 3.9647 4.1125
-2.7335 3.9772 4.1125
-2.6662 3.9529 4.1125
-2.6184 3.9560 4.1125
-2.5418 3.9141 4.1125
-2.4818 3.8956 4.1125
-2.4212 3.8747 4.1125
-2.3737 3.8735 4.1125
-2.3223 3.8650 4.1125
-2.2692 3.8523 4.1125
-2.2180 3.8417 4.1125
-2.1760 3.8461 4.1125
-2.1332 3.8483 4.1125
-2.0842 3.8387 4.1125
-2.0361 3.8293 4.1125
-1.9994 3.8408 4.1125
-1.9599 3.8465 4.1125
-1.9146 3.8402 4.1125
-1.8793 3.8531 4.1125
-1.8396 3.8567 4.1125
-1.7949 3.8491 4.1125
-1.7591 3.8601 4.1125
-1.7201 3.8634 4.1125
-1.6851 3.8755 4.1125
-1.6508 3.8891 4.1125
-1.6088 3.8840 4.1125
-1.5711 3.8886 4.1125
-1.5349 3.8966 4.1125
-1.4973 3.9005 4.1125
-1.4614 3.9087 4.1125
-1.4211 3.9044 4.1125
-1.3893 3.9233 4.1125
-1.3547 3.9343 4.1125
-1.3155 3.9317 4.1125
-1.2793 3.9374 4.1125
-1.2425 3.9408 4.1125
-1.2090 3.9543 4.1125
-1.1738 3.9628 4.1125
-1.1340 3.9546 4.1125
-1.0994 3.9644 4.1125
-1.0650 3.9748 4.1125
-1.0273 3.9723 4.1125
-0.9904 3.9724 4.1125
-0.9574 3.9877 4.1125
-0.7034 3.0469 4.1125
-0.6814 3.0734 4.1125
-0.8510 4.0036 4.1125
-0.8166 4.0138 4.1125
-0.7808 4.0168 4.1125
-0.7433 4.0107 4.1125
-0.5242 2.9731 4.1125
-0.4963 2.9658 4.1125
-0.4706 2.9710 4.1125
-0.4437 2.9690 4.1125
-0.4107 2.9223 4.1125
-0.3853 2.9267 4.1125
-0.3600 2.9320 4.1125
-0.3330 2.9231 4.1125
-0.3077 2.9279 4.1125
-0.2822 2.9304 4.1125
-0.2600 2.9716 4.1125
-0.4292 5.4531 4.1125
-0.4132 5.9086 4.1125
-2.9352 2.9460 4.1125
-2.9897 3.0408 4.1125
-2.9800 3.1802 4.1125
-2.8256 3.1793 4.1125
-2.9720 3.3224 4.1125
-2.9664 3.4680 4.1125
-2.9622 3.6168 4.1125
-2.9645 3.7718 4.1125
-2.9696 3.9315 4.1125
-2.3667 3.7294 4.1125
-2.2189 3.7129 4.1125
-2.1294 3.7301 4.1125
-2.0410 3.7466 4.1125
-1.9519 3.7613 4.1125
-0.6938 3.0009 4.1125
-0.3864 2.8508 4.1125
-0.5575 3.0223 4.1125
-0.5564 3.0784 4.1125
-1.5234 3.8257 4.1125
-1.4299 3.8288 4.1125
-1.3658 3.8521 4.1125
-0.4854 3.2594 4.1125
-0.4846 3.3184 4.1125
-0.4846 3.3788 4.1125
-0.4839 3.4394 4.1125
-0.4833 3.5009 4.1125
-0.4834 3.5639 4.1125
-0.4828 3.6273 4.1125
-0.4837 3.6928 4.1125
-0.4845 3.7592 4.1125
-0.4852 3.8266 4.1125
-0.4858 3.8950 4.1125
-0.4530 4.0033 4.1125
-2.9768 3.0292 4.5695
-2.9176 3.0212 4.5695
-2.8704 3.0248 4.5695
-2.8733 3.0812 4.5695
-2.8686 3.1305 4.5695
-2.8987 3.2193 4.5695
-2.9301 3.3119 4.5695
-2.9201 3.3592 4.5695
-2.9180 3.4165 4.5695
-2.9144 3.4732 4.5695
-2.9183 3.5402 4.5695
-2.9138 3.5982 4.5695
-2.9183 3.6689 4.5695
-2.9189 3.7360 4.5695
-2.9141 3.7978 4.5695
-2.9128 3.8654 4.5695
-2.9117 3.9349 4.5695
-2.9119 4.0079 4.5695
-2.9099 4.0795 4.5695
-2.9080 4.1531 4.5695
-2.8615 4.1635 4.5695
-2.8049 4.1585 4.5695
-2.7498 4.1544 4.5695
-2.6764 4.1212 4.5695
-2.6021 4.0845 4.5695
-2.5436 4.0706 4.5695
-2.4808 4.0483 4.5695
-2.4248 4.0355 4.5695
-2.3717 4.0264 4.5695
-2.3225 4.0227 4.5695
-2.2765 4.0237 4.5695
-2.2224 4.0093 4.5695
-2.1706 3.9977 4.5695
-2.1309 4.0077 4.5695
-2.0843 4.0040 4.5695
-2.0334 3.9908 4.5695
-1.9945 4.0004 4.5695
-1.9455 3.9888 4.5695
-1.9072 3.9985 4.5695
-1.8608 3.9905 4.5695
-1.8193 3.9920 4.5695
-1.7795 3.9968 4.5695
-1.7377 3.9965 4.5695
-1.7012 4.0079 4.5695
-1.6578 4.0022 4.5695
-1.6217 4.0138 4.5695
-1.5859 4.0259 4.5695
-1.5453 4.0256 4.5695
-1.5097 4.0380 4.5695
-1.4673 4.0313 4.5695
-1.4324 4.0449 4.5695
-1.3905 4.0383 4.5695
-1.3562 4.0531 4.5695
-1.3195 4.0610 4.5695
-1.2852 4.0762 4.5695
-1.2426 4.0643 4.5695
-1.2065 4.0731 4.5695
-1.1737 4.0931 4.5695
-1.1347 4.0916 4.5695
-1.1002 4.1062 4.5695
-1.0614 4.1040 4.5695
-1.0270 4.1189 4.5695
-0.9882 4.1160 4.5695
-0.7093 3.0722 4.5695
-0.6645 2.9972 4.5695
-0.8778 4.1297 4.5695
-0.8401 4.1294 4.5695
-0.8037 4.1346 4.5695
-0.7679 4.1434 4.5695
-0.5230 2.9662 4.5695
-0.4981 2.9766 4.5695
-0.4685 2.9581 4.5695
-0.4437 2.9690 4.5695
-0.4093 2.9124 4.5695
-0.3854 2.9277 4.5695
-0.3587 2.9211 4.5695
-0.3334 2.9261 4.5695
-0.3087 2.9368 4.5695
-0.2840 2.9494 4.5695
-0.2622 2.9966 4.5695
-0.4220 5.3624 4.5695
-2.9352 2.9460 4.5695
-2.9888 3.0404 4.5695
-2.9782 3.1794 4.5695
-2.9720 3.3224 4.5695
-2.7950 3.3081 4.5695
-2.9655 3.4676 4.5695
-2.9900 3.5555 4.5695
-2.9645 3.7718 4.5695
-2.9696 3.9315 4.5695
-2.9796 4.0976 4.5695
-2.4135 3.9076 4.5695
-2.2316 3.8680 4.5695
-0.7299 2.9677 4.5695
-0.5571 2.9104 4.5695
-0.4237 2.8759 4.5695
-0.3581 2.8853 4.5695
-0.5580 3.0795 4.5695
-1.6545 3.9192 4.5695
-1.5901 3.9452 4.5695
-1.4968 3.9490 4.5695
-0.4854 3.2594 4.5695
-0.4846 3.3184 4.5695
-0.4838 3.3781 4.5695
-0.4839 3.4394 4.5695
-0.4840 3.5015 4.5695
-0.4834 3.5639 4.5695
-0.4836 3.6279 4.5695
-0.4837 3.6928 4.5695
-0.8211 4.0518 4.5695
-0.4515 3.7968 4.5695
-0.4858 3.8950 4.5695
-0.4871 3.9650 4.5695
-0.4882 4.0361 4.5695
-0.4545 4.1471 4.5695
-2.9224 3.0263 5.0264
-2.8718 3.0263 5.0264
-2.8692 3.0768 5.0264
-2.8726 3.1349 5.0264
-2.9040 3.2252 5.0264
-2.9248 3.3059 5.0264
-2.9280 3.3683 5.0264
-2.9258 3.4256 5.0264
-2.9260 3.4870 5.0264
-2.9209 3.5433 5.0264
-2.9194 3.6052 5.0264
-2.9208 3.6720 5.0264
-2.9195 3.7367 5.0264
-2.9141 3.7978 5.0264
-2.9128 3.8654 5.0264
-2.9170 3.9421 5.0264
-2.9148 4.0119 5.0264
-2.9041 4.0714 5.0264
-2.9046 4.1482 5.0264
-2.9062 4.2286 5.0264
-2.8575 4.2364 5.0264
-2.8072 4.2411 5.0264
-2.7433 4.2244 5.0264
-2.6801 4.2068 5.0264
-2.6226 4.1970 5.0264
-2.5414 4.1472 5.0264
-2.4851 4.1358 5.0264
-2.4255 4.1177 5.0264
-2.3530 4.0755 5.0264
-2.3021 4.0689 5.0264
-2.2330 4.0285 5.0264
-2.1811 4.0171 5.0264
-2.1295 4.0051 5.0264
-2.0756 3.9871 5.0264
-2.0352 3.9944 5.0264
-1.9932 3.9977 5.0264
-1.9547 4.0077 5.0264
-1.9132 4.0111 5.0264
-1.8752 4.0213 5.0264
-1.8342 4.0248 5.0264
-1.8002 4.0434 5.0264
-1.7637 4.0562 5.0264
-1.7263 4.0668 5.0264
-1.6892 4.0780 5.0264
-1.6539 4.0935 5.0264
-1.6166 4.1041 5.0264
-1.5797 4.1152 5.0264
-1.5455 4.1335 5.0264
-1.5117 4.1534 5.0264
-1.4754 4.1665 5.0264
-1.4335 4.1631 5.0264
-1.4063 4.2030 5.0264
-1.3655 4.2027 5.0264
-1.3225 4.1944 5.0264
-1.2800 4.1867 5.0264
-1.2463 4.2073 5.0264
-1.2081 4.2132 5.0264
-1.1724 4.2274 5.0264
-1.1349 4.2356 5.0264
-1.0952 4.2347 5.0264
-1.0584 4.2450 5.0264
-1.0206 4.2512 5.0264
-0.9806 4.2473 5.0264
-0.9437 4.2567 5.0264
-0.6651 3.1291 5.0264
-0.6019 2.9584 5.0264
-0.8241 4.2396 5.0264
-0.7940 4.2840 5.0264
-0.5241 2.9721 5.0264
-0.4984 2.9786 5.0264
-0.4679 2.9542 5.0264
-0.4391 2.9384 5.0264
-0.4115 2.9282 5.0264
-0.3824 2.9049 5.0264
-0.3567 2.9052 5.0264
-0.3315 2.9092 5.0264
-0.3080 2.9309 5.0264
-0.2841 2.9504 5.0264
-0.2613 2.9866 5.0264
-0.4595 5.8389 5.0264
-2.9352 2.9460 5.0264
-2.9869 3.0395 5.0264
-3.0038 3.1189 5.0264
-2.9962 3.2607 5.0264
-2.9919 3.4063 5.0264
-2.9900 3.5555 5.0264
-2.7282 3.4924 5.0264
-2.9619 3.7704 5.0264
-2.9661 3.9295 5.0264
-2.9779 4.0966 5.0264
-2.9611 4.3328 5.0264
-2.3712 4.0336 5.0264
-0.5579 2.9109 5.0264
-0.3889 2.8524 5.0264
-1.9693 3.9926 5.0264
-1.8752 4.0018 5.0264
-1.8148 4.0336 5.0264
-1.7260 4.0440 5.0264
-0.4880 3.2025 5.0264
-0.4870 3.2606 5.0264
-0.4854 3.3190 5.0264
-0.4854 3.3794 5.0264
-0.4839 3.4394 5.0264
-0.4840 3.5015 5.0264
-0.4834 3.5639 5.0264
-0.4836 3.6279 5.0264
-0.4837 3.6928 5.0264
-0.4845 3.7592 5.0264
-0.4852 3.8266 5.0264
-0.4858 3.8950 5.0264
-0.4871 3.9650 5.0264
-0.4882 4.0361 5.0264
-0.6254 4.2375 5.0264
-0.4545 4.1471 5.0264
-0.4559 4.2216 5.0264
-0.4578 4.2978 5.0264
-2.9796 3.0320 5.4834
-2.9127 3.0162 5.4834
-2.8808 3.0357 5.4834
-2.8733 3.0812 5.4834
-2.8692 3.1312 5.4834
-2.9080 3.2297 5.4834
-2.9268 3.3081 5.4834
-2.9326 3.3736 5.4834
-2.9271 3.4271 5.4834
-2.9247 3.4855 5.4834
-2.9145 3.5356 5.4834
-2.9257 3.6130 5.4834
-2.9208 3.6720 5.4834
-2.9189 3.7360 5.4834
-2.9160 3.8002 5.4834
-2.9230 3.8790 5.4834
-2.9140 3.9381 5.4834
-2.9095 4.0046 5.4834
-2.9047 4.0722 5.4834
-2.9029 4.1457 5.4834
-2.8462 4.1412 5.4834
-2.7775 4.1178 5.4834
-2.7227 4.1136 5.4834
-2.6638 4.1019 5.4834
-2.5962 4.0753 5.4834
-2.5346 4.0562 5.4834
-2.4787 4.0449 5.4834
-2.4109 4.0124 5.4834
-2.3580 4.0031 5.4834
-2.3010 3.9854 5.4834
-2.2464 3.9706 5.4834
-2.1923 3.9550 5.4834
-2.1472 3.9547 5.4834
-2.1018 3.9530 5.4834
-2.0557 3.9490 5.4834
-2.0189 3.9623 5.4834
-1.9807 3.9726 5.4834
-1.9407 3.9790 5.4834
-1.9072 3.9985 5.4834
-1.8667 4.0032 5.4834
-1.8292 4.0138 5.4834
-1.7900 4.0205 5.4834
-1.7541 4.0341 5.4834
-1.7212 4.0548 5.4834
-1.6815 4.0595 5.4834
-1.6404 4.0601 5.4834
-1.6020 4.0669 5.4834
-1.5722 4.0956 5.4834
-1.5357 4.1073 5.4834
-1.4980 4.1159 5.4834
-1.4584 4.1184 5.4834
-1.4244 4.1366 5.4834
-1.3879 4.1480 5.4834
-1.3492 4.1523 5.4834
-1.3159 4.1735 5.4834
-1.2759 4.1733 5.4834
-1.2409 4.1891 5.4834
-1.2056 4.2046 5.4834
-1.1662 4.2053 5.4834
-1.1279 4.2095 5.4834
-1.0947 4.2327 5.4834
-1.0570 4.2392 5.4834
-1.0206 4.2512 5.4834
-0.9866 4.2736 5.4834
-0.9484 4.2781 5.4834
-0.9104 4.2833 5.4834
-0.8758 4.3048 5.4834
-0.8382 4.3123 5.4834
-0.7967 4.2988 5.4834
-0.5241 2.9721 5.4834
-0.4966 2.9677 5.4834
-0.4687 2.9591 5.4834
-0.4338 2.9028 5.4834
-0.4082 2.9045 5.4834
-0.3814 2.8970 5.4834
-0.3545 2.8873 5.4834
-0.3302 2.8982 5.4834
-0.3054 2.9060 5.4834
-0.2828 2.9374 5.4834
-0.2814 3.2167 5.4834
-2.9352 2.9460 5.4834
-2.9878 3.0399 5.4834
-3.0020 3.1181 5.4834
-2.9971 3.2611 5.4834
-2.9928 3.4067 5.4834
-2.9891 3.5550 5.4834
-2.9902 3.7085 5.4834
-2.6543 3.7495 5.4834
-2.9745 4.0946 5.4834
-2.3631 3.9518 5.4834
-2.1766 3.9072 5.4834
-0.4562 2.8436 5.4834
-0.3931 2.8552 5.4834
-0.5592 3.0235 5.4834
-0.5580 3.0795 5.4834
-1.7807 4.0092 5.4834
-1.6904 4.0181 5.4834
-0.4888 3.2031 5.4834
-0.4862 3.2600 5.4834
-0.4862 3.3196 5.4834
-0.4854 3.3794 5.4834
-0.4847 3.4400 5.4834
-0.4840 3.5015 5.4834
-0.4842 3.5646 5.4834
-0.4836 3.6279 5.4834
-0.4837 3.6928 5.4834
-0.4845 3.7592 5.4834
-0.4852 3.8266 5.4834
-0.4858 3.8950 5.4834
-0.4863 3.9644 5.4834
-0.4882 4.0361 5.4834
-0.4898 4.1088 5.4834
-0.6940 4.3784 5.4834
-0.4552 4.2209 5.4834
-0.4564 4.2964 5.4834
-0.4594 4.3751 5.4834
-0.4592 4.4520 5.4834
-3.0062 3.0591 5.9403
-2.9183 3.0219 5.9403
-2.8794 3.0342 5.9403
-2.8787 3.0870 5.9403
-2.8726 3.1349 5.9403
-2.9040 3.2252 5.9403
-2.9241 3.3051 5.9403
-2.9280 3.3683 5.9403
-2.9225 3.4218 5.9403
-2.9215 3.4817 5.9403
-2.9247 3.5479 5.9403
-2.9282 3.6161 5.9403
-2.9152 3.6650 5.9403
-2.9201 3.7375 5.9403
-2.9227 3.8089 5.9403
-2.9188 3.8734 5.9403
-2.9158 3.9405 5.9403
-2.9078 4.0022 5.9403
-2.8942 4.0576 5.9403
-2.8358 4.0499 5.9403
-2.7743 4.0366 5.9403
-2.7009 4.0043 5.9403
-2.6449 3.9960 5.9403
-2.5745 3.9644 5.9403
-2.5135 3.9454 5.9403
-2.4625 3.9409 5.9403
-2.4092 3.9315 5.9403
-2.3496 3.9104 5.9403
-2.3002 3.9049 5.9403
-2.2455 3.8893 5.9403
-2.2031 3.8940 5.9403
-2.1555 3.8886 5.9403
-2.1138 3.8932 5.9403
-2.0722 3.8973 5.9403
-2.0386 3.9162 5.9403
-2.0026 3.9302 5.9403
-1.9588 3.9288 5.9403
-1.9223 3.9412 5.9403
-1.8809 3.9434 5.9403
-1.8452 3.9569 5.9403
-1.8106 3.9729 5.9403
-1.7762 3.9895 5.9403
-1.7358 3.9920 5.9403
-1.6977 3.9996 5.9403
-1.6616 4.0115 5.9403
-1.6228 4.0166 5.9403
-1.5910 4.0389 5.9403
-1.5496 4.0368 5.9403
-1.5104 4.0399 5.9403
-1.4762 4.0557 5.9403
-1.4400 4.0666 5.9403
-1.4032 4.0752 5.9403
-1.3673 4.0863 5.9403
-1.3303 4.0943 5.9403
-1.2945 4.1058 5.9403
-1.2587 4.1169 5.9403
-1.2244 4.1335 5.9403
-1.1844 4.1305 5.9403
-1.1507 4.1494 5.9403
-1.1155 4.1631 5.9403
-1.0791 4.1727 5.9403
-1.0427 4.1820 5.9403
-1.0061 4.1909 5.9403
-0.9668 4.1878 5.9403
-0.9296 4.1932 5.9403
-0.8946 4.2090 5.9403
-0.8577 4.2156 5.9403
-0.8205 4.2210 5.9403
-0.6825 3.6823 5.9403
-0.5206 2.9525 5.9403
-0.4973 2.9717 5.9403
-0.4616 2.9147 5.9403
-0.4318 2.8889 5.9403
-0.4060 2.8886 5.9403
-0.3792 2.8801 5.9403
-0.3548 2.8893 5.9403
-0.3293 2.8903 5.9403
-0.3046 2.8980 5.9403
-0.2803 2.9105 5.9403
-0.4063 4.6443 5.9403
-2.9600 2.9567 5.9403
-2.9102 3.0054 5.9403
-3.0011 3.1177 5.9403
-2.9962 3.2607 5.9403
-2.9910 3.4058 5.9403
-2.9882 3.5545 5.9403
-2.9910 3.7090 5.9403
-2.9644 3.9285 5.9403
-2.6179 3.8803 5.9403
-2.3524 3.8695 5.9403
-2.1995 3.8476 5.9403
-2.1112 3.8648 5.9403
-0.4578 2.8447 5.9403
-0.3947 2.8564 5.9403
-0.5600 3.0240 5.9403
-0.5588 3.0801 5.9403
-1.7481 3.9859 5.9403
-0.5174 3.1658 5.9403
-1.5957 4.0222 5.9403
-0.4878 3.2612 5.9403
-0.4862 3.3196 5.9403
-1.3758 4.0751 5.9403
-0.4855 3.4406 5.9403
-0.4848 3.5022 5.9403
-0.4842 3.5646 5.9403
-0.4836 3.6279 5.9403
-0.4837 3.6928 5.9403
-0.4845 3.7592 5.9403
-0.4845 3.8260 5.9403
-0.4858 3.8950 5.9403
-0.4863 3.9644 5.9403
-0.4882 4.0361 5.9403
-0.4898 4.1088 5.9403
-0.4911 4.1825 5.9403
-0.5622 4.3260 5.9403
-0.4564 4.2964 5.9403
-0.4587 4.3744 5.9403
-2.9768 3.0292 6.3973
-2.9224 3.0263 6.3973
-2.8739 3.0284 6.3973
-2.8733 3.0812 6.3973
-2.8659 3.1275 6.3973
-2.9167 3.2394 6.3973
-2.9314 3.3134 6.3973
-2.9260 3.3660 6.3973
-2.9303 3.4310 6.3973
-2.9337 3.4962 6.3973
-2.9266 3.5502 6.3973
-2.9194 3.6052 6.3973
-2.9202 3.6712 6.3973
-2.9250 3.7438 6.3973
-2.9184 3.8033 6.3973
-2.9146 3.8678 6.3973
-2.9188 3.9445 6.3973
-2.9025 3.9949 6.3973
-2.8344 3.9737 6.3973
-2.7675 3.9524 6.3973
-2.7057 3.9369 6.3973
-2.6394 3.9131 6.3973
-2.5748 3.8901 6.3973
-2.5200 3.8805 6.3973
-2.4635 3.8669 6.3973
-2.4164 3.8671 6.3973
-2.3591 3.8497 6.3973
-2.2940 3.8178 6.3973
-2.2494 3.8187 6.3973
-2.2110 3.8296 6.3973
-2.1598 3.8174 6.3973
-2.1196 3.8238 6.3973
-2.0756 3.8229 6.3973
-2.0417 3.8399 6.3973
-2.0091 3.8594 6.3973
-1.9644 3.8554 6.3973
-1.9271 3.8652 6.3973
-1.8907 3.8765 6.3973
-1.8525 3.8838 6.3973
-1.8139 3.8899 6.3973
-1.7736 3.8919 6.3973
-1.7396 3.9072 6.3973
-1.7039 3.9186 6.3973
-1.6661 3.9250 6.3973
-1.6302 3.9357 6.3973
-1.5981 3.9554 6.3973
-1.5565 3.9515 6.3973
-1.5216 3.9640 6.3973
-1.4828 3.9659 6.3973
-1.4515 3.9881 6.3973
-1.4140 3.9930 6.3973
-1.3762 3.9967 6.3973
-1.3419 4.0105 6.3973
-1.3081 4.0258 6.3973
-1.2723 4.0352 6.3973
-1.2303 4.0241 6.3973
-1.1957 4.0366 6.3973
-1.1615 4.0508 6.3973
-1.1253 4.0578 6.3973
-1.0917 4.0743 6.3973
-1.0536 4.0740 6.3973
-1.0224 4.1005 6.3973
-0.9835 4.0966 6.3973
-0.9511 4.1196 6.3973
-0.9140 4.1229 6.3973
-0.8778 4.1297 6.3973
-0.8453 4.1549 6.3973
-0.5715 2.9400 6.3973
-0.5471 2.9517 6.3973
-0.5242 2.9731 6.3973
-0.4989 2.9815 6.3973
-0.4563 2.8811 6.3973
-0.4307 2.8820 6.3973
-0.4054 2.8847 6.3973
-0.3796 2.8831 6.3973
-0.3554 2.8943 6.3973
-0.3307 2.9022 6.3973
-0.3073 2.9239 6.3973
-0.2825 2.9334 6.3973
-0.4082 4.6662 6.3973
-2.9352 2.9460 6.3973
-2.9869 3.0395 6.3973
-3.0011 3.1177 6.3973
-2.9962 3.2607 6.3973
-2.9910 3.4058 6.3973
-2.9864 3.5536 6.3973
-2.9919 3.7094 6.3973
-2.9626 3.9275 6.3973
-2.6377 3.8157 6.3973
-2.5853 3.8607 6.3973
-2.3127 3.7703 6.3973
-2.2244 3.7895 6.3973
-2.1059 3.7880 6.3973
-2.0466 3.8228 6.3973
-0.4603 2.8463 6.3973
-0.3956 2.8569 6.3973
-1.8077 3.8816 6.3973
-0.5597 3.0807 6.3973
-1.6520 3.9174 6.3973
-0.5174 3.1658 6.3973
-1.4992 3.9508 6.3973
-0.4878 3.2612 6.3973
-1.3731 4.0002 6.3973
-0.4862 3.3800 6.3973
-0.5160 3.4649 6.3973
-0.5159 3.5273 6.3973
-0.4843 3.6285 6.3973
-0.4844 3.6934 6.3973
-0.4845 3.7592 6.3973
-0.4845 3.8260 6.3973
-0.4858 3.8950 6.3973
-0.4863 3.9644 6.3973
-0.4874 4.0354 6.3973
-0.4898 4.1088 6.3973
-0.4904 4.1818 6.3973
-0.4930 4.2580 6.3973
-2.9985 3.0513 6.8542
-2.9210 3.0248 6.8542
-2.8753 3.0299 6.8542
-2.8774 3.0856 6.8542
-2.8787 3.1415 6.8542
-2.9080 3.2297 6.8542
-2.9294 3.3111 6.8542
-2.9326 3.3736 6.8542
-2.9336 3.4348 6.8542
-2.9285 3.4901 6.8542
-2.9253 3.5487 6.8542
-2.9238 3.6106 6.8542
-2.9233 3.6751 6.8542
-2.9232 3.7415 6.8542
-2.9196 3.8049 6.8542
-2.9176 3.8718 6.8542
-2.9188 3.9445 6.8542
-2.8702 3.9504 6.8542
-2.8054 3.9330 6.8542
-2.7400 3.9131 6.8542
-2.6808 3.9006 6.8542
-2.6221 3.8874 6.8542
-2.5511 3.8542 6.8542
-2.4836 3.8243 6.8542
-2.4361 3.8239 6.8542
-2.3756 3.8018 6.8542
-2.3204 3.7866 6.8542
-2.2760 3.7878 6.8542
-2.2256 3.7782 6.8542
-2.1770 3.7707 6.8542
-2.1356 3.7747 6.8542
-2.0905 3.7714 6.8542
-2.0542 3.7833 6.8542
-2.0140 3.7878 6.8542
-1.9721 3.7884 6.8542
-1.9349 3.7975 6.8542
-1.8995 3.8097 6.8542
-1.8644 3.8226 6.8542
-1.8193 3.8143 6.8542
-1.7906 3.8400 6.8542
-1.7525 3.8455 6.8542
-1.7168 3.8561 6.8542
-1.6759 3.8544 6.8542
-1.6430 3.8707 6.8542
-1.6099 3.8868 6.8542
-1.5726 3.8923 6.8542
-1.5367 3.9012 6.8542
-1.5005 3.9089 6.8542
-1.4688 3.9284 6.8542
-1.4344 3.9411 6.8542
-1.3963 3.9431 6.8542
-1.3599 3.9494 6.8542
-1.3267 3.9649 6.8542
-1.2923 3.9773 6.8542
-1.2560 3.9837 6.8542
-1.2230 4.0002 6.8542
-1.1858 4.0031 6.8542
-1.1494 4.0085 6.8542
-1.1147 4.0193 6.8542
-1.0824 4.0395 6.8542
-1.0478 4.0517 6.8542
-1.0146 4.0694 6.8542
-0.9770 4.0694 6.8542
-0.9392 4.0680 6.8542
-0.9075 4.0936 6.8542
-0.8707 4.0965 6.8542
-0.8344 4.1010 6.8542
-0.5636 2.8997 6.8542
-0.5400 2.9134 6.8542
-0.5239 2.9712 6.8542
-0.4978 2.9746 6.8542
-0.4562 2.8801 6.8542
-0.4318 2.8889 6.8542
-0.4049 2.8807 6.8542
-0.3807 2.8920 6.8542
-0.3555 2.8953 6.8542
-0.3323 2.9161 6.8542
-0.3074 2.9249 6.8542
-0.4100 4.2583 6.8542
-0.4100 4.6861 6.8542
-2.9352 2.9460 6.8542
-3.0011 3.1177 6.8542
-2.9935 3.2594 6.8542
-2.9883 3.4045 6.8542
-2.9855 3.5532 6.8542
-2.9858 3.7061 6.8542
-2.9600 3.9260 6.8542
-2.6067 3.7974 6.8542
-2.3985 3.7484 6.8542
-2.2189 3.7129 6.8542
-2.1311 3.7312 6.8542
-2.0418 3.7471 6.8542
-0.5924 2.8784 6.8542
-0.4603 2.8463 6.8542
-0.3914 2.8541 6.8542
-0.5872 3.0427 6.8542
-1.6508 3.8447 6.8542
-1.5885 3.8721 6.8542
-0.5190 3.1670 6.8542
-0.5185 3.2251 6.8542
-0.5166 3.2829 6.8542
-0.5171 3.3433 6.8542
-1.2427 3.9710 6.8542
-0.4855 3.4406 6.8542
-1.1151 4.0125 6.8542
-0.4842 3.5646 6.8542
-0.5165 3.6555 6.8542
-0.9209 4.0662 6.8542
-0.4845 3.7592 6.8542
-0.4845 3.8260 6.8542
-0.4851 3.8943 6.8542
-0.4863 3.9644 6.8542
-0.4874 4.0354 6.8542
-0.4890 4.1081 6.8542
-0.4911 4.1825 6.8542
-2.9210 3.0248 7.3112
-2.8766 3.0313 7.3112
-2.8753 3.0834 7.3112
-2.8746 3.1371 7.3112
-2.9027 3.2238 7.3112
-2.9314 3.3134 7.3112
-2.9306 3.3713 7.3112
-2.9271 3.4271 7.3112
-2.9266 3.4878 7.3112
-2.9336 3.5587 7.3112
-2.9257 3.6130 7.3112
-2.9264 3.6790 7.3112
-2.9207 3.7383 7.3112
-2.9214 3.8073 7.3112
-2.9140 3.8670 7.3112
-2.9194 3.9453 7.3112
-2.8707 3.9512 7.3112
-2.8077 3.9362 7.3112
-2.7514 3.9295 7.3112
-2.6751 3.8923 7.3112
-2.6098 3.8691 7.3112
-2.5527 3.8567 7.3112
-2.4874 3.8302 7.3112
-2.4313 3.8163 7.3112
-2.3815 3.8111 7.3112
-2.3298 3.8019 7.3112
-2.2775 3.7904 7.3112
-2.2261 3.7791 7.3112
-2.1815 3.7785 7.3112
-2.1455 3.7921 7.3112
-2.1012 3.7906 7.3112
-2.0570 3.7886 7.3112
-2.0262 3.8108 7.3112
-1.9809 3.8053 7.3112
-1.9453 3.8180 7.3112
-1.9048 3.8205 7.3112
-1.8657 3.8253 7.3112
-1.8284 3.8333 7.3112
-1.7911 3.8409 7.3112
-1.7554 3.8519 7.3112
-1.7197 3.8625 7.3112
-1.6803 3.8645 7.3112
-1.6465 3.8790 7.3112
-1.6103 3.8877 7.3112
-1.5756 3.8997 7.3112
-1.5426 3.9161 7.3112
-1.5005 3.9089 7.3112
-1.4681 3.9265 7.3112
-1.4344 3.9411 7.3112
-1.3997 3.9525 7.3112
-1.3612 3.9532 7.3112
-1.3308 3.9773 7.3112
-1.2957 3.9878 7.3112
-1.2585 3.9913 7.3112
-1.2259 4.0098 7.3112
-1.1883 4.0117 7.3112
-1.1568 4.0344 7.3112
-1.1189 4.0347 7.3112
-1.0883 4.0617 7.3112
-1.0516 4.0662 7.3112
-1.0158 4.0743 7.3112
-0.9798 4.0810 7.3112
-0.9446 4.0914 7.3112
-0.9106 4.1073 7.3112
-0.8734 4.1092 7.3112
-0.5925 2.9123 7.3112
-0.5663 2.9135 7.3112
-0.5720 3.0864 7.3112
-0.5248 2.9761 7.3112
-0.4975 2.9727 7.3112
-0.4599 2.9038 7.3112
-0.4318 2.8889 7.3112
-0.4056 2.8856 7.3112
-0.3796 2.8831 7.3112
-0.3566 2.9042 7.3112
-0.3317 2.9112 7.3112
-0.3090 2.9398 7.3112
-0.4135 4.2941 7.3112
-0.4107 4.6941 7.3112
-2.9352 2.9460 7.3112
-3.0011 3.1177 7.3112
-2.9935 3.2594 7.3112
-2.9875 3.4040 7.3112
-2.9855 3.5532 7.3112
-2.9875 3.7070 7.3112
-2.9923 3.8655 7.3112
-2.5137 3.7426 7.3112
-2.3350 3.7103 7.3112
-2.2172 3.7118 7.3112
-2.0997 3.7116 7.3112
-2.0114 3.7278 7.3112
-0.5664 2.8615 7.3112
-0.4595 2.8458 7.3112
-0.3956 2.8569 7.3112
-0.5872 3.0427 7.3112
-1.6483 3.8430 7.3112
-1.5568 3.8495 7.3112
-0.5182 3.1664 7.3112
-0.5185 3.2251 7.3112
-0.5166 3.2829 7.3112
-0.5163 3.3427 7.3112
-0.5169 3.4040 7.3112
-0.5160 3.4649 7.3112
-1.1135 4.0113 7.3112
-0.4842 3.5646 7.3112
-0.5165 3.6555 7.3112
-0.5171 3.7213 7.3112
-0.8543 4.0807 7.3112
-0.4845 3.8260 7.3112
-0.4851 3.8943 7.3112
-0.4863 3.9644 7.3112
-0.4874 4.0354 7.3112
-0.4890 4.1081 7.3112
-0.4911 4.1825 7.3112
-2.9880 3.0406 7.7681
-2.9287 3.0327 7.7681
-2.8815 3.0364 7.7681
-2.8760 3.0841 7.7681
-2.8746 3.1371 7.7681
-2.9221 3.2453 7.7681
-2.9321 3.3141 7.7681
-2.9359 3.3773 7.7681
-2.9407 3.4431 7.7681
-2.9324 3.4947 7.7681
-2.9330 3.5580 7.7681
-2.9257 3.6130 7.7681
-2.9252 3.6775 7.7681
-2.9287 3.7486 7.7681
-2.9221 3.8081 7.7681
-2.9254 3.8822 7.7681
-2.9194 3.9453 7.7681
-2.9213 4.0208 7.7681
-2.8838 4.0429 7.7681
-2.8249 4.0343 7.7681
-2.7624 4.0193 7.7681
-2.7020 4.0059 7.7681
-2.6327 3.9776 7.7681
-2.5691 3.9560 7.7681
-2.5001 3.9243 7.7681
-2.4509 3.9222 7.7681
-2.3936 3.9059 7.7681
-2.3264 3.8718 7.7681
-2.2783 3.8679 7.7681
-2.2335 3.8685 7.7681
-2.1785 3.8505 7.7681
-2.1375 3.8562 7.7681
-2.0923 3.8536 7.7681
-2.0553 3.8655 7.7681
-2.0128 3.8665 7.7681
-1.9740 3.8741 7.7681
-1.9285 3.8679 7.7681
-1.8995 3.8945 7.7681
-1.8581 3.8956 7.7681
-1.8185 3.8998 7.7681
-1.7807 3.9074 7.7681
-1.7433 3.9155 7.7681
-1.7082 3.9287 7.7681
-1.6688 3.9315 7.7681
-1.6291 3.9330 7.7681
-1.5947 3.9470 7.7681
-1.5576 3.9543 7.7681
-1.5249 3.9724 7.7681
-1.4873 3.9780 7.7681
-1.4498 3.9834 7.7681
-1.4133 3.9911 7.7681
-1.3798 4.0071 7.7681
-1.3393 4.0029 7.7681
-1.3068 4.0220 7.7681
-1.2723 4.0352 7.7681
-1.2367 4.0452 7.7681
-1.2031 4.0616 7.7681
-1.1637 4.0584 7.7681
-1.1277 4.0665 7.7681
-1.0964 4.0917 7.7681
-1.0556 4.0817 7.7681
-1.0250 4.1111 7.7681
-0.9849 4.1024 7.7681
-0.9506 4.1177 7.7681
-0.9162 4.1327 7.7681
-0.8805 4.1425 7.7681
-0.7099 3.4895 7.7681
-0.5667 2.9154 7.7681
-0.5571 3.0058 7.7681
-0.5246 2.9751 7.7681
-0.4970 2.9697 7.7681
-0.4576 2.8890 7.7681
-0.4291 2.8711 7.7681
-0.4046 2.8787 7.7681
-0.3793 2.8811 7.7681
-0.3554 2.8943 7.7681
-0.3329 2.9221 7.7681
-0.3108 2.9567 7.7681
-0.4198 4.3598 7.7681
-0.4131 4.7220 7.7681
-0.4050 5.1461 7.7681
-0.3906 5.5854 7.7681
-2.9352 2.9460 7.7681
-2.9358 3.0168 7.7681
-3.0002 3.1172 7.7681
-2.9926 3.2590 7.7681
-2.9875 3.4040 7.7681
-2.9847 3.5527 7.7681
-2.9867 3.7066 7.7681
-2.9906 3.8645 7.7681
-2.4910 3.8041 7.7681
-2.3109 3.7693 7.7681
-2.1922 3.7693 7.7681
-2.0739 3.7675 7.7681
-0.5974 2.8817 7.7681
-0.4220 2.8209 7.7681
-0.5904 2.9883 7.7681
-0.4595 2.9549 7.7681
-1.6827 3.8671 7.7681
-1.5902 3.8733 7.7681
-0.5190 3.1670 7.7681
-0.5193 3.2257 7.7681
-0.5174 3.2835 7.7681
-0.5163 3.3427 7.7681
-0.5169 3.4040 7.7681
-0.5168 3.4655 7.7681
-0.5159 3.5273 7.7681
-0.5166 3.5913 7.7681
-0.5165 3.6555 7.7681
-0.9513 4.0922 7.7681
-0.4845 3.7592 7.7681
-0.4845 3.8260 7.7681
-0.4851 3.8943 7.7681
-0.4863 3.9644 7.7681
-0.4867 4.0347 7.7681
-0.4883 4.1074 7.7681
-0.4904 4.1818 7.7681
-2.9915 3.0442 8.2251
-2.9328 3.0371 8.2251
-2.8794 3.0342 8.2251
-2.8814 3.0900 8.2251
-2.8814 3.1445 8.2251
-2.9234 3.2468 8.2251
-2.9414 3.3246 8.2251
-2.9306 3.3713 8.2251
-2.9368 3.4386 8.2251
-2.9388 3.5024 8.2251
-2.9342 3.5595 8.2251
-2.9314 3.6199 8.2251
-2.9320 3.6861 8.2251
-2.9281 3.7478 8.2251
-2.9251 3.8121 8.2251
-2.9236 3.8798 8.2251
-2.9283 3.9574 8.2251
-2.9172 4.0152 8.2251
-2.9186 4.0917 8.2251
-2.9138 4.1613 8.2251
-2.8932 4.2096 8.2251
-2.8368 4.2057 8.2251
-2.7785 4.1978 8.2251
-2.7150 4.1808 8.2251
-2.6435 4.1495 8.2251
-2.5685 4.1105 8.2251
-2.5143 4.1029 8.2251
-2.4526 4.0818 8.2251
-2.3986 4.0721 8.2251
-2.3355 4.0452 8.2251
-2.2715 4.0150 8.2251
-2.2224 4.0093 8.2251
-2.1601 3.9784 8.2251
-2.1126 3.9733 8.2251
-2.0631 3.9632 8.2251
-2.0166 3.9579 8.2251
-1.9825 3.9762 8.2251
-1.9376 3.9727 8.2251
-1.9016 3.9867 8.2251
-1.8595 3.9878 8.2251
-1.8238 4.0020 8.2251
-1.7807 3.9995 8.2251
-1.7465 4.0167 8.2251
-1.7059 4.0189 8.2251
-1.6712 4.0346 8.2251
-1.6359 4.0490 8.2251
-1.5899 4.0362 8.2251
-1.5499 4.0377 8.2251
-1.5188 4.0623 8.2251
-1.4772 4.0585 8.2251
-1.4374 4.0590 8.2251
-1.4019 4.0714 8.2251
-1.3644 4.0778 8.2251
-1.3282 4.0876 8.2251
-1.2945 4.1058 8.2251
-1.2575 4.1131 8.2251
-1.2213 4.1229 8.2251
-1.1817 4.1209 8.2251
-1.1462 4.1330 8.2251
-1.1121 4.1506 8.2251
-1.0814 4.1814 8.2251
-1.0403 4.1723 8.2251
-1.0045 4.1841 8.2251
-0.9673 4.1898 8.2251
-0.9329 4.2078 8.2251
-0.8994 4.2315 8.2251
-0.8553 4.2039 8.2251
-0.5743 2.9547 8.2251
-0.5505 2.9704 8.2251
-0.5239 2.9712 8.2251
-0.4930 2.9460 8.2251
-0.4544 2.8692 8.2251
-0.4300 2.8770 8.2251
-0.4051 2.8827 8.2251
-0.3797 2.8841 8.2251
-0.3555 2.8953 8.2251
-0.3315 2.9092 8.2251
-0.3108 2.9567 8.2251
-0.4200 4.3618 8.2251
-0.4129 4.7200 8.2251
-0.4009 5.0942 8.2251
-0.4119 5.8906 8.2251
-2.9609 2.9571 8.2251
-2.9102 3.0054 8.2251
-2.9974 3.1160 8.2251
-2.8531 3.1210 8.2251
-2.9899 3.2577 8.2251
-2.9839 3.4023 8.2251
-2.9802 3.5504 8.2251
-2.9831 3.7047 8.2251
-2.9862 3.8621 8.2251
-2.9659 4.0894 8.2251
-2.4788 3.9484 8.2251
-2.2645 3.8890 8.2251
-2.1414 3.8844 8.2251
-0.4237 2.8221 8.2251
-0.4959 2.9246 8.2251
-0.5889 3.0439 8.2251
-1.7777 3.9336 8.2251
-1.6870 3.9424 8.2251
-0.5182 3.1664 8.2251
-0.5177 3.2245 8.2251
-0.5182 3.2841 8.2251
-0.5171 3.3433 8.2251
-0.5169 3.4040 8.2251
-0.5168 3.4655 8.2251
-0.5159 3.5273 8.2251
-0.5158 3.5907 8.2251
-1.0527 4.1055 8.2251
-0.4844 3.6934 8.2251
-0.4845 3.8260 8.2251
-0.4851 3.8943 8.2251
-0.4863 3.9644 8.2251
-0.4874 4.0354 8.2251
-0.4883 4.1074 8.2251
-0.4897 4.1811 8.2251
-0.4923 4.2573 8.2251
-3.0062 3.0591 8.6820
-2.9294 3.0335 8.6820
-2.8918 3.0473 8.6820
-2.8821 3.0907 8.6820
-2.8814 3.1445 8.6820
-2.9281 3.2520 8.6820
-2.9440 3.3276 8.6820
-2.9477 3.3909 8.6820
-2.9290 3.4294 8.6820
-2.9292 3.4909 8.6820
-2.9387 3.5649 8.6820
-2.9421 3.6332 8.6820
-2.9339 3.6884 8.6820
-2.9293 3.7494 8.6820
-2.9239 3.8105 8.6820
-2.9278 3.8854 8.6820
-2.9236 3.9510 8.6820
-2.9248 4.0257 8.6820
-2.9215 4.0958 8.6820
-2.9166 4.1654 8.6820
-2.9147 4.2410 8.6820
-2.9173 4.3251 8.6820
-2.8712 4.3379 8.6820
-2.8223 4.3460 8.6820
-2.7558 4.3258 8.6820
-2.7031 4.3259 8.6820
-2.6365 4.3024 8.6820
-2.5706 4.2781 8.6820
-2.4986 4.2418 8.6820
-2.4330 4.2141 8.6820
-2.3700 4.1890 8.6820
-2.3048 4.1579 8.6820
-2.2422 4.1296 8.6820
-2.1873 4.1137 8.6820
-2.1328 4.0971 8.6820
-2.0843 4.0906 8.6820
-2.0351 4.0818 8.6820
-1.9832 4.0661 8.6820
-1.9442 4.0761 8.6820
-1.9035 4.0820 8.6820
-1.8620 4.0857 8.6820
-1.8185 4.0845 8.6820
-1.7860 4.1075 8.6820
-1.7446 4.1101 8.6820
-1.7006 4.1057 8.6820
-1.6681 4.1287 8.6820
-1.6284 4.1338 8.6820
-1.5890 4.1395 8.6820
-1.5472 4.1382 8.6820
-1.5155 4.1638 8.6820
-1.4804 4.1806 8.6820
-1.4380 4.1764 8.6820
-1.3961 4.1726 8.6820
-1.3625 4.1932 8.6820
-1.3240 4.1992 8.6820
-1.2894 4.2173 8.6820
-1.2505 4.2217 8.6820
-1.2112 4.2238 8.6820
-1.1748 4.2361 8.6820
-1.1378 4.2462 8.6820
-1.1007 4.2560 8.6820
-1.0618 4.2586 8.6820
-1.0244 4.2668 8.6820
-0.9914 4.2940 8.6820
-0.9528 4.2977 8.6820
-0.9152 4.3058 8.6820
-0.8772 4.3117 8.6820
-0.8434 4.3388 8.6820
-0.5545 2.9920 8.6820
-0.5241 2.9721 8.6820
-0.4895 2.9253 8.6820
-0.4571 2.8860 8.6820
-0.4288 2.8691 8.6820
-0.4026 2.8648 8.6820
-0.3785 2.8752 8.6820
-0.3546 2.8883 8.6820
-0.3309 2.9042 8.6820
-0.3077 2.9279 8.6820
-0.4203 4.3648 8.6820
-0.4111 4.6991 8.6820
-0.4096 5.2049 8.6820
-2.9600 2.9567 8.6820
-2.9102 3.0054 8.6820
-2.9956 3.1152 8.6820
-2.9881 3.2568 8.6820
-3.0106 3.3413 8.6820
-3.0083 3.4894 8.6820
-2.9787 3.7023 8.6820
-2.9818 3.8596 8.6820
-2.9944 4.0258 8.6820
-2.9783 4.2606 8.6820
-2.4383 4.0772 8.6820
-0.4253 2.8232 8.6820
-0.5912 2.9889 8.6820
-0.5897 3.0444 8.6820
-1.8785 4.0041 8.6820
-1.7864 4.0132 8.6820
-0.5198 3.1676 8.6820
-0.5185 3.2251 8.6820
-0.5182 3.2841 8.6820
-0.5163 3.3427 8.6820
-0.5169 3.4040 8.6820
-0.5160 3.4649 8.6820
-0.5167 3.5280 8.6820
-0.5158 3.5907 8.6820
-0.5165 3.6555 8.6820
-1.0859 4.2071 8.6820
-0.4845 3.7592 8.6820
-0.4845 3.8260 8.6820
-0.8923 4.2610 8.6820
-0.4856 3.9637 8.6820
-0.4874 4.0354 8.6820
-0.4883 4.1074 8.6820
-0.4904 4.1818 8.6820
-0.4930 4.2580 8.6820
-0.4946 4.3346 8.6820
-0.4951 4.4115 8.6820
-2.9726 3.0249 9.1390
-2.9356 3.0399 9.1390
-2.8876 3.0429 9.1390
-2.8842 3.0929 9.1390
-2.8841 3.1474 9.1390
-2.9388 3.2639 9.1390
-2.9407 3.3239 9.1390
-2.9424 3.3849 9.1390
-2.9381 3.4401 9.1390
-2.9408 3.5047 9.1390
-2.9368 3.5626 9.1390
-2.9068 3.5896 9.1390
-2.8723 3.6110 9.1390
-2.8641 3.6658 9.1390
-2.8667 3.7359 9.1390
-2.8658 3.8031 9.1390
-2.8563 3.8601 9.1390
-2.8425 3.9124 9.1390
-2.8170 3.9493 9.1390
-2.8013 4.0007 9.1390
-2.7782 4.0423 9.1390
-2.7378 4.0590 9.1390
-2.5858 3.9068 9.1390
-2.5331 3.9007 9.1390
-2.5194 3.9547 9.1390
-2.5553 4.0893 9.1390
-2.5038 4.0859 9.1390
-2.4526 4.0818 9.1390
-2.4052 4.0833 9.1390
-2.3535 4.0764 9.1390
-2.3026 4.0698 9.1390
-2.2553 4.0687 9.1390
-2.2116 4.0733 9.1390
-2.1694 4.0801 9.1390
-2.1180 4.0687 9.1390
-2.0729 4.0683 9.1390
-2.0257 4.0630 9.1390
-1.9832 4.0661 9.1390
-1.9326 4.0517 9.1390
-1.8908 4.0548 9.1390
-1.8470 4.0530 9.1390
-1.8063 4.0571 9.1390
-1.7653 4.0598 9.1390
-1.7243 4.0622 9.1390
-1.6792 4.0540 9.1390
-1.6389 4.0564 9.1390
-1.5954 4.0501 9.1390
-1.5510 4.0405 9.1390
-1.5087 4.0352 9.1390
-1.4683 4.0341 9.1390
-1.4280 4.0326 9.1390
-1.3895 4.0355 9.1390
-1.3501 4.0351 9.1390
-1.3124 4.0391 9.1390
-1.2735 4.0390 9.1390
-1.2332 4.0337 9.1390
-1.1940 4.0309 9.1390
-1.1527 4.0200 9.1390
-1.1136 4.0154 9.1390
-1.0723 4.0018 9.1390
-1.0328 3.9936 9.1390
-0.9953 3.9918 9.1390
-0.9590 3.9945 9.1390
-0.9189 3.9803 9.1390
-0.8837 3.9862 9.1390
-0.8452 3.9762 9.1390
-0.8072 3.9677 9.1390
-0.7707 3.9648 9.1390
-0.5507 2.9714 9.1390
-0.5248 2.9761 9.1390
-0.4902 2.9293 9.1390
-0.4554 2.8752 9.1390
-0.4264 2.8533 9.1390
-0.4001 2.8470 9.1390
-0.3741 2.8415 9.1390
-0.3495 2.8466 9.1390
-0.3257 2.8585 9.1390
-0.3076 2.9269 9.1390
-0.4114 5.2278 9.1390
-0.3922 5.6083 9.1390
-2.9866 2.9683 9.1390
-2.9120 3.0062 9.1390
-3.0153 3.1967 9.1390
-3.0061 3.3391 9.1390
-3.0047 3.4876 9.1390
-2.9761 3.7008 9.1390
-2.9801 3.8586 9.1390
-2.9884 4.0222 9.1390
-2.9681 4.2542 9.1390
-0.3895 2.7994 9.1390
-0.5299 2.9475 9.1390
-0.5897 3.0444 9.1390
-2.0415 4.1183 9.1390
-1.9166 4.1062 9.1390
-0.5206 3.1682 9.1390
-0.5169 3.2239 9.1390
-0.5174 3.2835 9.1390
-0.5171 3.3433 9.1390
-0.5169 3.4040 9.1390
-0.5176 3.4662 9.1390
-0.5167 3.5280 9.1390
-0.5166 3.5913 9.1390
-0.5165 3.6555 9.1390
-0.5171 3.7213 9.1390
-0.5177 3.7881 9.1390
-0.5182 3.8558 9.1390
-0.5520 3.9546 9.1390
-0.5527 4.0252 9.1390
-0.5547 4.0981 9.1390
-0.5565 4.1721 9.1390
-0.5911 4.2791 9.1390
-0.6285 4.3912 9.1390
-2.8214 3.1891 9.5959
-2.8092 3.2317 9.5959
-1.8205 3.1532 9.5959
-1.7816 3.1489 9.5959
-1.7458 3.1495 9.5959
-1.7130 3.1550 9.5959
-1.6746 3.1495 9.5959
-1.6364 3.1436 9.5959
-1.5999 3.1399 9.5959
-1.5746 3.1582 9.5959
-1.5716 3.2222 9.5959
-1.5860 3.3251 9.5959
-1.5840 3.3968 9.5959
-1.5439 3.3878 9.5959
-1.8193 4.0863 9.5959
-1.9790 4.5514 9.5959
-1.8497 4.3577 9.5959
-1.9081 4.6065 9.5959
-2.1015 5.2015 9.5959
-2.0498 5.2038 9.5959
-1.9961 5.2000 9.5959
-2.0126 5.3831 9.5959
-1.9393 5.3281 9.5959
-1.8470 5.2156 9.5959
-1.4918 4.3324 9.5959
-1.4514 4.3376 9.5959
-1.7327 5.3326 9.5959
-1.6803 5.3294 9.5959
-1.7042 5.5743 9.5959
-1.5229 5.1412 9.5959
-1.4989 5.2273 9.5959
-1.4693 5.2980 9.5959
-1.4367 5.3619 9.5959
-1.4277 5.5204 9.5959
-1.2909 5.1775 9.5959
-1.2405 5.1672 9.5959
-1.1886 5.1486 9.5959
-1.1523 5.1978 9.5959
-1.1026 5.1871 9.5959
-1.0531 5.1760 9.5959
-0.9985 5.1369 9.5959
-0.9467 5.1080 9.5959
-0.9011 5.1102 9.5959
-0.5420 3.2390 9.5959
-0.4634 2.9255 9.5959
-0.4335 2.9008 9.5959
-0.4033 2.8698 9.5959
-0.3771 2.8643 9.5959
-0.3527 2.8724 9.5959
-0.3282 2.8804 9.5959
-0.3046 2.8980 9.5959
-0.5044 5.2388 9.5959
-0.4801 5.4870 9.5959
-0.4129 5.2458 9.5959
-0.3783 5.4098 9.5959
-2.9600 2.9567 9.5959
-2.8124 2.9619 9.5959
-2.7425 3.0695 9.5959
-3.0097 3.3408 9.5959
-2.5991 3.2104 9.5959
-2.3828 3.1707 9.5959
-2.2449 3.1676 9.5959
-1.7923 2.9948 9.5959
-1.6166 2.9627 9.5959
-1.4961 2.9578 9.5959
-1.3734 2.9496 9.5959
-1.2470 2.9370 9.5959
-1.1514 2.9402 9.5959
-1.0561 2.9419 9.5959
-0.9578 2.9401 9.5959
-0.8582 2.9358 9.5959
-0.7278 2.9100 9.5959
-0.6611 2.9231 9.5959
-0.4253 2.8232 9.5959
-0.3624 2.8345 9.5959
-2.9400 5.2025 9.5959
-2.8400 5.2190 9.5959
-2.6643 5.1737 9.5959
-2.5839 5.2020 9.5959
-2.9388 5.8927 9.5959
-2.5203 3.2845 10.0529
-2.4427 3.7614 10.0529
-2.1946 3.7257 10.0529
-2.1645 3.7490 10.0529
-2.1223 3.7512 10.0529
-2.1055 3.7985 10.0529
-2.0604 3.7947 10.0529
-2.0230 3.8046 10.0529
-1.9818 3.8071 10.0529
-1.9186 3.7654 10.0529
-1.9829 3.9771 10.0529
-2.0919 4.2890 10.0529
-2.0604 4.3198 10.0529
-2.0117 4.3140 10.0529
-1.9594 4.2996 10.0529
-1.9202 4.3128 10.0529
-1.8689 4.2983 10.0529
-1.8314 4.3144 10.0529
-1.7776 4.2914 10.0529
-1.7505 4.3327 10.0529
-1.6852 4.2781 10.0529
-1.6449 4.2851 10.0529
-1.5973 4.2722 10.0529
-1.5524 4.2653 10.0529
-1.5091 4.2617 10.0529
-1.4670 4.2605 10.0529
-1.4244 4.2570 10.0529
-1.3841 4.2598 10.0529
-1.1884 3.7691 10.0529
-0.9818 3.2113 10.0529
-1.0773 3.6368 10.0529
-1.2313 4.2940 10.0529
-1.1804 4.2564 10.0529
-0.9941 3.7101 10.0529
-1.0068 3.8929 10.0529
-1.0635 4.2654 10.0529
-1.0169 4.2356 10.0529
-0.9614 4.1645 10.0529
-1.0119 4.5642 10.0529
-1.1053 5.1998 10.0529
-1.0576 5.1985 10.0529
-1.0086 5.1889 10.0529
-0.9609 5.1847 10.0529
-0.9117 5.1702 10.0529
-0.8652 5.1701 10.0529
-0.8205 5.1804 10.0529
-0.7735 5.1755 10.0529
-0.7265 5.1692 10.0529
-0.6800 5.1654 10.0529
-0.6371 5.1890 10.0529
-0.5909 5.1864 10.0529
-0.5443 5.1785 10.0529
-0.5434 5.6439 10.0529
-0.4539 5.1882 10.0529
-0.4091 5.1979 10.0529
-0.3759 5.3759 10.0529
-0.3568 5.8341 10.0529
-2.7646 3.2929 10.0529
-2.7151 3.5591 10.0529
-2.6846 3.7670 10.0529
-2.5697 3.7756 10.0529
-2.6396 4.2079 10.0529
-0.8532 3.1656 10.0529
-2.3673 4.2662 10.0529
-2.2144 4.2393 10.0529
-2.0868 4.2275 10.0529
-1.8595 4.1409 10.0529
-1.7653 4.1477 10.0529
-1.7033 4.1772 10.0529
-1.6413 4.2059 10.0529
-0.8471 3.6620 10.0529
-1.4496 4.2076 10.0529
-1.3521 4.2045 10.0529
-2.4534 5.1879 10.0529
-1.1898 4.2205 10.0529
-1.1239 4.2396 10.0529
-0.9917 4.2001 10.0529
-0.8567 4.1553 10.0529
-0.8909 4.2597 10.0529
-2.8668 5.2799 10.5098
-2.7882 5.2438 10.5098
-2.7345 5.2529 10.5098
-2.6726 5.2454 10.5098
-2.6138 5.2425 10.5098
-2.5500 5.2283 10.5098
-2.4974 5.2359 10.5098
-2.4385 5.2294 10.5098
-2.3820 5.2268 10.5098
-2.3261 5.2246 10.5098
-2.2737 5.2291 10.5098
-2.2147 5.2174 10.5098
-2.1005 5.0712 10.5098
-2.0922 5.1783 10.5098
-2.0528 5.2113 10.5098
-2.0004 5.2112 10.5098
-1.8564 4.9653 10.5098
-1.8972 5.2125 10.5098
-1.8089 5.1082 10.5098
-1.7916 5.2032 10.5098
-1.7430 5.2091 10.5098
-1.6919 5.2070 10.5098
-1.6416 5.2063 10.5098
-1.5902 5.2013 10.5098
-1.5215 5.1364 10.5098
-1.4901 5.1966 10.5098
-1.4396 5.1911 10.5098
-1.3316 4.9697 10.5098
-1.3418 5.1883 10.5098
-1.2969 5.2018 10.5098
-1.2461 5.1905 10.5098
-1.2033 5.2119 10.5098
-1.1666 5.2622 10.5098
-1.1040 5.1940 10.5098
-1.0576 5.1985 10.5098
-1.0079 5.1850 10.5098
-0.9598 5.1788 10.5098
-0.9136 5.1811 10.5098
-0.8673 5.1829 10.5098
-0.8194 5.1735 10.5098
-0.7726 5.1696 10.5098
-0.7275 5.1761 10.5098
-0.6816 5.1773 10.5098
-0.6359 5.1791 10.5098
-0.5908 5.1855 10.5098
-0.5454 5.1894 10.5098
-0.5106 5.3025 10.5098
-0.4621 5.2818 10.5098
-0.4094 5.2019 10.5098
-0.3799 5.4327 10.5098
-0.3543 5.7922 10.5098
-2.9424 5.2043 10.5098
-2.7635 5.1592 10.5098
-2.6549 5.1662 10.5098
-2.5248 5.1541 10.5098
-2.4186 5.1592 10.5098
-1.8984 4.8151 10.5098
-1.5756 4.6254 10.5098
-2.0777 5.1442 10.5098
-2.0049 5.1711 10.5098
-1.8748 5.1456 10.5098
-1.8046 5.1723 10.5098
-1.6547 5.1239 10.5098
-1.5945 5.1572 10.5098
-1.4939 5.1509 10.5098
-1.2355 4.9877 10.5098
-1.2349 5.0749 10.5098
-1.1129 5.1289 10.5098
-1.0418 5.1444 10.5098
-0.9394 5.1253 10.5098
-0.8662 5.1359 10.5098
-0.7951 5.1478 10.5098
-0.6936 5.1244 10.5098
-0.6232 5.1343 10.5098
-0.4872 5.1570 10.5098
-0.4457 5.2924 10.5098
-2.8384 2.2176 10.9668
-2.7783 2.2099 10.9668
-2.7270 2.2083 10.9668
-2.6922 2.2193 10.9668
-2.6505 2.2240 10.9668
-2.5960 2.2172 10.9668
-2.5532 2.2194 10.9668
-2.5127 2.2231 10.9668
-2.4598 2.2148 10.9668
-2.4183 2.2159 10.9668
-2.3762 2.2158 10.9668
-2.3401 2.2206 10.9668
-2.2925 2.2139 10.9668
-2.2710 2.2317 10.9668
-2.4466 2.4466 10.9668
-2.9319 2.9835 10.9668
-2.9224 3.0263 10.9668
-2.9049 3.0611 10.9668
-2.8889 3.0980 10.9668
-2.8706 3.1327 10.9668
-2.8411 3.1554 10.9668
-2.8208 3.1883 10.9668
-2.7554 3.1698 10.9668
-2.6731 3.1298 10.9668
-2.6161 3.1178 10.9668
-2.5914 3.1436 10.9668
-2.5745 3.1793 10.9668
-2.7895 3.5069 10.9668
-2.8456 3.6422 10.9668
-2.8320 3.6907 10.9668
-2.8093 3.7280 10.9668
-2.7177 3.6728 10.9668
-2.6738 3.6802 10.9668
-2.6364 3.6961 10.9668
-2.6465 3.7796 10.9668
-2.6247 3.8190 10.9668
-2.6209 3.8857 10.9668
-2.5775 3.8942 10.9668
-2.4950 3.8419 10.9668
-2.4490 3.8442 10.9668
-2.4037 3.8467 10.9668
-2.3460 3.8284 10.9668
-1.4004 2.3306 10.9668
-1.2917 2.1928 10.9668
-1.2665 2.1936 10.9668
-1.2434 2.1976 10.9668
-1.2120 2.1865 10.9668
-1.1929 2.1970 10.9668
-1.1619 2.1853 10.9668
-1.1377 2.1856 10.9668
-1.1132 2.1847 10.9668
-1.0936 2.1935 10.9668
-1.0696 2.1931 10.9668
-1.0401 2.1806 10.9668
-1.0206 2.1887 10.9668
-0.9961 2.1857 10.9668
-0.9729 2.1852 10.9668
-0.9486 2.1817 10.9668
-0.9245 2.1779 10.9668
-0.9024 2.1785 10.9668
-0.8781 2.1733 10.9668
-0.8554 2.1716 10.9668
-0.8321 2.1678 10.9668
-0.8118 2.1712 10.9668
-0.7866 2.1613 10.9668
-0.7674 2.1671 10.9668
-0.7446 2.1624 10.9668
-0.7250 2.1669 10.9668
-0.7061 2.1732 10.9668
-0.6838 2.1688 10.9668
-0.6649 2.1746 10.9668
-0.6450 2.1775 10.9668
-0.6262 2.1840 10.9668
-0.6050 2.1817 10.9668
-0.5927 2.2120 10.9668
-0.5851 2.2626 10.9668
-0.5787 2.3209 10.9668
-0.5754 2.3969 10.9668
-0.5637 2.4418 10.9668
-0.5543 2.5003 10.9668
-0.5426 2.5530 10.9668
-0.5331 2.6203 10.9668
-0.5228 2.6897 10.9668
-0.5135 2.7708 10.9668
-0.5029 2.8520 10.9668
-0.5171 3.0900 10.9668
-0.5226 3.2999 10.9668
-0.5126 3.4299 10.9668
-0.5000 3.5580 10.9668
-0.4859 3.6911 10.9668
-0.4830 3.9335 10.9668
-0.4672 4.1005 10.9668
-0.4403 4.1889 10.9668
-0.4363 4.5310 10.9668
-0.4211 4.8136 10.9668
-0.4020 5.1082 10.9668
-0.3828 5.4736 10.9668
-0.3625 5.9269 10.9668
-2.7480 2.1406 10.9668
-2.7063 2.1904 10.9668
-2.9942 2.3532 10.9668
-2.9951 2.4204 10.9668
-2.9972 2.4885 10.9668
-2.9779 2.6172 10.9668
-2.9818 2.6872 10.9668
-2.9859 2.7579 10.9668
-2.9939 2.8307 10.9668
-3.0030 2.9047 10.9668
-0.8401 2.0837 10.9668
-0.7790 2.1050 10.9668
-0.6163 2.0780 10.9668
-0.8219 2.2236 10.9668
-2.9729 3.3229 10.9668
-2.9928 3.4067 10.9668
-2.9900 3.5555 10.9668
-2.9849 3.7056 10.9668
-0.5492 2.4833 10.9668
-0.5438 2.5310 10.9668
-0.5397 2.5798 10.9668
-0.5376 2.6303 10.9668
-0.5332 2.6799 10.9668
-0.5334 2.7328 10.9668
-0.5279 2.7827 10.9668
-0.5278 2.8365 10.9668
-0.5246 2.8888 10.9668
-0.5224 2.9425 10.9668
-0.5221 2.9980 10.9668
-0.5228 3.0549 10.9668
-0.8819 3.3681 10.9668
-0.9122 3.4527 10.9668
-0.9446 3.5404 10.9668
-0.9774 3.6301 10.9668
-0.9772 3.6964 10.9668
-0.9779 3.7642 10.9668
-1.0122 3.8596 10.9668
-1.0475 3.9578 10.9668
-1.0482 4.0296 10.9668
-1.0198 4.1506 10.9668
-1.0211 4.2257 10.9668
-0.9986 4.3567 10.9668
-1.3182 4.8101 10.9668
-0.9380 4.5342 10.9668
-0.9393 4.6153 10.9668
-0.9811 4.8211 10.9668
-1.1308 5.0584 10.9668
-1.0432 5.1458 10.9668
-0.9701 5.1582 10.9668
-0.8587 5.1278 10.9668
-2.7417 2.3005 11.4237
-2.7086 2.3133 11.4237
-2.6792 2.3290 11.4237
-2.6371 2.3331 11.4237
-2.5876 2.3299 11.4237
-2.5466 2.3335 11.4237
-2.5034 2.3345 11.4237
-2.4605 2.3349 11.4237
-2.4220 2.3389 11.4237
-2.3965 2.3551 11.4237
-2.3582 2.3582 11.4237
-2.3179 2.3587 11.4237
-2.2743 2.3551 11.4237
-2.2323 2.3524 11.4237
-2.1872 2.3455 11.4237
-2.1450 2.3409 11.4237
-2.1011 2.3335 11.4237
-2.0654 2.3345 11.4237
-2.0207 2.3245 11.4237
-1.9899 2.3299 11.4237
-1.9496 2.3234 11.4237
-1.9171 2.3257 11.4237
-1.8785 2.3198 11.4237
-1.8433 2.3173 11.4237
-1.8088 2.3152 11.4237
-1.7806 2.3206 11.4237
-1.7459 2.3168 11.4237
-1.7113 2.3127 11.4237
-1.6840 2.3178 11.4237
-1.6509 2.3145 11.4237
-1.6198 2.3133 11.4237
-1.5893 2.3125 11.4237
-1.5534 2.3031 11.4237
-1.5283 2.3090 11.4237
-1.5016 2.3122 11.4237
-1.4744 2.3143 11.4237
-1.4472 2.3160 11.4237
-1.4207 2.3183 11.4237
-1.3932 2.3186 11.4237
-1.3668 2.3204 11.4237
-1.3355 2.3132 11.4237
-1.3133 2.3212 11.4237
-1.2872 2.3221 11.4237
-1.2611 2.3227 11.4237
-1.2356 2.3239 11.4237
-1.2139 2.3320 11.4237
-1.1872 2.3300 11.4237
-1.1592 2.3250 11.4237
-1.1288 2.3144 11.4237
-1.0922 2.2899 11.4237
-1.0675 2.2893 11.4237
-1.0442 2.2913 11.4237
-1.0193 2.2893 11.4237
-0.9997 2.2991 11.4237
-0.9706 2.2865 11.4237
-0.9510 2.2958 11.4237
-0.9230 2.2846 11.4237
-0.9005 2.2860 11.4237
-0.8802 2.2929 11.4237
-0.8524 2.2799 11.4237
-0.8243 2.2647 11.4237
-0.7995 2.2576 11.4237
-0.7762 2.2541 11.4237
-0.7558 2.2589 11.4237
-0.7370 2.2683 11.4237
-0.7184 2.2784 11.4237
-0.7014 2.2942 11.4237
-0.6828 2.3050 11.4237
-0.6668 2.3253 11.4237
-0.6489 2.3397 11.4237
-0.6336 2.3646 11.4237
-0.6147 2.3768 11.4237
-0.5992 2.4034 11.4237
-0.5834 2.4300 11.4237
-0.5698 2.4681 11.4237
-0.5547 2.5022 11.4237
-0.5426 2.5530 11.4237
-0.5313 2.6115 11.4237
-0.5201 2.6759 11.4237
-0.5073 2.7374 11.4237
-0.4947 2.8057 11.4237
-0.5011 2.9944 11.4237
-0.5250 3.3147 11.4237
-0.5107 3.4170 11.4237
-0.4992 3.5521 11.4237
-0.4930 3.7447 11.4237
-0.4744 3.8640 11.4237
-0.4682 4.1094 11.4237
-0.4413 4.1989 11.4237
-0.4354 4.5221 11.4237
-0.4163 4.7578 11.4237
-0.3903 4.9587 11.4237
-0.3740 5.3489 11.4237
-2.7840 2.2164 11.4237
-2.6945 2.2500 11.4237
-2.6058 2.2826 11.4237
-2.4362 2.2844 11.4237
-2.2643 2.2823 11.4237
-2.0854 2.2746 11.4237
-1.9230 2.2701 11.4237
-1.7268 2.2491 11.4237
-1.6100 2.2574 11.4237
-1.4888 2.2619 11.4237
-1.3606 2.2613 11.4237
-1.2622 2.2716 11.4237
-1.0611 2.2335 11.4237
-0.8574 2.1904 11.4237
-0.7975 2.2120 11.4237
-2.9153 3.2948 11.4237
-2.9302 3.3755 11.4237
-2.9468 3.4580 11.4237
-2.9349 3.6023 11.4237
-2.9322 3.7539 11.4237
-2.9610 3.8478 11.4237
-2.9608 4.0060 11.4237
-2.9607 4.1674 11.4237
-2.9365 4.4007 11.4237
-2.9335 4.6553 11.4237
-2.9367 4.8338 11.4237
-2.9364 5.1064 11.4237
-2.9724 5.3224 11.4237
-2.7200 2.3231 11.8807
-2.6981 2.3454 11.8807
-2.6558 2.3497 11.8807
-2.6174 2.3567 11.8807
-2.5672 2.3524 11.8807
-2.5202 2.3502 11.8807
-2.4772 2.3507 11.8807
-2.4422 2.3584 11.8807
-2.4094 2.3677 11.8807
-2.3780 2.3780 11.8807
-2.3291 2.3701 11.8807
-2.1521 2.2285 11.8807
-2.1160 2.2298 11.8807
-2.0774 2.2277 11.8807
-2.0443 2.2310 11.8807
-2.0007 2.2220 11.8807
-1.9660 2.2222 11.8807
-1.9393 2.2309 11.8807
-1.9100 2.2364 11.8807
-1.8853 2.2468 11.8807
-1.8160 2.2030 11.8807
-1.7766 2.1939 11.8807
-1.7474 2.1968 11.8807
-1.7128 2.1922 11.8807
-1.7009 2.2166 11.8807
-1.6803 2.2298 11.8807
-1.6649 2.2500 11.8807
-1.6129 2.2199 11.8807
-1.5708 2.2022 11.8807
-1.5458 2.2076 11.8807
-1.5129 2.2012 11.8807
-1.4863 2.2036 11.8807
-1.4599 2.2056 11.8807
-1.4329 2.2065 11.8807
-1.4077 2.2097 11.8807
-1.3831 2.2134 11.8807
-1.3569 2.2143 11.8807
-1.3391 2.2286 11.8807
-1.3237 2.2471 11.8807
-1.3310 2.3054 11.8807
-1.3236 2.3395 11.8807
-1.2915 2.3300 11.8807
-1.2731 2.3447 11.8807
-1.2469 2.3451 11.8807
-1.2149 2.3337 11.8807
-1.1899 2.3353 11.8807
-1.1637 2.3340 11.8807
-1.1411 2.3396 11.8807
-1.1043 2.3151 11.8807
-1.0756 2.3066 11.8807
-1.0566 2.3186 11.8807
-1.0299 2.3131 11.8807
-1.0052 2.3119 11.8807
-0.9831 2.3160 11.8807
-0.9525 2.2995 11.8807
-0.9380 2.3217 11.8807
-0.9078 2.3046 11.8807
-0.8870 2.3106 11.8807
-0.8629 2.3080 11.8807
-0.8349 2.2938 11.8807
-0.8071 2.2793 11.8807
-0.7859 2.2825 11.8807
-0.7634 2.2817 11.8807
-0.7472 2.2997 11.8807
-0.7298 2.3147 11.8807
-0.7087 2.3181 11.8807
-0.6910 2.3328 11.8807
-0.6737 2.3493 11.8807
-0.6587 2.3753 11.8807
-0.6401 2.3887 11.8807
-0.6237 2.4117 11.8807
-0.6077 2.4374 11.8807
-0.5897 2.4562 11.8807
-0.5781 2.5041 11.8807
-0.5634 2.5413 11.8807
-0.5493 2.5843 11.8807
-0.5367 2.6380 11.8807
-0.5236 2.6936 11.8807
-0.5110 2.7570 11.8807
-0.4972 2.8195 11.8807
-0.4905 2.9312 11.8807
-0.5259 3.3206 11.8807
-0.5156 3.4497 11.8807
-0.5046 3.5907 11.8807
-0.4918 3.7358 11.8807
-0.4807 3.9146 11.8807
-0.4714 4.1372 11.8807
-0.4541 4.3202 11.8807
-0.4387 4.5559 11.8807
-0.4211 4.8136 11.8807
-0.3972 5.0464 11.8807
-0.3904 5.5834 11.8807
-0.3617 5.9139 11.8807
-2.7162 2.2575 11.8807
-2.6020 2.2812 11.8807
-2.4390 2.2854 11.8807
-1.9430 2.1622 11.8807
-1.8035 2.1663 11.8807
-1.6290 2.1543 11.8807
-1.5071 2.1604 11.8807
-1.4123 2.1756 11.8807
-3.0030 2.9047 11.8807
-1.2576 2.2696 11.8807
-1.1011 2.2518 11.8807
-0.9589 2.2378 11.8807
-0.7848 2.2059 11.8807
-2.9189 3.2966 11.8807
-2.9329 3.3768 11.8807
-2.9495 3.4594 11.8807
-2.9402 3.6051 11.8807
-2.9348 3.7553 11.8807
-2.9610 3.8478 11.8807
-2.9608 4.0060 11.8807
-2.9632 4.1690 11.8807
-2.9704 4.3387 11.8807
-2.9343 4.6559 11.8807
-2.9432 4.8384 11.8807
-2.9588 5.1233 11.8807
-2.9313 5.4833 11.8807
-2.9162 5.8730 11.8807
-2.7132 2.3585 12.3376
-2.6828 2.3735 12.3376
-2.6456 2.3821 12.3376
-2.6026 2.3848 12.3376
-2.5641 2.3911 12.3376
-2.5170 2.3886 12.3376
-2.4688 2.3841 12.3376
-2.4208 2.3789 12.3376
-2.3907 2.3907 12.3376
-2.3417 2.3830 12.3376
-2.2549 2.3350 12.3376
-2.1435 2.2588 12.3376
-2.1012 2.2533 12.3376
-2.0545 2.2421 12.3376
-2.0087 2.2309 12.3376
-1.9753 2.2326 12.3376
-1.9380 2.2294 12.3376
-1.9029 2.2280 12.3376
-1.8673 2.2254 12.3376
-1.8300 2.2200 12.3376
-1.7986 2.2211 12.3376
-1.7711 2.2265 12.3376
-1.7362 2.2222 12.3376
-1.7021 2.2182 12.3376
-1.6736 2.2210 12.3376
-1.6411 2.2178 12.3376
-1.6141 2.2216 12.3376
-1.5813 2.2168 12.3376
-1.5544 2.2199 12.3376
-1.5282 2.2235 12.3376
-1.4958 2.2177 12.3376
-1.4693 2.2198 12.3376
-1.4471 2.2283 12.3376
-1.4179 2.2257 12.3376
-1.3979 2.2372 12.3376
-1.3726 2.2399 12.3376
-1.3484 2.2441 12.3376
-1.3313 2.2601 12.3376
-1.3235 2.2924 12.3376
-1.3315 2.3534 12.3376
-1.3032 2.3510 12.3376
-1.2788 2.3552 12.3376
-1.2469 2.3451 12.3376
-1.2209 2.3453 12.3376
-1.1958 2.3469 12.3376
-1.1708 2.3483 12.3376
-1.1441 2.3459 12.3376
-1.1185 2.3449 12.3376
-1.0958 2.3501 12.3376
-1.0674 2.3422 12.3376
-1.0473 2.3524 12.3376
-1.0216 2.3495 12.3376
-0.9960 2.3464 12.3376
-0.9735 2.3503 12.3376
-0.9485 2.3476 12.3376
-0.9243 2.3465 12.3376
-0.9006 2.3461 12.3376
-0.8703 2.3276 12.3376
-0.8475 2.3286 12.3376
-0.8202 2.3161 12.3376
-0.8006 2.3250 12.3376
-0.7796 2.3300 12.3376
-0.7583 2.3339 12.3376
-0.7412 2.3509 12.3376
-0.7236 2.3669 12.3376
-0.7055 2.3817 12.3376
-0.6874 2.3974 12.3376
-0.6686 2.4110 12.3376
-0.6546 2.4428 12.3376
-0.6385 2.4688 12.3376
-0.6179 2.4781 12.3376
-0.6044 2.5175 12.3376
-0.5891 2.5519 12.3376
-0.5781 2.6077 12.3376
-0.5643 2.6547 12.3376
-0.5491 2.6987 12.3376
-0.5367 2.7613 12.3376
-0.5232 2.8229 12.3376
-0.5053 2.8658 12.3376
-0.5171 3.0900 12.3376
-0.5142 3.2465 12.3376
-0.4795 3.2084 12.3376
-0.4511 3.2095 12.3376
-0.4262 3.2371 12.3376
-0.4007 3.2635 12.3376
-0.4701 4.1263 12.3376
-0.4551 4.3301 12.3376
-0.4452 4.6236 12.3376
-0.4225 4.8296 12.3376
-0.4031 5.1222 12.3376
-0.3884 5.5544 12.3376
-2.6680 2.3046 12.3376
-2.1064 2.1643 12.3376
-1.9196 2.1534 12.3376
-1.7792 2.1570 12.3376
-1.6355 2.1569 12.3376
-1.4746 2.1472 12.3376
-1.4160 2.1771 12.3376
-1.3406 2.1990 12.3376
-2.9820 2.9663 12.3376
-1.1584 2.2779 12.3376
-1.0586 2.2843 12.3376
-0.8507 2.2374 12.3376
-2.9171 3.2957 12.3376
-2.8865 3.6522 12.3376
-2.8931 3.8094 12.3376
-2.9358 3.9120 12.3376
-2.8824 3.9598 12.3376
-2.9308 4.0683 12.3376
-2.9666 4.1711 12.3376
-2.9440 4.4056 12.3376
-2.9269 4.6508 12.3376
-2.9522 4.8448 12.3376
-2.9388 5.1082 12.3376
-2.9319 5.3866 12.3376
-2.9383 5.7892 12.3376
-2.6599 2.5242 12.7946
-2.6069 2.5174 12.7946
-2.5691 2.5247 12.7946
-2.5180 2.5180 12.7946
-2.4616 2.5049 12.7946
-2.4167 2.5026 12.7946
-2.3748 2.5025 12.7946
-2.3229 2.4910 12.7946
-2.2734 2.4809 12.7946
-2.2295 2.4762 12.7946
-2.1966 2.4828 12.7946
-2.1407 2.4626 12.7946
-2.1049 2.4645 12.7946
-2.0678 2.4644 12.7946
-2.0297 2.4623 12.7946
-1.9931 2.4612 12.7946
-1.9535 2.4558 12.7946
-1.9202 2.4578 12.7946
-1.8908 2.4642 12.7946
-1.8488 2.4534 12.7946
-1.8166 2.4550 12.7946
-1.7845 2.4562 12.7946
-1.7566 2.4627 12.7946
-1.7196 2.4558 12.7946
-1.6845 2.4510 12.7946
-1.6558 2.4548 12.7946
-1.6271 2.4583 12.7946
-1.5931 2.4531 12.7946
-1.5652 2.4568 12.7946
-1.5357 2.4576 12.7946
-1.5074 2.4599 12.7946
-1.4797 2.4626 12.7946
-1.4455 2.4539 12.7946
-1.4210 2.4612 12.7946
-1.3906 2.4579 12.7946
-1.3570 2.4481 12.7946
-1.3337 2.4563 12.7946
-1.3089 2.4617 12.7946
-1.2814 2.4615 12.7946
-1.2544 2.4619 12.7946
-1.2270 2.4611 12.7946
-1.2060 2.4726 12.7946
-1.1787 2.4713 12.7946
-1.1533 2.4733 12.7946
-1.1271 2.4733 12.7946
-1.1006 2.4721 12.7946
-1.0794 2.4825 12.7946
-1.0530 2.4808 12.7946
-1.0309 2.4889 12.7946
-1.0051 2.4876 12.7946
-0.9830 2.4954 12.7946
-0.9568 2.4927 12.7946
-0.9340 2.4981 12.7946
-0.9064 2.4902 12.7946
-0.8809 2.4876 12.7946
-0.8585 2.4933 12.7946
-0.8364 2.4998 12.7946
-0.8192 2.5213 12.7946
-0.7966 2.5264 12.7946
-0.7745 2.5333 12.7946
-0.7495 2.5303 12.7946
-0.7313 2.5502 12.7946
-0.7440 2.6827 12.7946
-0.7226 2.6969 12.7946
-0.6838 2.6440 12.7946
-0.6597 2.6460 12.7946
-0.6471 2.6954 12.7946
-0.6314 2.7351 12.7946
-0.6164 2.7805 12.7946
-0.5982 2.8141 12.7946
-0.5845 2.8731 12.7946
-0.5673 2.9184 12.7946
-0.5451 2.9409 12.7946
-0.5373 3.0470 12.7946
-0.5547 3.3149 12.7946
-0.5414 3.4184 12.7946
-0.5295 3.5427 12.7946
-0.5165 3.6749 12.7946
-0.5141 3.9053 12.7946
-0.4849 3.9493 12.7946
-0.4521 3.9683 12.7946
-0.4771 4.5390 12.7946
-0.4588 4.7650 12.7946
-0.4875 5.5717 12.7946
-0.4437 5.6376 12.7946
-0.4065 5.8128 12.7946
-2.6655 2.3678 12.7946
-2.4769 2.3618 12.7946
-2.2348 2.3319 12.7946
-2.0244 2.3101 12.7946
-1.8603 2.3031 12.7946
-1.7467 2.3141 12.7946
-1.5965 2.3077 12.7946
-1.4744 2.3108 12.7946
-1.3827 2.3253 12.7946
-1.2494 2.3194 12.7946
-1.1864 2.3438 12.7946
-1.0466 2.3308 12.7946
-0.9452 2.3339 12.7946
-0.8879 2.3573 12.7946
-0.8173 2.3730 12.7946
-2.9098 3.8970 12.7946
-2.9514 4.0004 12.7946
-2.9100 4.9947 12.7946
-2.9235 5.2842 12.7946
-2.8820 5.7411 12.7946
-2.9028 5.9656 12.7946
-2.4587 3.0721 13.2515
-2.3521 3.0872 13.2515
-2.1057 3.0295 13.2515
-1.8803 2.9778 13.2515
-1.7914 2.9943 13.2515
-1.7045 3.0104 13.2515
-1.6133 3.0228 13.2515
-1.5536 3.0515 13.2515
-1.4592 3.0595 13.2515
-1.3364 3.1103 13.2515
-1.2741 3.1339 13.2515
-2.4118 3.9066 13.2515
-2.3539 3.9459 13.2515
-0.9799 3.1902 13.2515
-0.9809 3.2517 13.2515
-0.8496 3.2837 13.2515
-2.7618 5.5395 13.2515
-2.7680 5.8463 13.2515
