-2.9115 4.3987 0.0000
-2.8997 4.4651 0.0000
-2.8708 4.5062 0.0000
-2.8504 4.5617 0.0000
-2.8262 4.6119 0.0000
-2.7879 4.6398 0.0000
-2.7402 4.6519 0.0000
-2.6815 4.6445 0.0000
-2.6286 4.6460 0.0000
-2.5763 4.6477 0.0000
-2.5194 4.6402 0.0000
-2.4694 4.6443 0.0000
-2.4108 4.6311 0.0000
-2.3648 4.6413 0.0000
-2.3135 4.6402 0.0000
-2.2607 4.6351 0.0000
-2.2102 4.6339 0.0000
-2.1625 4.6376 0.0000
-2.1108 4.6317 0.0000
-2.0597 4.6262 0.0000
-2.0133 4.6302 0.0000
-1.9685 4.6375 0.0000
-1.9176 4.6296 0.0000
-1.8730 4.6359 0.0000
-1.8241 4.6307 0.0000
-1.7793 4.6352 0.0000
-1.7307 4.6290 0.0000
-1.6862 4.6327 0.0000
-1.6363 4.6208 0.0000
-1.5904 4.6189 0.0000
-1.5475 4.6250 0.0000
-1.5037 4.6278 0.0000
-1.4575 4.6227 0.0000
-1.4151 4.6285 0.0000
-1.3678 4.6177 0.0000
-1.3239 4.6169 0.0000
-1.2814 4.6206 0.0000
-1.2361 4.6133 0.0000
-1.1926 4.6113 0.0000
-1.1515 4.6186 0.0000
-1.1077 4.6139 0.0000
-1.0665 4.6195 0.0000
-1.0240 4.6189 0.0000
-0.9809 4.6149 0.0000
-0.9388 4.6145 0.0000
-0.8968 4.6136 0.0000
-0.8541 4.6085 0.0000
-0.8123 4.6069 0.0000
-0.7711 4.6079 0.0000
-0.7299 4.6086 0.0000
-0.6895 4.6138 0.0000
-0.6467 4.6018 0.0000
-0.6052 4.5973 0.0000
-0.5656 4.6064 0.0000
-0.5236 4.5953 0.0000
-0.3570 3.3963 0.0000
-0.3147 3.2679 0.0000
-0.3696 4.2249 0.0000
-0.2636 4.6383 0.0000
-0.2301 4.7655 0.0000
-0.1978 4.8983 0.0000
-0.1646 5.0345 0.0000
-2.7508 3.5208 0.4855
-2.7029 3.5225 0.4855
-2.6570 3.5260 0.4855
-2.6035 3.5185 0.4855
-2.5721 3.5403 0.4855
-2.5650 3.5959 0.4855
-2.5507 3.6428 0.4855
-2.5358 3.6896 0.4855
-2.5225 3.7398 0.4855
-2.5091 3.7908 0.4855
-2.4966 3.8445 0.4855
-2.4732 3.8821 0.4855
-2.4228 3.8773 0.4855
-2.3779 3.8804 0.4855
-2.3259 3.8710 0.4855
-2.2722 3.8575 0.4855
-2.2275 3.8581 0.4855
-2.1819 3.8565 0.4855
-2.1332 3.8483 0.4855
-2.0914 3.8519 0.4855
-2.0455 3.8470 0.4855
-1.9943 3.8310 0.4855
-1.9508 3.8287 0.4855
-1.9093 3.8294 0.4855
-1.8679 3.8298 0.4855
-1.8236 3.8234 0.4855
-1.7813 3.8201 0.4855
-1.7376 3.8127 0.4855
-1.6989 3.8159 0.4855
-1.6560 3.8086 0.4855
-1.6180 3.8118 0.4855
-1.5755 3.8036 0.4855
-1.5378 3.8061 0.4855
-1.4994 3.8063 0.4855
-1.4625 3.8099 0.4855
-1.4204 3.7991 0.4855
-1.3824 3.7982 0.4855
-1.3456 3.7998 0.4855
-1.3081 3.7991 0.4855
-1.2670 3.7867 0.4855
-1.2302 3.7862 0.4855
-1.1968 3.7958 0.4855
-1.1601 3.7946 0.4855
-1.1233 3.7921 0.4855
-1.0871 3.7912 0.4855
-1.0502 3.7871 0.4855
-1.0166 3.7942 0.4855
-0.9807 3.7922 0.4855
-0.9442 3.7871 0.4855
-0.9107 3.7932 0.4855
-0.8775 3.8010 0.4855
-0.8337 3.7607 0.4855
-0.7204 3.3893 0.4855
-0.6888 3.3856 0.4855
-0.6594 3.3925 0.4855
-0.6274 3.3853 0.4855
-0.5954 3.3769 0.4855
-0.5653 3.3780 0.4855
-0.5400 3.4095 0.4855
-0.5263 3.5219 0.4855
-0.4946 3.5194 0.4855
-0.4649 3.5315 0.4855
-0.3836 3.1245 0.4855
-0.3496 3.0681 0.4855
-0.3234 3.0771 0.4855
-0.2966 3.0808 0.4855
-0.2701 3.0872 0.4855
-0.2441 3.1014 0.4855
-2.7193 3.7870 0.4855
-2.6317 3.8121 0.4855
-2.7996 3.9895 0.4855
-2.5650 3.9250 0.4855
-2.9495 4.2425 0.4855
-2.9541 4.4121 0.4855
-2.4158 4.1406 0.4855
-2.2932 4.1369 0.4855
-2.1671 4.1285 0.4855
-2.0415 4.1183 0.4855
-1.8849 4.0835 0.4855
-0.3539 3.0471 0.4855
-0.4212 3.1532 0.4855
-1.5684 4.0755 0.4855
-1.4715 4.0757 0.4855
-1.3758 4.0751 0.4855
-0.7156 3.6237 0.4855
-0.6496 3.6356 0.4855
-0.5837 3.6466 0.4855
-0.8168 3.9075 0.4855
-0.4837 3.6928 0.4855
-2.7713 5.7471 0.4855
-2.9091 3.1747 0.9710
-2.8753 3.1933 0.9710
-2.8493 3.2205 0.9710
-2.8434 3.2709 0.9710
-2.8420 3.3275 0.9710
-2.8925 3.4472 0.9710
-2.8903 3.5063 0.9710
-2.8835 3.5609 0.9710
-2.8822 3.6235 0.9710
-2.8801 3.6863 0.9710
-2.8849 3.7597 0.9710
-2.8785 3.8199 0.9710
-2.8754 3.8858 0.9710
-2.8801 3.9642 0.9710
-2.8762 4.0323 0.9710
-2.8725 4.1023 0.9710
-2.8683 4.1734 0.9710
-2.8457 4.2190 0.9710
-2.7834 4.2053 0.9710
-2.7150 4.1808 0.9710
-2.6596 4.1748 0.9710
-2.5955 4.1537 0.9710
-2.5456 4.1541 0.9710
-2.4763 4.1213 0.9710
-2.4144 4.0988 0.9710
-2.3585 4.0850 0.9710
-2.3095 4.0820 0.9710
-2.2471 4.0539 0.9710
-2.1992 4.0505 0.9710
-2.1563 4.0554 0.9710
-2.1130 4.0590 0.9710
-2.0607 4.0443 0.9710
-2.0061 4.0236 0.9710
-1.9604 4.0194 0.9710
-1.9188 4.0228 0.9710
-1.8768 4.0249 0.9710
-1.8392 4.0357 0.9710
-1.7900 4.0205 0.9710
-1.7501 4.0250 0.9710
-1.7079 4.0235 0.9710
-1.6696 4.0309 0.9710
-1.6299 4.0342 0.9710
-1.5899 4.0362 0.9710
-1.5564 4.0545 0.9710
-1.5097 4.0380 0.9710
-1.4768 4.0576 0.9710
-1.4354 4.0534 0.9710
-1.4016 4.0705 0.9710
-1.3562 4.0531 0.9710
-1.3257 4.0800 0.9710
-1.2897 4.0905 0.9710
-1.2549 4.1045 0.9710
-1.2173 4.1095 0.9710
-1.1753 4.0988 0.9710
-1.1416 4.1166 0.9710
-1.1054 4.1255 0.9710
-1.0711 4.1417 0.9710
-1.0306 4.1335 0.9710
-0.9987 4.1598 0.9710
-0.9565 4.1430 0.9710
-0.9227 4.1619 0.9710
-0.8832 4.1552 0.9710
-0.8515 4.1853 0.9710
-0.8125 4.1798 0.9710
-0.7767 4.1906 0.9710
-0.7385 4.1884 0.9710
-0.7048 4.2114 0.9710
-0.5190 3.2771 0.9710
-0.4687 3.1362 0.9710
-0.4385 3.1203 0.9710
-0.4125 3.1330 0.9710
-0.3771 3.0709 0.9710
-0.3471 3.0463 0.9710
-0.3222 3.0651 0.9710
-0.2954 3.0678 0.9710
-0.2679 3.0623 0.9710
-0.2421 3.0765 0.9710
-0.4141 5.9215 0.9710
-2.9492 3.0940 0.9710
-2.9339 3.2310 0.9710
-2.9468 3.3101 0.9710
-2.9534 3.3871 0.9710
-2.8265 3.3968 0.9710
-2.9607 3.5402 0.9710
-2.9568 3.6903 0.9710
-2.9583 3.8463 0.9710
-2.9351 4.0709 0.9710
-2.9469 4.2409 0.9710
-2.4710 4.0984 0.9710
-2.2515 4.0319 0.9710
-2.1564 4.0446 0.9710
-2.0327 4.0362 0.9710
-1.8793 4.0047 0.9710
-0.4186 3.0377 0.9710
-0.3175 3.0206 0.9710
-0.4839 3.1996 0.9710
-0.4846 3.2588 0.9710
-1.4406 4.0519 0.9710
-0.4830 3.3775 0.9710
-0.4831 3.4388 0.9710
-1.2464 4.1189 0.9710
-0.4510 3.5372 0.9710
-1.0872 4.1344 0.9710
-0.4510 3.6648 0.9710
-0.4513 3.7304 0.9710
-0.4515 3.7968 0.9710
-0.4517 3.8642 0.9710
-0.4524 3.9333 0.9710
-0.4530 4.0033 0.9710
-0.4542 4.0751 0.9710
-0.4552 4.1478 0.9710
-0.4566 4.2223 0.9710
-2.9091 3.1747 1.4566
-2.8793 3.1978 1.4566
-2.8532 3.2250 1.4566
-2.8480 3.2762 1.4566
-2.8465 3.3329 1.4566
-2.8970 3.4526 1.4566
-2.8910 3.5070 1.4566
-2.8873 3.5655 1.4566
-2.8885 3.6313 1.4566
-2.8899 3.6989 1.4566
-2.8867 3.7621 1.4566
-2.8839 3.8271 1.4566
-2.8849 3.8987 1.4566
-2.8825 3.9674 1.4566
-2.8402 3.9818 1.4566
-2.7841 3.9762 1.4566
-2.7369 3.9822 1.4566
-2.6830 3.9777 1.4566
-2.6272 3.9693 1.4566
-2.5707 3.9585 1.4566
-2.5189 3.9538 1.4566
-2.4562 3.9307 1.4566
-2.3904 3.9008 1.4566
-2.3372 3.8898 1.4566
-2.2799 3.8704 1.4566
-2.2315 3.8651 1.4566
-2.1849 3.8618 1.4566
-2.1429 3.8658 1.4566
-2.0900 3.8492 1.4566
-2.0389 3.8346 1.4566
-1.9957 3.8337 1.4566
-1.9449 3.8171 1.4566
-1.9004 3.8115 1.4566
-1.8556 3.8046 1.4566
-1.8168 3.8089 1.4566
-1.7720 3.8001 1.4566
-1.7305 3.7973 1.4566
-1.6924 3.8013 1.4566
-1.6584 3.8141 1.4566
-1.6208 3.8183 1.4566
-1.5797 3.8138 1.4566
-1.5445 3.8228 1.4566
-1.5096 3.8324 1.4566
-1.4711 3.8323 1.4566
-1.4337 3.8347 1.4566
-1.4026 3.8537 1.4566
-1.3629 3.8488 1.4566
-1.3244 3.8464 1.4566
-1.2902 3.8559 1.4566
-1.2543 3.8603 1.4566
-1.2227 3.8778 1.4566
-1.1826 3.8683 1.4566
-1.1514 3.8871 1.4566
-1.1158 3.8912 1.4566
-1.0831 3.9056 1.4566
-1.0454 3.9014 1.4566
-1.0148 3.9239 1.4566
-0.9778 3.9219 1.4566
-0.9443 3.9332 1.4566
-0.9066 3.9267 1.4566
-0.8733 3.9394 1.4566
-0.8391 3.9478 1.4566
-0.8033 3.9481 1.4566
-0.7699 3.9609 1.4566
-0.7339 3.9596 1.4566
-0.7014 3.9776 1.4566
-0.6678 3.9905 1.4566
-0.5313 3.3542 1.4566
-0.4693 3.1401 1.4566
-0.4394 3.1263 1.4566
-0.4118 3.1280 1.4566
-0.3766 3.0670 1.4566
-0.3491 3.0642 1.4566
-0.3221 3.0641 1.4566
-0.2957 3.0708 1.4566
-0.2705 3.0922 1.4566
-0.2450 3.1134 1.4566
-0.2169 3.1024 1.4566
-2.9492 3.0940 1.4566
-2.9002 3.1430 1.4566
-2.9610 3.2439 1.4566
-2.8210 3.3211 1.4566
-2.9554 3.5375 1.4566
-2.9533 3.6884 1.4566
-2.9566 3.8453 1.4566
-2.9282 4.0667 1.4566
-2.5667 3.9261 1.4566
-2.3202 3.8493 1.4566
-2.2012 3.8487 1.4566
-2.0466 3.8228 1.4566
-1.8946 3.7957 1.4566
-1.8024 3.8059 1.4566
-1.7097 3.8142 1.4566
-1.6172 3.8212 1.4566
-0.4186 3.0377 1.4566
-0.3556 3.0483 1.4566
-0.2822 3.0503 1.4566
-1.3032 3.8757 1.4566
-0.4862 3.3196 1.4566
-0.4830 3.3775 1.4566
-0.4823 3.4381 1.4566
-0.4825 3.5003 1.4566
-0.4826 3.5633 1.4566
-0.8827 3.9628 1.4566
-0.4510 3.6648 1.4566
-0.4513 3.7304 1.4566
-0.4515 3.7968 1.4566
-0.4517 3.8642 1.4566
-0.4524 3.9333 1.4566
-0.4530 4.0033 1.4566
-0.4535 4.0744 1.4566
-2.9449 3.1580 1.9421
-2.9111 3.1769 1.9421
-2.8826 3.2015 1.9421
-2.8632 3.2362 1.9421
-2.8565 3.2860 1.9421
-2.8621 3.3511 1.9421
-2.9009 3.4572 1.9421
-2.8980 3.5155 1.9421
-2.8905 3.5694 1.9421
-2.8934 3.6376 1.9421
-2.9016 3.7139 1.9421
-2.8934 3.7708 1.9421
-2.8490 3.7807 1.9421
-2.8052 3.7910 1.9421
-2.7520 3.7878 1.9421
-2.6985 3.7832 1.9421
-2.6396 3.7697 1.9421
-2.5851 3.7613 1.9421
-2.5404 3.7663 1.9421
-2.4832 3.7517 1.9421
-2.4351 3.7497 1.9421
-2.3743 3.7269 1.9421
-2.3168 3.7077 1.9421
-2.2561 3.6817 1.9421
-2.2013 3.6635 1.9421
-2.1499 3.6499 1.9421
-2.1025 3.6416 1.9421
-2.0480 3.6198 1.9421
-1.9998 3.6078 1.9421
-1.9544 3.5996 1.9421
-1.9159 3.6033 1.9421
-1.8738 3.5995 1.9421
-1.8287 3.5890 1.9421
-1.7866 3.5833 1.9421
-1.7517 3.5916 1.9421
-1.7156 3.5968 1.9421
-1.6765 3.5953 1.9421
-1.6339 3.5852 1.9421
-1.6042 3.6030 1.9421
-1.5651 3.5995 1.9421
-1.5301 3.6047 1.9421
-1.4951 3.6096 1.9421
-1.4613 3.6169 1.9421
-1.4220 3.6100 1.9421
-1.3908 3.6232 1.9421
-1.3525 3.6174 1.9421
-1.3260 3.6432 1.9421
-1.2888 3.6395 1.9421
-1.2616 3.6639 1.9421
-1.2238 3.6577 1.9421
-1.1925 3.6701 1.9421
-1.1574 3.6709 1.9421
-1.1259 3.6827 1.9421
-1.0918 3.6857 1.9421
-1.0618 3.7028 1.9421
-1.0262 3.7003 1.9421
-0.9928 3.7053 1.9421
-0.9617 3.7187 1.9421
-0.9299 3.7298 1.9421
-0.8969 3.7358 1.9421
-0.8629 3.7377 1.9421
-0.8294 3.7412 1.9421
-0.7994 3.7610 1.9421
-0.7664 3.7668 1.9421
-0.7339 3.7753 1.9421
-0.7018 3.7865 1.9421
-0.6689 3.7935 1.9421
-0.6368 3.8051 1.9421
-0.5625 3.5517 1.9421
-0.4693 3.1401 1.9421
-0.4399 3.1302 1.9421
-0.4106 3.1191 1.9421
-0.3784 3.0819 1.9421
-0.3512 3.0821 1.9421
-0.3262 3.1039 1.9421
-0.2984 3.0987 1.9421
-0.2702 3.0882 1.9421
-0.2439 3.0994 1.9421
-0.2211 3.1613 1.9421
-0.1940 3.1711 1.9421
-2.9492 3.0940 1.9421
-2.9002 3.1430 1.9421
-2.9818 3.3272 1.9421
-2.9492 3.5342 1.9421
-2.9480 3.6856 1.9421
-2.9496 3.8414 1.9421
-2.6561 3.7505 1.9421
-2.4516 3.7060 1.9421
-2.2125 3.6367 1.9421
-2.0321 3.5984 1.9421
-1.8835 3.5764 1.9421
-1.7930 3.5886 1.9421
-1.6709 3.5788 1.9421
-1.5794 3.5870 1.9421
-1.5172 3.6135 1.9421
-1.4237 3.6176 1.9421
-1.3608 3.6416 1.9421
-0.4862 3.0859 1.9421
-0.3499 3.0441 1.9421
-0.5201 3.2263 1.9421
-1.0748 3.7036 1.9421
-0.4854 3.3190 1.9421
-2.8746 5.2461 1.9421
-0.4526 3.4145 1.9421
-0.8151 3.7696 1.9421
-0.4510 3.5372 1.9421
-0.4506 3.6003 1.9421
-0.4510 3.6648 1.9421
-0.4513 3.7304 1.9421
-0.5182 3.8558 1.9421
-0.4517 3.8642 1.9421
-2.9715 3.1865 2.4276
-2.9104 3.1762 2.4276
-2.8826 3.2015 2.4276
-2.8605 3.2332 2.4276
-2.8611 3.2913 2.4276
-2.8745 3.3656 2.4276
-2.9035 3.4602 2.4276
-2.9031 3.5217 2.4276
-2.8924 3.5718 2.4276
-2.9022 3.6485 2.4276
-2.8850 3.6926 2.4276
-2.8283 3.6859 2.4276
-2.7738 3.6809 2.4276
-2.7195 3.6752 2.4276
-2.6562 3.6559 2.4276
-2.5992 3.6440 2.4276
-2.5346 3.6198 2.4276
-2.4837 3.6138 2.4276
-2.4286 3.6005 2.4276
-2.3739 3.5865 2.4276
-2.3272 3.5836 2.4276
-2.2771 3.5743 2.4276
-2.2188 3.5508 2.4276
-2.1668 3.5359 2.4276
-2.1168 3.5230 2.4276
-2.0616 3.4999 2.4276
-2.0070 3.4762 2.4276
-1.9638 3.4710 2.4276
-1.9160 3.4565 2.4276
-1.8604 3.4265 2.4276
-1.8286 3.4391 2.4276
-1.7851 3.4292 2.4276
-1.7392 3.4134 2.4276
-1.6960 3.4016 2.4276
-1.6698 3.4235 2.4276
-1.6303 3.4181 2.4276
-1.5903 3.4104 2.4276
-1.5563 3.4151 2.4276
-1.5297 3.4358 2.4276
-1.4925 3.4326 2.4276
-1.4547 3.4270 2.4276
-1.4251 3.4405 2.4276
-1.3962 3.4556 2.4276
-1.3539 3.4370 2.4276
-1.3242 3.4496 2.4276
-1.2916 3.4544 2.4276
-1.2573 3.4543 2.4276
-1.2331 3.4821 2.4276
-1.2010 3.4880 2.4276
-1.1651 3.4822 2.4276
-1.1378 3.5018 2.4276
-1.1108 3.5230 2.4276
-1.0771 3.5230 2.4276
-1.0469 3.5342 2.4276
-1.0179 3.5499 2.4276
-0.9853 3.5529 2.4276
-0.9483 3.5392 2.4276
-0.9211 3.5618 2.4276
-0.8922 3.5785 2.4276
-0.8616 3.5890 2.4276
-0.8271 3.5828 2.4276
-0.7989 3.6035 2.4276
-0.7691 3.6182 2.4276
-0.7385 3.6296 2.4276
-0.7085 3.6448 2.4276
-0.6768 3.6518 2.4276
-0.6437 3.6507 2.4276
-0.6145 3.6719 2.4276
-0.5752 3.6317 2.4276
-0.4693 3.1401 2.4276
-0.4399 3.1302 2.4276
-0.4082 3.1002 2.4276
-0.3789 3.0858 2.4276
-0.3521 3.0900 2.4276
-0.3273 3.1138 2.4276
-0.2998 3.1136 2.4276
-0.2723 3.1121 2.4276
-0.2465 3.1323 2.4276
-0.2204 3.1513 2.4276
-0.1932 3.1581 2.4276
-2.9510 3.0949 2.4276
-2.9011 3.1434 2.4276
-2.9765 3.3246 2.4276
-2.9771 3.4735 2.4276
-2.9755 3.6239 2.4276
-2.6663 3.6065 2.4276
-2.4649 3.5671 2.4276
-2.2611 3.5225 2.4276
-1.9364 3.4025 2.4276
-1.8182 3.3998 2.4276
-1.6979 3.3936 2.4276
-1.5765 3.3846 2.4276
-1.5147 3.4113 2.4276
-1.4218 3.4171 2.4276
-1.3601 3.4419 2.4276
-1.2975 3.4653 2.4276
-1.2012 3.4647 2.4276
-2.9327 4.7423 2.4276
-0.4854 3.0853 2.4276
-0.3879 3.0718 2.4276
-0.3184 3.0770 2.4276
-0.9127 3.5814 2.4276
-0.4854 3.3190 2.4276
-0.4822 3.3769 2.4276
-0.7148 3.6230 2.4276
-0.4514 3.4751 2.4276
-0.4510 3.5372 2.4276
-0.4514 3.6009 2.4276
-0.4510 3.6648 2.4276
-0.4513 3.7304 2.4276
-2.8437 5.9132 2.4276
-2.9565 3.1704 2.9131
-2.9199 3.1865 2.9131
-2.8813 3.2000 2.9131
-2.8698 3.2437 2.9131
-2.8676 3.2988 2.9131
-2.8823 3.3747 2.9131
-2.9054 3.4625 2.9131
-2.9037 3.5225 2.9131
-2.9031 3.5850 2.9131
-2.9065 3.6540 2.9131
-2.8653 3.6674 2.9131
-2.8167 3.6708 2.9131
-2.7533 3.6538 2.9131
-2.6951 3.6423 2.9131
-2.6250 3.6131 2.9131
-2.5725 3.6065 2.9131
-2.5082 3.5822 2.9131
-2.4627 3.5833 2.9131
-2.3956 3.5516 2.9131
-2.3474 3.5465 2.9131
-2.2908 3.5274 2.9131
-2.2459 3.5254 2.9131
-2.1917 3.5075 2.9131
-2.1464 3.5026 2.9131
-2.0880 3.4750 2.9131
-2.0296 3.4457 2.9131
-1.9765 3.4234 2.9131
-1.9254 3.4031 2.9131
-1.8733 3.3795 2.9131
-1.8375 3.3843 2.9131
-1.7915 3.3693 2.9131
-1.7417 3.3458 2.9131
-1.7061 3.3484 2.9131
-1.6701 3.3497 2.9131
-1.6303 3.3426 2.9131
-1.5920 3.3378 2.9131
-1.5582 3.3416 2.9131
-1.5215 3.3386 2.9131
-1.4821 3.3290 2.9131
-1.4542 3.3445 2.9131
-1.4176 3.3396 2.9131
-1.3937 3.3648 2.9131
-1.3598 3.3657 2.9131
-1.3260 3.3663 2.9131
-1.2919 3.3656 2.9131
-1.2639 3.3804 2.9131
-1.2361 3.3960 2.9131
-1.2074 3.4095 2.9131
-1.1685 3.3935 2.9131
-1.1442 3.4197 2.9131
-1.1140 3.4286 2.9131
-1.0837 3.4372 2.9131
-1.0505 3.4360 2.9131
-1.0230 3.4537 2.9131
-0.9962 3.4740 2.9131
-0.9666 3.4855 2.9131
-0.9343 3.4870 2.9131
-0.9039 3.4950 2.9131
-0.8729 3.5008 2.9131
-0.8462 3.5248 2.9131
-0.8132 3.5223 2.9131
-0.7859 3.5449 2.9131
-0.7547 3.5507 2.9131
-0.7247 3.5620 2.9131
-0.6947 3.5741 2.9131
-0.6663 3.5948 2.9131
-0.6361 3.6074 2.9131
-0.6057 3.6197 2.9131
-0.5718 3.6100 2.9131
-0.4727 3.1629 2.9131
-0.4402 3.1322 2.9131
-0.4097 3.1121 2.9131
-0.3779 3.0779 2.9131
-0.3536 3.1039 2.9131
-0.3267 3.1079 2.9131
-0.2995 3.1106 2.9131
-0.2730 3.1201 2.9131
-0.2468 3.1353 2.9131
-0.2208 3.1583 2.9131
-0.1935 3.1631 2.9131
-2.9501 3.0944 2.9131
-2.9020 3.1439 2.9131
-2.9711 3.3220 2.9131
-2.9726 3.4712 2.9131
-2.9719 3.6220 2.9131
-2.6870 3.5439 2.9131
-2.4870 3.5071 2.9131
-2.2577 3.4499 2.9131
-1.9347 3.3340 2.9131
-1.7580 3.2975 2.9131
-1.6373 3.2911 2.9131
-1.5470 3.3011 2.9131
-1.4544 3.3083 2.9131
-1.3924 3.3334 2.9131
-1.2977 3.3365 2.9131
-1.2334 3.3580 2.9131
-1.1707 3.3798 2.9131
-1.1056 3.3990 2.9131
-2.9147 4.7297 2.9131
-0.4854 3.0853 2.9131
-0.3871 3.0712 2.9131
-0.5193 3.2257 2.9131
-0.2826 3.1066 2.9131
-0.4846 3.3184 2.9131
-0.7155 3.5591 2.9131
-0.4518 3.4139 2.9131
-0.4506 3.4745 2.9131
-0.4510 3.5372 2.9131
-0.4510 3.6648 2.9131
-2.8158 5.7858 2.9131
-2.9585 3.1726 3.3986
-2.9199 3.1865 3.3986
-2.8786 3.1970 3.3986
-2.8698 3.2437 3.3986
-2.8722 3.3041 3.3986
-2.8861 3.3792 3.3986
-2.9099 3.4679 3.3986
-2.9069 3.5263 3.3986
-2.9112 3.5951 3.3986
-2.9059 3.6532 3.3986
-2.9016 3.7139 3.3986
-2.8539 3.7192 3.3986
-2.8021 3.7184 3.3986
-2.7386 3.7010 3.3986
-2.6685 3.6729 3.3986
-2.6132 3.6635 3.3986
-2.5622 3.6592 3.3986
-2.5120 3.6550 3.3986
-2.4571 3.6428 3.3986
-2.4015 3.6282 3.3986
-2.3567 3.6289 3.3986
-2.3029 3.6148 3.3986
-2.2458 3.5940 3.3986
-2.1809 3.5589 3.3986
-2.1302 3.5452 3.3986
-2.0601 3.4974 3.3986
-2.0105 3.4823 3.3986
-1.9579 3.4605 3.3986
-1.9131 3.4512 3.3986
-1.8638 3.4327 3.3986
-1.8145 3.4126 3.3986
-1.7699 3.3999 3.3986
-1.7352 3.4054 3.3986
-1.6911 3.3918 3.3986
-1.6588 3.4010 3.3986
-1.6170 3.3901 3.3986
-1.5874 3.4041 3.3986
-1.5510 3.4033 3.3986
-1.5192 3.4121 3.3986
-1.4829 3.4105 3.3986
-1.4539 3.4252 3.3986
-1.4217 3.4322 3.3986
-1.3849 3.4278 3.3986
-1.3539 3.4370 3.3986
-1.3242 3.4496 3.3986
-1.2863 3.4404 3.3986
-1.2597 3.4609 3.3986
-1.2257 3.4614 3.3986
-1.1974 3.4776 3.3986
-1.1670 3.4879 3.3986
-1.1341 3.4904 3.3986
-1.1012 3.4925 3.3986
-1.0742 3.5135 3.3986
-1.0415 3.5160 3.3986
-1.0066 3.5105 3.3986
-0.9757 3.5182 3.3986
-0.9491 3.5421 3.3986
-0.9176 3.5483 3.3986
-0.8888 3.5649 3.3986
-0.8560 3.5657 3.3986
-0.8276 3.5847 3.3986
-0.7987 3.6025 3.3986
-0.7639 3.5937 3.3986
-0.7357 3.6159 3.3986
-0.7050 3.6271 3.3986
-0.6730 3.6312 3.3986
-0.6432 3.6477 3.3986
-0.6153 3.6769 3.3986
-0.5840 3.6870 3.3986
-0.4715 3.1550 3.3986
-0.4399 3.1302 3.3986
-0.4108 3.1201 3.3986
-0.3777 3.0759 3.3986
-0.3525 3.0940 3.3986
-0.3254 3.0959 3.3986
-0.2995 3.1106 3.3986
-0.2731 3.1221 3.3986
-0.2468 3.1353 3.3986
-0.2195 3.1383 3.3986
-0.1920 3.1391 3.3986
-2.9747 3.1056 3.3986
-2.9038 3.1447 3.3986
-2.9971 3.2611 3.3986
-2.9691 3.4694 3.3986
-2.9684 3.6201 3.3986
-2.6366 3.5900 3.3986
-2.4353 3.5504 3.3986
-2.0239 3.3855 3.3986
-1.8175 3.3325 3.3986
-1.6973 3.3271 3.3986
-1.6075 3.3382 3.3986
-1.4840 3.3268 3.3986
-1.4219 3.3522 3.3986
-1.3598 3.3768 3.3986
-1.2976 3.4005 3.3986
-1.2345 3.4228 3.3986
-1.1377 3.4211 3.3986
-1.0733 3.4403 3.3986
-0.5196 3.1097 3.3986
-0.3903 3.0735 3.3986
-0.5185 3.2251 3.3986
-0.2858 3.1090 3.3986
-0.4862 3.3196 3.3986
-2.8865 5.2553 3.3986
-0.4518 3.4139 3.3986
-0.4514 3.4751 3.3986
-0.4510 3.5372 3.3986
-0.4506 3.6003 3.3986
-0.4510 3.6648 3.3986
-2.9483 3.1616 3.8841
-2.9165 3.1828 3.8841
-2.8866 3.2059 3.8841
-2.8678 3.2415 3.8841
-2.8703 3.3019 3.8841
-2.8933 3.3876 3.8841
-2.9067 3.4641 3.8841
-2.9126 3.5333 3.8841
-2.9075 3.5904 3.8841
-2.9034 3.6501 3.8841
-2.9078 3.7218 3.8841
-2.9038 3.7843 3.8841
-2.8725 3.8119 3.8841
-2.7986 3.7821 3.8841
-2.7209 3.7449 3.8841
-2.6480 3.7124 3.8841
-2.5731 3.6747 3.8841
-2.5171 3.6624 3.8841
-2.4571 3.6428 3.8841
-2.3899 3.6107 3.8841
-2.3305 3.5887 3.8841
-2.2749 3.5709 3.8841
-2.2177 3.5491 3.8841
-2.1584 3.5223 3.8841
-2.1137 3.5178 3.8841
-2.0535 3.4862 3.8841
-2.0115 3.4840 3.8841
-1.9584 3.4614 3.8841
-1.9150 3.4547 3.8841
-1.8666 3.4379 3.8841
-1.8220 3.4267 3.8841
-1.7851 3.4292 3.8841
-1.7442 3.4232 3.8841
-1.7049 3.4195 3.8841
-1.6671 3.4181 3.8841
-1.6372 3.4325 3.8841
-1.5958 3.4222 3.8841
-1.5655 3.4351 3.8841
-1.5310 3.4386 3.8841
-1.5025 3.4555 3.8841
-1.4699 3.4629 3.8841
-1.4354 3.4655 3.8841
-1.4003 3.4658 3.8841
-1.3795 3.5021 3.8841
-1.3421 3.4963 3.8841
-1.3101 3.5041 3.8841
-1.2802 3.5173 3.8841
-1.2504 3.5311 3.8841
-1.2186 3.5391 3.8841
-1.1851 3.5420 3.8841
-1.1576 3.5627 3.8841
-1.1261 3.5717 3.8841
-1.0938 3.5775 3.8841
-1.0625 3.5869 3.8841
-1.0290 3.5884 3.8841
-1.0008 3.6088 3.8841
-0.9693 3.6174 3.8841
-0.9389 3.6306 3.8841
-0.9014 3.6153 3.8841
-0.8717 3.6308 3.8841
-0.8424 3.6490 3.8841
-0.8116 3.6611 3.8841
-0.7803 3.6710 3.8841
-0.7474 3.6737 3.8841
-0.7171 3.6890 3.8841
-0.6834 3.6872 3.8841
-0.6529 3.7029 3.8841
-0.6191 3.6996 3.8841
-0.5866 3.7038 3.8841
-0.4705 3.1480 3.8841
-0.4396 3.1283 3.8841
-0.4114 3.1250 3.8841
-0.3789 3.0858 3.8841
-0.3512 3.0821 3.8841
-0.3244 3.0860 3.8841
-0.2991 3.1066 3.8841
-0.2722 3.1111 3.8841
-0.2446 3.1084 3.8841
-0.2172 3.1064 3.8841
-0.1929 3.1531 3.8841
-2.9501 3.0944 3.8841
-2.9066 3.1460 3.8841
-2.9953 3.2603 3.8841
-2.9682 3.4689 3.8841
-2.9658 3.6187 3.8841
-2.9707 3.7752 3.8841
-2.5867 3.6361 3.8841
-2.1728 3.4715 3.8841
-1.9665 3.4203 3.8841
-1.8182 3.3998 3.8841
-1.7286 3.4124 3.8841
-1.6070 3.4037 3.8841
-1.5147 3.4113 3.8841
-1.4537 3.4378 3.8841
-1.3910 3.4623 3.8841
-1.3282 3.4860 3.8841
-1.2655 3.5089 3.8841
-1.2019 3.5304 3.8841
-0.4854 3.0853 3.8841
-0.3903 3.0735 3.8841
-0.3184 3.0770 3.8841
-0.2498 3.0819 3.8841
-0.4862 3.3196 3.8841
-0.8471 3.6620 3.8841
-0.4518 3.4139 3.8841
-0.4514 3.4751 3.8841
-0.4510 3.5372 3.8841
-0.4514 3.6009 3.8841
-0.5506 3.7499 3.8841
-0.4513 3.7304 3.8841
-2.8482 5.9172 3.8841
-2.9558 3.1697 4.3697
-2.9172 3.1836 4.3697
-2.8813 3.2000 4.3697
-2.8685 3.2422 4.3697
-2.8689 3.3003 4.3697
-2.8881 3.3815 4.3697
-2.9157 3.4748 4.3697
-2.9081 3.5279 4.3697
-2.9100 3.5935 4.3697
-2.9059 3.6532 4.3697
-2.9096 3.7241 4.3697
-2.8965 3.7748 4.3697
-2.8273 3.7520 4.3697
-2.7505 3.7170 4.3697
-2.6633 3.6657 4.3697
-2.5923 3.6342 4.3697
-2.5180 3.5961 4.3697
-2.4520 3.5676 4.3697
-2.3833 3.5334 4.3697
-2.3220 3.5082 4.3697
-2.2646 3.4872 4.3697
-2.2121 3.4722 4.3697
-2.1451 3.4329 4.3697
-2.1041 3.4336 4.3697
-2.0432 3.4004 4.3697
-1.9982 3.3922 4.3697
-1.9470 3.3723 4.3697
-1.9012 3.3604 4.3697
-1.8544 3.3454 4.3697
-1.8208 3.3536 4.3697
-1.7798 3.3473 4.3697
-1.7436 3.3494 4.3697
-1.7106 3.3573 4.3697
-1.6706 3.3506 4.3697
-1.6452 3.3732 4.3697
-1.6131 3.3820 4.3697
-1.5751 3.3778 4.3697
-1.5451 3.3905 4.3697
-1.5135 3.3993 4.3697
-1.4833 3.4115 4.3697
-1.4441 3.4022 4.3697
-1.4144 3.4147 4.3697
-1.3883 3.4361 4.3697
-1.3564 3.4435 4.3697
-1.3224 3.4449 4.3697
-1.2912 3.4535 4.3697
-1.2580 3.4562 4.3697
-1.2284 3.4689 4.3697
-1.1961 3.4738 4.3697
-1.1670 3.4879 4.3697
-1.1319 3.4837 4.3697
-1.1003 3.4897 4.3697
-1.0739 3.5125 4.3697
-1.0432 3.5217 4.3697
-1.0110 3.5259 4.3697
-0.9826 3.5433 4.3697
-0.9499 3.5449 4.3697
-0.9164 3.5434 4.3697
-0.8850 3.5493 4.3697
-0.8579 3.5735 4.3697
-0.8271 3.5828 4.3697
-0.7945 3.5840 4.3697
-0.7641 3.5947 4.3697
-0.7339 3.6071 4.3697
-0.7027 3.6153 4.3697
-0.6724 3.6282 4.3697
-0.6408 3.6339 4.3697
-0.6090 3.6394 4.3697
-0.5710 3.6051 4.3697
-0.4709 3.1510 4.3697
-0.4395 3.1273 4.3697
-0.4134 3.1399 4.3697
-0.3782 3.0799 4.3697
-0.3522 3.0910 4.3697
-0.3250 3.0920 4.3697
-0.2985 3.0997 4.3697
-0.2718 3.1061 4.3697
-0.2445 3.1064 4.3697
-0.2174 3.1094 4.3697
-0.1921 3.1411 4.3697
-2.9510 3.0949 4.3697
-2.9056 3.1455 4.3697
-2.9944 3.2598 4.3697
-2.9673 3.4685 4.3697
-2.9675 3.6196 4.3697
-2.5465 3.5401 4.3697
-2.1385 3.3825 4.3697
-1.8758 3.3000 4.3697
-1.7873 3.3147 4.3697
-1.6982 3.3277 4.3697
-1.6374 3.3565 4.3697
-1.5460 3.3655 4.3697
-1.4843 3.3920 4.3697
-1.4227 3.4176 4.3697
-1.3284 3.4209 4.3697
-1.2652 3.4435 4.3697
-1.2020 3.4653 4.3697
-1.1388 3.4862 4.3697
-0.4854 3.0853 4.3697
-0.3895 3.0729 4.3697
-0.3184 3.0770 4.3697
-0.2538 3.0849 4.3697
-0.4869 3.3202 4.3697
-0.7486 3.5850 4.3697
-0.4526 3.4145 4.3697
-0.4514 3.4751 4.3697
-0.4510 3.5372 4.3697
-0.4506 3.6003 4.3697
-0.4844 3.6934 4.3697
-2.9476 3.1609 4.8552
-2.9152 3.1814 4.8552
-2.8880 3.2074 4.8552
-2.8725 3.2467 4.8552
-2.8716 3.3034 4.8552
-2.8913 3.3853 4.8552
-2.9131 3.4717 4.8552
-2.9081 3.5279 4.8552
-2.9062 3.5889 4.8552
-2.9022 3.6485 4.8552
-2.9115 3.7265 4.8552
-2.8861 3.7613 4.8552
-2.7882 3.7001 4.8552
-2.7124 3.6656 4.8552
-2.6397 3.6333 4.8552
-2.5661 3.5976 4.8552
-2.4910 3.5576 4.8552
-2.4310 3.5371 4.8552
-2.3637 3.5043 4.8552
-2.3209 3.5065 4.8552
-2.2559 3.4738 4.8552
-2.1992 3.4520 4.8552
-2.1478 3.4371 4.8552
-2.0842 3.4012 4.8552
-2.0380 3.3918 4.8552
-1.9804 3.3621 4.8552
-1.9370 3.3550 4.8552
-1.8924 3.3448 4.8552
-1.8408 3.3209 4.8552
-1.7989 3.3131 4.8552
-1.7591 3.3084 4.8552
-1.7168 3.2979 4.8552
-1.6779 3.2932 4.8552
-1.6478 3.3050 4.8552
-1.6123 3.3058 4.8552
-1.5808 3.3143 4.8552
-1.5489 3.3216 4.8552
-1.5128 3.3195 4.8552
-1.4891 3.3445 4.8552
-1.4590 3.3555 4.8552
-1.4254 3.3580 4.8552
-1.3949 3.3675 4.8552
-1.3677 3.3851 4.8552
-1.3337 3.3858 4.8552
-1.3055 3.4010 4.8552
-1.2786 3.4198 4.8552
-1.2415 3.4111 4.8552
-1.2124 3.4237 4.8552
-1.1812 3.4303 4.8552
-1.1505 3.4386 4.8552
-1.1193 3.4447 4.8552
-1.0865 3.4458 4.8552
-1.0604 3.4685 4.8552
-1.0330 3.4872 4.8552
-1.0008 3.4903 4.8552
-0.9693 3.4951 4.8552
-0.9411 3.5121 4.8552
-0.9096 3.5173 4.8552
-0.8799 3.5290 4.8552
-0.8481 3.5326 4.8552
-0.8141 3.5262 4.8552
-0.7876 3.5527 4.8552
-0.7574 3.5634 4.8552
-0.7255 3.5659 4.8552
-0.6955 3.5780 4.8552
-0.6663 3.5948 4.8552
-0.6373 3.6142 4.8552
-0.6046 3.6128 4.8552
-0.5508 3.4777 4.8552
-0.4715 3.1550 4.8552
-0.4412 3.1391 4.8552
-0.4136 3.1419 4.8552
-0.3796 3.0918 4.8552
-0.3503 3.0741 4.8552
-0.3247 3.0890 4.8552
-0.2977 3.0917 4.8552
-0.2717 3.1051 4.8552
-0.2446 3.1084 4.8552
-0.2172 3.1054 4.8552
-0.1921 3.1411 4.8552
-2.9756 3.1061 4.8552
-2.9047 3.1451 4.8552
-2.9935 3.2594 4.8552
-2.9673 3.4685 4.8552
-2.9675 3.6196 4.8552
-2.2237 3.3612 4.8552
-1.9923 3.2997 4.8552
-1.8169 3.2660 4.8552
-1.6977 3.2619 4.8552
-1.6073 3.2731 4.8552
-1.5470 3.3011 4.8552
-1.4866 3.3284 4.8552
-1.4228 3.3527 4.8552
-1.3614 3.3779 4.8552
-1.2650 3.3790 4.8552
-1.2030 3.4016 4.8552
-1.1394 3.4222 4.8552
-1.0749 3.4415 4.8552
-0.4854 3.0853 4.8552
-0.3871 3.0712 4.8552
-0.3175 3.0764 4.8552
-0.2514 3.0831 4.8552
-0.4822 3.3769 4.8552
-0.4823 3.4381 4.8552
-0.4518 3.5379 4.8552
-0.4836 3.6279 4.8552
-2.9578 3.1719 5.3407
-2.9185 3.1850 5.3407
-2.8866 3.2059 5.3407
-2.8678 3.2415 5.3407
-2.8696 3.3011 5.3407
-2.8855 3.3785 5.3407
-2.9144 3.4732 5.3407
-2.9050 3.5240 5.3407
-2.9031 3.5850 5.3407
-2.9071 3.6548 5.3407
-2.9059 3.7194 5.3407
-2.9044 3.7851 5.3407
-2.8731 3.8127 5.3407
-2.7814 3.7588 5.3407
-2.7068 3.7255 5.3407
-2.6190 3.6717 5.3407
-2.5576 3.6526 5.3407
-2.4735 3.5990 5.3407
-2.4129 3.5773 5.3407
-2.3397 3.5348 5.3407
-2.2831 3.5157 5.3407
-2.2212 3.4866 5.3407
-2.1690 3.4711 5.3407
-2.1130 3.4481 5.3407
-2.0545 3.4192 5.3407
-2.0083 3.4095 5.3407
-1.9615 3.3974 5.3407
-1.9072 3.3709 5.3407
-1.8699 3.3734 5.3407
-1.8189 3.3501 5.3407
-1.7821 3.3517 5.3407
-1.7339 3.3307 5.3407
-1.6979 3.3324 5.3407
-1.6621 3.3336 5.3407
-1.6250 3.3318 5.3407
-1.5869 3.3269 5.3407
-1.5527 3.3298 5.3407
-1.5169 3.3286 5.3407
-1.4927 3.3527 5.3407
-1.4618 3.3619 5.3407
-1.4320 3.3737 5.3407
-1.4014 3.3832 5.3407
-1.3688 3.3879 5.3407
-1.3370 3.3942 5.3407
-1.3027 3.3936 5.3407
-1.2678 3.3908 5.3407
-1.2432 3.4158 5.3407
-1.2127 3.4246 5.3407
-1.1812 3.4303 5.3407
-1.1515 3.4415 5.3407
-1.1230 3.4561 5.3407
-1.0910 3.4601 5.3407
-1.0628 3.4762 5.3407
-1.0335 3.4891 5.3407
-1.0019 3.4942 5.3407
-0.9709 3.5009 5.3407
-0.9429 3.5189 5.3407
-0.9121 3.5270 5.3407
-0.8835 3.5435 5.3407
-0.8488 3.5355 5.3407
-0.8199 3.5516 5.3407
-0.7926 3.5752 5.3407
-0.7620 3.5849 5.3407
-0.7299 3.5875 5.3407
-0.6959 3.5800 5.3407
-0.6708 3.6194 5.3407
-0.6408 3.6339 5.3407
-0.6085 3.6364 5.3407
-0.5253 3.3167 5.3407
-0.4711 3.1520 5.3407
-0.4409 3.1372 5.3407
-0.4131 3.1379 5.3407
-0.3779 3.0779 5.3407
-0.3512 3.0821 5.3407
-0.3240 3.0830 5.3407
-0.2959 3.0728 5.3407
-0.2710 3.0972 5.3407
-0.2436 3.0954 5.3407
-0.2183 3.1224 5.3407
-2.9510 3.0949 5.3407
-2.9066 3.1460 5.3407
-2.9944 3.2598 5.3407
-2.9682 3.4689 5.3407
-2.9666 3.6192 5.3407
-2.5176 3.5241 5.3407
-2.1098 3.3662 5.3407
-1.8169 3.2660 5.3407
-1.7278 3.2797 5.3407
-1.6073 3.2731 5.3407
-1.5154 3.2818 5.3407
-1.4535 3.3078 5.3407
-1.3932 3.3339 5.3407
-1.3304 3.3577 5.3407
-1.2667 3.3801 5.3407
-1.2039 3.4021 5.3407
-1.1402 3.4228 5.3407
-1.0749 3.4415 5.3407
-0.4854 3.0853 5.3407
-0.3879 3.0718 5.3407
-0.3224 3.0800 5.3407
-0.5174 3.2835 5.3407
-0.7821 3.5466 5.3407
-0.4830 3.3775 5.3407
-0.4831 3.4388 5.3407
-0.4510 3.5372 5.3407
-0.4836 3.6279 5.3407
-2.9633 3.1777 5.8262
-2.9192 3.1858 5.8262
-2.8853 3.2044 5.8262
-2.8665 3.2400 5.8262
-2.8670 3.2981 5.8262
-2.8874 3.3808 5.8262
-2.9054 3.4625 5.8262
-2.9056 3.5248 5.8262
-2.9031 3.5850 5.8262
-2.9065 3.6540 5.8262
-2.8998 3.7115 5.8262
-2.9038 3.7843 5.8262
-2.8983 3.8462 5.8262
-2.8665 3.8738 5.8262
-2.7873 3.8364 5.8262
-2.6950 3.7783 5.8262
-2.6086 3.7255 5.8262
-2.5534 3.7152 5.8262
-2.4750 3.6693 5.8262
-2.4059 3.6349 5.8262
-2.3409 3.6046 5.8262
-2.2765 3.5734 5.8262
-2.2193 3.5516 5.8262
-2.1694 3.5402 5.8262
-2.1086 3.5092 5.8262
-2.0682 3.5111 5.8262
-2.0080 3.4780 5.8262
-1.9564 3.4579 5.8262
-1.9126 3.4504 5.8262
-1.8695 3.4432 5.8262
-1.8192 3.4214 5.8262
-1.7805 3.4203 5.8262
-1.7361 3.4072 5.8262
-1.7031 3.4160 5.8262
-1.6662 3.4163 5.8262
-1.6273 3.4118 5.8262
-1.5827 3.3941 5.8262
-1.5559 3.4142 5.8262
-1.5208 3.4157 5.8262
-1.4833 3.4115 5.8262
-1.4531 3.4234 5.8262
-1.4251 3.4405 5.8262
-1.3928 3.4473 5.8262
-1.3586 3.4491 5.8262
-1.3242 3.4496 5.8262
-1.2965 3.4676 5.8262
-1.2610 3.4646 5.8262
-1.2331 3.4821 5.8262
-1.2010 3.4880 5.8262
-1.1709 3.4993 5.8262
-1.1369 3.4989 5.8262
-1.1021 3.4954 5.8262
-1.0756 3.5182 5.8262
-1.0435 3.5227 5.8262
-1.0141 3.5365 5.8262
-0.9869 3.5587 5.8262
-0.9558 3.5672 5.8262
-0.9244 3.5744 5.8262
-0.8939 3.5852 5.8262
-0.8633 3.5958 5.8262
-0.8323 3.6052 5.8262
-0.8036 3.6250 5.8262
-0.7741 3.6416 5.8262
-0.7405 3.6394 5.8262
-0.7094 3.6497 5.8262
-0.6821 3.6803 5.8262
-0.6474 3.6714 5.8262
-0.6173 3.6887 5.8262
-0.5131 3.2396 5.8262
-0.4715 3.1550 5.8262
-0.4399 3.1302 5.8262
-0.4134 3.1399 5.8262
-0.3777 3.0759 5.8262
-0.3496 3.0681 5.8262
-0.3227 3.0701 5.8262
-0.2953 3.0668 5.8262
-0.2692 3.0772 5.8262
-0.2440 3.1004 5.8262
-0.2185 3.1244 5.8262
-2.9756 3.1061 5.8262
-2.9056 3.1455 5.8262
-2.9971 3.2611 5.8262
-2.9673 3.4685 5.8262
-2.9702 3.6210 5.8262
-2.9698 3.7747 5.8262
-2.4657 3.5676 5.8262
-2.0533 3.4025 5.8262
-1.8468 3.3498 5.8262
-1.6973 3.3271 5.8262
-1.6067 3.3377 5.8262
-1.5468 3.3660 5.8262
-1.4540 3.3726 5.8262
-1.3598 3.3768 5.8262
-1.2976 3.4005 5.8262
-1.2337 3.4223 5.8262
-1.1707 3.4437 5.8262
-1.1060 3.4633 5.8262
-0.4846 3.0847 5.8262
-0.3523 3.0459 5.8262
-0.5201 3.2263 5.8262
-0.5205 3.2859 5.8262
-0.8138 3.5710 5.8262
-0.4838 3.3781 5.8262
-0.4831 3.4388 5.8262
-0.4833 3.5009 5.8262
-0.4826 3.5633 5.8262
-0.4828 3.6273 5.8262
-0.4837 3.6928 5.8262
-2.9865 3.2026 6.3117
-2.9158 3.1821 6.3117
-2.8826 3.2015 6.3117
-2.8665 3.2400 6.3117
-2.8689 3.3003 6.3117
-2.8790 3.3709 6.3117
-2.9054 3.4625 6.3117
-2.9050 3.5240 6.3117
-2.9049 3.5873 6.3117
-2.8941 3.6383 6.3117
-2.9016 3.7139 6.3117
-2.8928 3.7700 6.3117
-2.9001 3.8486 6.3117
-2.8992 3.9180 6.3117
-2.8725 3.9537 6.3117
-2.7943 3.9175 6.3117
-2.7251 3.8918 6.3117
-2.6293 3.8256 6.3117
-2.5706 3.8111 6.3117
-2.4981 3.7742 6.3117
-2.4275 3.7380 6.3117
-2.3657 3.7135 6.3117
-2.3051 3.6890 6.3117
-2.2488 3.6698 6.3117
-2.1930 3.6498 6.3117
-2.1342 3.6232 6.3117
-2.0785 3.6001 6.3117
-2.0298 3.5876 6.3117
-1.9766 3.5658 6.3117
-1.9416 3.5759 6.3117
-1.8835 3.5424 6.3117
-1.8419 3.5383 6.3117
-1.7960 3.5248 6.3117
-1.7585 3.5269 6.3117
-1.7206 3.5278 6.3117
-1.6846 3.5318 6.3117
-1.6554 3.5500 6.3117
-1.6127 3.5388 6.3117
-1.5916 3.5747 6.3117
-1.5440 3.5509 6.3117
-1.5094 3.5559 6.3117
-1.4772 3.5662 6.3117
-1.4441 3.5743 6.3117
-1.4129 3.5868 6.3117
-1.3826 3.6018 6.3117
-1.3462 3.6006 6.3117
-1.3171 3.6188 6.3117
-1.2775 3.6075 6.3117
-1.2453 3.6166 6.3117
-1.2121 3.6226 6.3117
-1.1804 3.6330 6.3117
-1.1466 3.6365 6.3117
-1.1131 3.6407 6.3117
-1.0830 3.6560 6.3117
-1.0496 3.6605 6.3117
-1.0126 3.6512 6.3117
-0.9848 3.6753 6.3117
-0.9529 3.6848 6.3117
-0.9210 3.6939 6.3117
-0.8880 3.6989 6.3117
-0.8571 3.7123 6.3117
-0.8242 3.7177 6.3117
-0.7928 3.7297 6.3117
-0.7578 3.7247 6.3117
-0.7255 3.7321 6.3117
-0.6965 3.7580 6.3117
-0.6651 3.7718 6.3117
-0.6328 3.7814 6.3117
-0.5043 3.1843 6.3117
-0.4714 3.1540 6.3117
-0.4410 3.1382 6.3117
-0.4140 3.1449 6.3117
-0.3779 3.0779 6.3117
-0.3488 3.0612 6.3117
-0.3210 3.0542 6.3117
-0.2954 3.0678 6.3117
-0.2701 3.0872 6.3117
-0.2443 3.1044 6.3117
-0.4148 5.9325 6.3117
-2.9747 3.1056 6.3117
-2.9038 3.1447 6.3117
-2.9980 3.2616 6.3117
-2.9682 3.4689 6.3117
-2.9693 3.6206 6.3117
-2.9724 3.7762 6.3117
-2.4742 3.6455 6.3117
-2.0871 3.4914 6.3117
-1.9090 3.4544 6.3117
-1.7584 3.4307 6.3117
-1.6986 3.4609 6.3117
-1.6075 3.4704 6.3117
-1.5468 3.4982 6.3117
-1.4535 3.5037 6.3117
-1.3912 3.5285 6.3117
-1.2968 3.5304 6.3117
-1.2338 3.5527 6.3117
-0.4854 3.0853 6.3117
-0.3548 3.0477 6.3117
-0.5217 3.2275 6.3117
-0.5205 3.2859 6.3117
-0.9122 3.6465 6.3117
-0.4846 3.3788 6.3117
-0.4831 3.4388 6.3117
-0.4840 3.5015 6.3117
-0.4834 3.5639 6.3117
-0.4836 3.6279 6.3117
-0.4837 3.6928 6.3117
-0.4845 3.7592 6.3117
-2.9606 3.1748 6.7972
-2.9152 3.1814 6.7972
-2.8813 3.2000 6.7972
-2.8652 3.2385 6.7972
-2.8604 3.2905 6.7972
-2.8693 3.3595 6.7972
-2.9054 3.4625 6.7972
-2.9050 3.5240 6.7972
-2.9037 3.5858 6.7972
-2.8991 3.6446 6.7972
-2.8955 3.7060 6.7972
-2.8959 3.7740 6.7972
-2.9001 3.8486 6.7972
-2.8932 3.9100 6.7972
-2.8931 3.9820 6.7972
-2.8907 4.0527 6.7972
-2.8421 4.0589 6.7972
-2.7652 4.0234 6.7972
-2.6920 3.9910 6.7972
-2.6096 3.9426 6.7972
-2.5386 3.9090 6.7972
-2.4802 3.8931 6.7972
-2.4127 3.8612 6.7972
-2.3502 3.8352 6.7972
-2.2873 3.8067 6.7972
-2.2327 3.7903 6.7972
-2.1770 3.7707 6.7972
-2.1233 3.7530 6.7972
-2.0745 3.7425 6.7972
-2.0127 3.7069 6.7972
-1.9708 3.7066 6.7972
-1.9246 3.6971 6.7972
-1.8745 3.6790 6.7972
-1.8370 3.6844 6.7972
-1.7978 3.6860 6.7972
-1.7578 3.6853 6.7972
-1.7188 3.6860 6.7972
-1.6874 3.7026 6.7972
-1.6477 3.7008 6.7972
-1.6109 3.7049 6.7972
-1.5805 3.7234 6.7972
-1.5426 3.7242 6.7972
-1.5063 3.7282 6.7972
-1.4759 3.7468 6.7972
-1.4378 3.7455 6.7972
-1.4022 3.7504 6.7972
-1.3718 3.7691 6.7972
-1.3302 3.7564 6.7972
-1.2990 3.7726 6.7972
-1.2626 3.7734 6.7972
-1.2299 3.7852 6.7972
-1.1923 3.7815 6.7972
-1.1604 3.7956 6.7972
-1.1258 3.8008 6.7972
-1.0929 3.8114 6.7972
-1.0580 3.8150 6.7972
-1.0267 3.8318 6.7972
-0.9880 3.8203 6.7972
-0.9539 3.8259 6.7972
-0.9230 3.8448 6.7972
-0.8877 3.8449 6.7972
-0.8526 3.8456 6.7972
-0.8175 3.8461 6.7972
-0.7857 3.8619 6.7972
-0.7520 3.8686 6.7972
-0.7184 3.8760 6.7972
-0.6849 3.8841 6.7972
-0.6496 3.8820 6.7972
-0.5025 3.1725 6.7972
-0.4702 3.1461 6.7972
-0.4394 3.1263 6.7972
-0.4151 3.1528 6.7972
-0.3779 3.0779 6.7972
-0.3481 3.0552 6.7972
-0.3213 3.0572 6.7972
-0.2943 3.0569 6.7972
-0.2669 3.0503 6.7972
-0.2473 3.1423 6.7972
-0.4123 5.8966 6.7972
-2.9501 3.0944 6.7972
-2.9047 3.1451 6.7972
-2.9989 3.2620 6.7972
-2.9709 3.4703 6.7972
-2.9728 3.6224 6.7972
-2.9902 3.7085 6.7972
-2.9748 3.9345 6.7972
-2.3359 3.7108 6.7972
-2.0952 3.6371 6.7972
-1.9437 3.6140 6.7972
-1.7930 3.5886 6.7972
-1.7321 3.6186 6.7972
-1.6720 3.6483 6.7972
-1.5802 3.6560 6.7972
-1.4872 3.6612 6.7972
-1.3936 3.6646 6.7972
-0.4178 3.0371 6.7972
-0.3167 3.0200 6.7972
-0.5507 3.2489 6.7972
-1.1395 3.7523 6.7972
-1.0748 3.7713 6.7972
-0.4846 3.3788 6.7972
-0.4839 3.4394 6.7972
-0.4840 3.5015 6.7972
-0.4834 3.5639 6.7972
-0.4836 3.6279 6.7972
-0.4837 3.6928 6.7972
-0.4845 3.7592 6.7972
-0.4852 3.8266 6.7972
-2.9138 3.1799 7.2828
-2.8840 3.2030 7.2828
-2.8638 3.2370 7.2828
-2.8591 3.2890 7.2828
-2.8634 3.3526 7.2828
-2.9022 3.4587 7.2828
-2.9018 3.5202 7.2828
-2.9018 3.5834 7.2828
-2.8984 3.6438 7.2828
-2.8955 3.7060 7.2828
-2.8947 3.7724 7.2828
-2.8965 3.8438 7.2828
-2.8891 3.9043 7.2828
-2.8896 3.9771 7.2828
-2.8884 4.0494 7.2828
-2.8920 4.1302 7.2828
-2.8853 4.1981 7.2828
-2.8357 4.2040 7.2828
-2.7873 4.2111 7.2828
-2.7041 4.1640 7.2828
-2.6333 4.1335 7.2828
-2.5696 4.1122 7.2828
-2.5080 4.0927 7.2828
-2.4418 4.0638 7.2828
-2.3875 4.0531 7.2828
-2.3045 3.9915 7.2828
-2.2651 4.0036 7.2828
-2.2030 3.9743 7.2828
-2.1453 3.9512 7.2828
-2.0887 3.9282 7.2828
-2.0446 3.9277 7.2828
-1.9967 3.9186 7.2828
-1.9543 3.9198 7.2828
-1.9069 3.9098 7.2828
-1.8568 3.8929 7.2828
-1.8164 3.8953 7.2828
-1.7720 3.8883 7.2828
-1.7258 3.8762 7.2828
-1.6903 3.8874 7.2828
-1.6434 3.8716 7.2828
-1.6107 3.8886 7.2828
-1.5685 3.8821 7.2828
-1.5371 3.9022 7.2828
-1.4962 3.8977 7.2828
-1.4604 3.9059 7.2828
-1.4180 3.8960 7.2828
-1.3850 3.9110 7.2828
-1.3521 3.9267 7.2828
-1.3146 3.9289 7.2828
-1.2793 3.9374 7.2828
-1.2419 3.9389 7.2828
-1.2078 3.9505 7.2828
-1.1679 3.9427 7.2828
-1.1345 3.9566 7.2828
-1.0967 3.9547 7.2828
-1.0627 3.9661 7.2828
-1.0311 3.9868 7.2828
-0.9948 3.9899 7.2828
-0.9588 3.9935 7.2828
-0.9243 4.0037 7.2828
-0.8857 3.9950 7.2828
-0.8522 4.0094 7.2828
-0.8180 4.0206 7.2828
-0.7844 4.0355 7.2828
-0.7512 4.0530 7.2828
-0.7114 4.0348 7.2828
-0.6722 4.0171 7.2828
-0.5014 3.1655 7.2828
-0.4691 3.1391 7.2828
-0.4398 3.1292 7.2828
-0.4132 3.1389 7.2828
-0.3777 3.0759 7.2828
-0.3486 3.0592 7.2828
-0.3207 3.0512 7.2828
-0.2959 3.0728 7.2828
-0.2696 3.0812 7.2828
-0.2602 3.3058 7.2828
-0.4155 5.9425 7.2828
-2.9501 3.0944 7.2828
-2.9020 3.1439 7.2828
-2.9729 3.3229 7.2828
-2.9501 3.5347 7.2828
-2.9711 3.6215 7.2828
-2.9715 3.7757 7.2828
-2.9782 3.9365 7.2828
-2.9547 4.1638 7.2828
-2.4788 3.9484 7.2828
-2.1692 3.8283 7.2828
-2.0173 3.8038 7.2828
-1.8921 3.7940 7.2828
-1.7709 3.7846 7.2828
-1.6479 3.7717 7.2828
-1.5852 3.7988 7.2828
-0.4178 3.0371 7.2828
-0.3564 3.0488 7.2828
-0.5515 3.2495 7.2828
-1.2713 3.8516 7.2828
-1.2073 3.8729 7.2828
-0.4846 3.3788 7.2828
-0.4847 3.4400 7.2828
-0.4840 3.5015 7.2828
-0.4842 3.5646 7.2828
-0.4836 3.6279 7.2828
-0.4844 3.6934 7.2828
-0.4845 3.7592 7.2828
-0.4852 3.8266 7.2828
-0.4858 3.8950 7.2828
-0.4863 3.9644 7.2828
-1.9144 3.1861 7.7683
-1.8855 3.2010 7.7683
-1.8470 3.1991 7.7683
-1.8323 3.2386 7.7683
-1.8350 3.3104 7.7683
-1.8113 3.3360 7.7683
-1.7751 3.3384 7.7683
-1.7366 3.3360 7.7683
-1.6975 3.3315 7.7683
-1.6594 3.3283 7.7683
-1.5961 3.2725 7.7683
-1.5283 3.2042 7.7683
-1.4910 3.1975 7.7683
-1.5128 3.3195 7.7683
-1.5179 3.4094 7.7683
-1.4881 3.4225 7.7683
-1.5918 3.7501 7.7683
-1.8246 4.4051 7.7683
-1.7981 4.4505 7.7683
-1.7365 4.4083 7.7683
-1.6879 4.3972 7.7683
-1.6428 4.3939 7.7683
-1.6020 4.4015 7.7683
-1.5692 4.4314 7.7683
-1.5390 4.4695 7.7683
-1.4916 4.4581 7.7683
-1.4289 4.3977 7.7683
-1.3697 4.3442 7.7683
-1.2885 4.2144 7.7683
-1.2582 4.2476 7.7683
-1.2547 4.3757 7.7683
-1.2296 4.4337 7.7683
-1.2304 4.5920 7.7683
-1.4177 5.4817 7.7683
-1.2890 5.1697 7.7683
-1.2405 5.1672 7.7683
-1.1909 5.1583 7.7683
-1.1506 5.1900 7.7683
-0.7676 3.6113 7.7683
-1.0547 5.1838 7.7683
-0.7379 3.7960 7.7683
-0.7344 3.9625 7.7683
-0.7048 3.9973 7.7683
-0.6940 4.1473 7.7683
-0.7970 5.0323 7.7683
-0.7733 5.1745 7.7683
-0.7280 5.1801 7.7683
-0.6830 5.1882 7.7683
-0.3737 3.0431 7.7683
-0.3431 3.0115 7.7683
-0.3262 3.1039 7.7683
-0.3154 3.2758 7.7683
-0.3294 3.7656 7.7683
-0.4095 5.2029 7.7683
-0.4108 5.8747 7.7683
-2.9510 3.0949 7.7683
-2.7724 3.0834 7.7683
-2.6442 3.0928 7.7683
-2.5127 3.0984 7.7683
-2.3521 3.0872 7.7683
-2.2438 3.0998 7.7683
-2.1047 3.0946 7.7683
-1.9627 3.0854 7.7683
-1.8477 3.0882 7.7683
-1.7305 3.0878 7.7683
-1.6415 3.1013 7.7683
-1.5207 3.0950 7.7683
-1.4289 3.1036 7.7683
-1.3014 3.1507 7.7683
-1.3026 3.2134 7.7683
-0.4520 3.0615 7.7683
-0.3523 3.0459 7.7683
-0.4550 3.1781 7.7683
-2.8924 5.1659 7.7683
-2.7651 5.1605 7.7683
-2.6228 5.1407 7.7683
-2.5466 5.1718 7.7683
-2.9125 5.5663 7.7683
-2.6849 3.3754 8.2538
-2.6768 3.6843 8.2538
-2.6585 3.7270 8.2538
-2.6648 4.0260 8.2538
-2.7074 4.1690 8.2538
-2.6124 4.1006 8.2538
-2.6010 4.2444 8.2538
-2.5500 4.2438 8.2538
-2.5001 4.2444 8.2538
-2.4510 4.2453 8.2538
-2.3996 4.2412 8.2538
-2.3489 4.2375 8.2538
-2.2980 4.2324 8.2538
-2.2553 4.2417 8.2538
-2.2039 4.2337 8.2538
-2.1555 4.2305 8.2538
-2.1078 4.2277 8.2538
-2.0656 4.2351 8.2538
-2.0161 4.2268 8.2538
-1.9715 4.2279 8.2538
-1.9267 4.2277 8.2538
-1.8820 4.2270 8.2538
-1.8358 4.2221 8.2538
-1.7946 4.2279 8.2538
-1.7481 4.2203 8.2538
-1.7060 4.2224 8.2538
-1.6687 4.2362 8.2538
-1.6223 4.2263 8.2538
-1.5752 4.2132 8.2538
-1.5364 4.2211 8.2538
-1.4985 4.2315 8.2538
-1.4572 4.2321 8.2538
-1.4098 4.2134 8.2538
-1.3662 4.2046 8.2538
-1.3270 4.2088 8.2538
-1.2894 4.2173 8.2538
-1.2491 4.2169 8.2538
-1.1976 4.1767 8.2538
-1.1595 4.1812 8.2538
-1.1305 4.2192 8.2538
-1.0919 4.2221 8.2538
-1.0524 4.2208 8.2538
-1.0139 4.2230 8.2538
-0.9720 4.2103 8.2538
-0.9313 4.2010 8.2538
-0.8229 3.8715 8.2538
-0.6779 3.3317 8.2538
-0.6842 3.5201 8.2538
-0.6755 3.6449 8.2538
-0.6633 3.7620 8.2538
-0.6731 4.0221 8.2538
-0.4525 5.1722 8.2538
-0.4103 5.2129 8.2538
-0.4043 5.7819 8.2538
-2.7109 3.2662 8.2538
-2.7169 3.3409 8.2538
-2.6987 3.6244 8.2538
-2.7042 3.7025 8.2538
-2.7156 3.9390 8.2538
-2.6002 4.1823 8.2538
-2.4792 4.1826 8.2538
-2.3562 4.1794 8.2538
-2.2346 4.1750 8.2538
-2.1120 4.1676 8.2538
-2.0184 4.1787 8.2538
-0.7172 3.3110 8.2538
-1.7983 4.1721 8.2538
-1.7033 4.1772 8.2538
-1.6072 4.1798 8.2538
-1.5114 4.1810 8.2538
-0.7156 3.6237 8.2538
-1.3179 4.1768 8.2538
-0.6833 3.7287 8.2538
-1.1217 4.1633 8.2538
-1.0563 4.1818 8.2538
-0.7192 3.9633 8.2538
-0.7526 4.0632 8.2538
-0.7913 4.1700 8.2538
-0.6242 4.1629 8.2538
-3.3142 5.9789 8.7393
-2.8458 5.2413 8.7393
-2.7863 5.2403 8.7393
-2.7174 5.2201 8.7393
-2.6558 5.2124 8.7393
-2.6004 5.2157 8.7393
-2.5456 5.2193 8.7393
-2.4858 5.2115 8.7393
-2.4258 5.2022 8.7393
-2.3733 5.2077 8.7393
-2.3156 5.2008 8.7393
-2.2613 5.2006 8.7393
-2.2084 5.2027 8.7393
-2.0772 5.0148 8.7393
-2.0929 5.1802 8.7393
-2.0421 5.1843 8.7393
-1.9922 5.1898 8.7393
-1.9335 5.1714 8.7393
-1.8873 5.1852 8.7393
-1.8329 5.1760 8.7393
-1.7851 5.1843 8.7393
-1.7322 5.1769 8.7393
-1.6857 5.1880 8.7393
-1.6322 5.1768 8.7393
-1.5844 5.1822 8.7393
-1.5354 5.1834 8.7393
-1.4871 5.1860 8.7393
-1.4356 5.1766 8.7393
-1.3787 5.1455 8.7393
-1.3175 5.0944 8.7393
-1.2880 5.1659 8.7393
-1.2387 5.1594 8.7393
-1.1920 5.1632 8.7393
-1.1502 5.1880 8.7393
-1.1019 5.1842 8.7393
-1.0519 5.1701 8.7393
-1.0040 5.1653 8.7393
-0.9564 5.1601 8.7393
-0.9111 5.1673 8.7393
-0.8635 5.1602 8.7393
-0.8175 5.1617 8.7393
-0.7717 5.1637 8.7393
-0.7265 5.1692 8.7393
-0.6794 5.1605 8.7393
-0.6335 5.1593 8.7393
-0.5883 5.1636 8.7393
-0.5426 5.1626 8.7393
-0.4994 5.1860 8.7393
-0.4531 5.1792 8.7393
-0.4107 5.2179 8.7393
-0.4088 5.8457 8.7393
-2.8964 5.1690 8.7393
-2.8014 5.1888 8.7393
-2.6603 5.1706 8.7393
-2.5528 5.1768 8.7393
-2.4217 5.1618 8.7393
-1.6433 4.6011 8.7393
-2.0912 5.0657 8.7393
-1.5449 4.6810 8.7393
-1.6289 4.8385 8.7393
-2.1542 5.3972 8.7393
-1.7026 5.2597 8.7393
-1.7119 5.3614 8.7393
-1.2712 5.0227 8.7393
-1.5524 5.3924 8.7393
-1.1449 5.1620 8.7393
-1.0384 5.1407 8.7393
-0.9394 5.1253 8.7393
-0.8682 5.1381 8.7393
-0.7924 5.1448 8.7393
-0.6936 5.1244 8.7393
-0.6219 5.1328 8.7393
-0.5496 5.1396 8.7393
-0.4155 5.2551 8.7393
-2.9158 2.1972 9.2248
-2.9394 2.2555 9.2248
-2.9251 2.2853 9.2248
-2.9285 2.3294 9.2248
-2.9252 2.3688 9.2248
-2.9245 2.4107 9.2248
-2.9539 2.4786 9.2248
-2.9260 2.4991 9.2248
-2.9630 2.5757 9.2248
-2.9726 2.6299 9.2248
-2.9644 2.6692 9.2248
-2.9683 2.7199 9.2248
-2.9510 2.7519 9.2248
-2.9465 2.7961 9.2248
-2.9371 2.8363 9.2248
-2.9343 2.8835 9.2248
-2.9401 2.9401 9.2248
-2.9207 2.9721 9.2248
-2.9106 3.0140 9.2248
-2.7988 2.9494 9.2248
-2.9169 3.1280 9.2248
-2.9172 3.1836 9.2248
-2.9281 3.2520 9.2248
-2.9248 3.3059 9.2248
-2.9188 3.3577 9.2248
-2.9186 3.4173 9.2248
-2.9118 3.4702 9.2248
-2.9126 3.5333 9.2248
-2.9037 3.5858 9.2248
-2.9103 3.6587 9.2248
-2.9072 3.7210 9.2248
-2.9050 3.7859 9.2248
-2.8821 3.8247 9.2248
-2.8444 3.8440 9.2248
-2.8978 3.9885 9.2248
-2.8402 3.9818 9.2248
-2.8266 4.0368 9.2248
-2.8768 4.1857 9.2248
-2.8949 4.2919 9.2248
-2.8933 4.3712 9.2248
-2.8882 4.4475 9.2248
-2.8874 4.5324 9.2248
-2.8753 4.6015 9.2248
-2.8293 4.6170 9.2248
-2.8682 4.7736 9.2248
-2.8468 4.8329 9.2248
-2.8630 5.2729 9.2248
-3.1398 5.9052 9.2248
-2.3711 4.5548 9.2248
-2.3381 4.5887 9.2248
-2.2680 4.5490 9.2248
-2.2151 4.5416 9.2248
-2.1616 4.5319 9.2248
-2.1055 4.5152 9.2248
-2.0822 4.5689 9.2248
-2.2619 5.0802 9.2248
-2.2051 5.0713 9.2248
-2.1174 4.9882 9.2248
-2.1147 5.1054 9.2248
-2.1319 5.2766 9.2248
-2.0257 5.1424 9.2248
-2.0345 5.2999 9.2248
-1.9734 5.2781 9.2248
-1.8948 5.2059 9.2248
-1.8386 5.1921 9.2248
-1.7887 5.1947 9.2248
-1.7458 5.2177 9.2248
-0.6817 2.1621 9.2248
-0.6602 2.1593 9.2248
-0.6410 2.1641 9.2248
-0.6224 2.1705 9.2248
-0.6034 2.1759 9.2248
-0.5813 2.1695 9.2248
-0.5619 2.1725 9.2248
-0.5436 2.1803 9.2248
-0.5274 2.1966 9.2248
-0.5268 2.2820 9.2248
-0.5266 2.3753 9.2248
-0.5067 2.3837 9.2248
-0.4940 2.4283 9.2248
-0.4868 2.5041 9.2248
-0.4787 2.5830 9.2248
-0.4725 2.6797 9.2248
-0.4727 2.8247 9.2248
-0.4752 3.0006 9.2248
-0.4770 3.1916 9.2248
-0.4789 3.4075 9.2248
-0.4732 3.5940 9.2248
-0.4564 3.7171 9.2248
-0.4484 3.9355 9.2248
-0.4428 4.2128 9.2248
-0.4363 4.5310 9.2248
-0.4172 4.7688 9.2248
-0.4114 5.2278 9.2248
-0.4165 5.9565 9.2248
-2.9789 2.6175 9.2248
-3.0079 2.6974 9.2248
-2.6549 2.6903 9.2248
-3.0021 2.9043 9.2248
-3.0123 2.9795 9.2248
-3.0038 3.1189 9.2248
-2.9953 3.2603 9.2248
-0.5130 2.1703 9.2248
-0.5616 2.2427 9.2248
-0.5640 2.2926 9.2248
-0.5242 2.3696 9.2248
-0.5244 2.4192 9.2248
-0.5100 2.4611 9.2248
-0.5074 2.5100 9.2248
-0.5017 2.5575 9.2248
-0.5033 2.6097 9.2248
-0.4982 2.6585 9.2248
-0.4969 2.7100 9.2248
-0.5026 2.7666 9.2248
-0.5244 2.8343 9.2248
-0.5287 2.8916 9.2248
-0.5887 2.9872 9.2248
-0.5270 3.0014 9.2248
-0.5564 3.0784 9.2248
-0.6547 3.2061 9.2248
-0.6541 3.2651 9.2248
-0.6841 3.3477 9.2248
-0.6835 3.4087 9.2248
-0.6837 3.4712 9.2248
-0.6832 3.5339 9.2248
-0.6835 3.5981 9.2248
-0.7156 3.6891 9.2248
-0.7164 3.7560 9.2248
-0.7172 3.8239 9.2248
-0.7179 3.8928 9.2248
-0.7517 3.9915 9.2248
-0.8874 4.1825 9.2248
-0.9629 4.3246 9.2248
-0.9656 4.4035 9.2248
-0.9679 4.4835 9.2248
-0.9729 4.5672 9.2248
-1.4874 5.1446 9.2248
-1.3881 5.1377 9.2248
-0.9153 4.7553 9.2248
-1.1129 5.1289 9.2248
-1.0425 5.1451 9.2248
-0.9381 5.1239 9.2248
-0.8662 5.1359 9.2248
-0.7937 5.1463 9.2248
-0.7202 5.1543 9.2248
-2.6868 2.3356 9.7104
-2.6348 2.3311 9.7104
-2.5839 2.3266 9.7104
-2.5266 2.3152 9.7104
-2.4859 2.3181 9.7104
-2.4402 2.3156 9.7104
-2.3925 2.3104 9.7104
-2.3487 2.3081 9.7104
-2.3094 2.3094 9.7104
-2.2646 2.3045 9.7104
-2.2194 2.2983 9.7104
-2.1835 2.3009 9.7104
-2.1401 2.2950 9.7104
-2.1038 2.2959 9.7104
-2.0596 2.2874 9.7104
-2.0236 2.2873 9.7104
-1.9918 2.2913 9.7104
-1.9600 2.2949 9.7104
-1.9155 2.2828 9.7104
-1.8777 2.2778 9.7104
-1.8521 2.2871 9.7104
-1.8165 2.2837 9.7104
-1.7811 2.2797 9.7104
-1.7490 2.2793 9.7104
-1.7140 2.2745 9.7104
-1.6869 2.2797 9.7104
-1.6523 2.2741 9.7104
-1.6260 2.2795 9.7104
-1.5900 2.2707 9.7104
-1.5712 2.2861 9.7104
-1.5372 2.2790 9.7104
-1.5107 2.2823 9.7104
-1.4831 2.2837 9.7104
-1.4561 2.2856 9.7104
-1.4297 2.2880 9.7104
-1.3966 2.2791 9.7104
-1.3700 2.2801 9.7104
-1.3495 2.2911 9.7104
-1.3165 2.2802 9.7104
-1.2906 2.2812 9.7104
-1.2678 2.2871 9.7104
-1.2478 2.2981 9.7104
-1.2192 2.2930 9.7104
-1.1927 2.2911 9.7104
-1.1677 2.2917 9.7104
-1.1472 2.3009 9.7104
-1.1214 2.2991 9.7104
-1.0965 2.2989 9.7104
-1.0675 2.2893 9.7104
-1.0475 2.2986 9.7104
-1.0221 2.2957 9.7104
-0.9973 2.2936 9.7104
-0.9772 2.3022 9.7104
-0.9563 2.3088 9.7104
-0.9324 2.3078 9.7104
-0.9078 2.3046 9.7104
-0.8880 2.3134 9.7104
-0.8668 2.3183 9.7104
-0.8424 2.3145 9.7104
-0.8222 2.3217 9.7104
-0.7996 2.3222 9.7104
-0.7806 2.3329 9.7104
-0.7611 2.3425 9.7104
-0.7560 2.3976 9.7104
-0.7309 2.3908 9.7104
-0.7109 2.3999 9.7104
-0.6847 2.3878 9.7104
-0.6636 2.3927 9.7104
-0.6390 2.3849 9.7104
-0.6197 2.3962 9.7104
-0.5971 2.3947 9.7104
-0.5745 2.3930 9.7104
-0.5561 2.4086 9.7104
-0.5335 2.4066 9.7104
-0.5146 2.4209 9.7104
-0.5054 2.4841 9.7104
-0.4978 2.5611 9.7104
-0.4933 2.6617 9.7104
-0.5015 2.8441 9.7104
-0.4958 2.9628 9.7104
-0.5022 3.1705 9.7104
-0.4901 3.2796 9.7104
-0.4779 3.4006 9.7104
-0.4713 3.5801 9.7104
-0.4610 3.7548 9.7104
-0.4537 3.9822 9.7104
-0.4486 4.2685 9.7104
-0.4410 4.5798 9.7104
-0.4251 4.8584 9.7104
-0.4236 5.3824 9.7104
-0.4185 5.9854 9.7104
-2.6075 2.2200 9.7104
-2.4003 2.2098 9.7104
-2.1778 2.1903 9.7104
-1.9945 2.1814 9.7104
-1.8576 2.1871 9.7104
-1.7127 2.1873 9.7104
-1.5636 2.1832 9.7104
-1.4381 2.1863 9.7104
-1.3388 2.1983 9.7104
-1.2414 2.2095 9.7104
-1.1032 2.2009 9.7104
-1.0065 2.2087 9.7104
-0.8927 2.2069 9.7104
-0.8173 2.2214 9.7104
-0.7465 2.2370 9.7104
-2.9606 3.3907 9.7104
-2.9510 3.5351 9.7104
-2.9462 3.6846 9.7104
-2.9750 3.7776 9.7104
-2.9531 4.0014 9.7104
-2.9658 4.1706 9.7104
-2.9261 4.4784 9.7104
-2.9368 4.6576 9.7104
-2.9124 4.9965 9.7104
-2.9516 5.1178 9.7104
-2.9282 5.4808 9.7104
-2.7301 2.5017 10.1959
-2.6672 2.4872 10.1959
-2.6237 2.4898 10.1959
-2.5774 2.4890 10.1959
-2.5356 2.4917 10.1959
-2.4989 2.4989 10.1959
-2.4532 2.4964 10.1959
-2.4070 2.4925 10.1959
-2.3521 2.4786 10.1959
-2.3058 2.4727 10.1959
-2.2598 2.4662 10.1959
-2.2162 2.4613 10.1959
-2.1813 2.4656 10.1959
-2.1361 2.4573 10.1959
-2.0802 2.4356 10.1959
-2.0254 2.4138 10.1959
-1.9846 2.4075 10.1959
-1.9528 2.4115 10.1959
-1.9136 2.4057 10.1959
-1.8753 2.4003 10.1959
-1.8409 2.3991 10.1959
-1.8079 2.3991 10.1959
-1.7821 2.4084 10.1959
-1.7492 2.4076 10.1959
-1.7148 2.4041 10.1959
-1.6834 2.4042 10.1959
-1.6545 2.4073 10.1959
-1.6211 2.4034 10.1959
-1.5934 2.4074 10.1959
-1.5560 2.3961 10.1959
-1.5259 2.3952 10.1959
-1.4965 2.3949 10.1959
-1.4693 2.3976 10.1959
-1.4370 2.3915 10.1959
-1.4125 2.3979 10.1959
-1.3910 2.4093 10.1959
-1.3714 2.4239 10.1959
-1.3521 2.4393 10.1959
-1.3356 2.4598 10.1959
-1.3028 2.4502 10.1959
-1.2726 2.4446 10.1959
-1.2457 2.4449 10.1959
-1.2195 2.4459 10.1959
-1.1928 2.4456 10.1959
-1.1658 2.4442 10.1959
-1.1394 2.4434 10.1959
-1.1143 2.4451 10.1959
-1.0925 2.4538 10.1959
-1.0698 2.4605 10.1959
-1.0436 2.4587 10.1959
-1.0199 2.4621 10.1959
-0.9976 2.4691 10.1959
-0.9701 2.4628 10.1959
-0.9450 2.4619 10.1959
-0.9186 2.4569 10.1959
-0.8978 2.4667 10.1959
-0.8722 2.4631 10.1959
-0.8468 2.4593 10.1959
-0.8240 2.4628 10.1959
-0.7988 2.4585 10.1959
-0.7776 2.4663 10.1959
-0.7575 2.4778 10.1959
-0.7356 2.4833 10.1959
-0.7139 2.4897 10.1959
-0.6927 2.4977 10.1959
-0.6750 2.5191 10.1959
-0.6567 2.5395 10.1959
-0.6396 2.5655 10.1959
-0.6189 2.5778 10.1959
-0.6031 2.6123 10.1959
-0.5883 2.6536 10.1959
-0.5691 2.6772 10.1959
-0.5443 2.6752 10.1959
-0.5308 2.7309 10.1959
-0.5223 2.8180 10.1959
-0.5112 2.8993 10.1959
-0.5121 3.0604 10.1959
-0.5236 3.3058 10.1959
-0.5197 3.4774 10.1959
-0.5045 3.5897 10.1959
-0.4913 3.7318 10.1959
-0.4721 3.8451 10.1959
-0.4558 4.0001 10.1959
-0.4500 4.2814 10.1959
-0.4454 4.6256 10.1959
-0.4302 4.9172 10.1959
-0.4131 5.2488 10.1959
-0.4067 5.8158 10.1959
-2.5678 2.3958 10.1959
-2.3524 2.3771 10.1959
-2.2254 2.3892 10.1959
-2.0448 2.3776 10.1959
-1.8807 2.3696 10.1959
-1.7373 2.3674 10.1959
-1.5917 2.3618 10.1959
-1.4659 2.3623 10.1959
-1.3750 2.3766 10.1959
-1.2399 2.3688 10.1959
-1.1811 2.3949 10.1959
-1.0737 2.3966 10.1959
-0.9381 2.3823 10.1959
-0.8342 2.3816 10.1959
-0.7363 2.4333 10.1959
-2.9357 3.7558 10.1959
-2.9514 3.8424 10.1959
-2.9488 3.9989 10.1959
-2.9624 4.1685 10.1959
-2.9524 4.4110 10.1959
-2.9343 4.6559 10.1959
-2.9250 4.9151 10.1959
-2.9556 5.1208 10.1959
-2.9156 5.5689 10.1959
-2.9109 5.8684 10.1959
-2.6961 2.6036 10.6814
-2.6240 2.5786 10.6814
-2.5824 2.5824 10.6814
-2.5436 2.5884 10.6814
-2.4917 2.5803 10.6814
-2.4602 2.5925 10.6814
-2.4163 2.5912 10.6814
-2.3700 2.5864 10.6814
-2.3139 2.5698 10.6814
-2.2708 2.5667 10.6814
-2.2313 2.5668 10.6814
-2.1958 2.5709 10.6814
-2.1379 2.5479 10.6814
-2.0952 2.5417 10.6814
-2.0617 2.5459 10.6814
-2.0263 2.5474 10.6814
-1.9812 2.5358 10.6814
-1.9444 2.5340 10.6814
-1.9150 2.5413 10.6814
-1.8790 2.5394 10.6814
-1.8421 2.5355 10.6814
-1.8124 2.5409 10.6814
-1.7827 2.5459 10.6814
-1.7434 2.5367 10.6814
-1.7095 2.5344 10.6814
-1.6801 2.5383 10.6814
-1.6513 2.5428 10.6814
-1.6178 2.5395 10.6814
-1.5850 2.5365 10.6814
-1.5534 2.5349 10.6814
-1.5266 2.5406 10.6814
-1.4932 2.5349 10.6814
-1.4610 2.5305 10.6814
-1.4325 2.5319 10.6814
-1.4059 2.5364 10.6814
-1.3747 2.5319 10.6814
-1.3530 2.5447 10.6814
-1.3317 2.5581 10.6814
-1.3057 2.5625 10.6814
-1.2668 2.5407 10.6814
-1.2410 2.5445 10.6814
-1.2136 2.5444 10.6814
-1.1884 2.5485 10.6814
-1.1632 2.5524 10.6814
-1.1413 2.5634 10.6814
-1.1137 2.5613 10.6814
-1.0913 2.5710 10.6814
-1.0597 2.5582 10.6814
-1.0328 2.5562 10.6814
-1.0049 2.5512 10.6814
-0.9830 2.5608 10.6814
-0.9575 2.5609 10.6814
-0.9276 2.5484 10.6814
-0.9060 2.5583 10.6814
-0.8790 2.5529 10.6814
-0.8548 2.5548 10.6814
-0.8309 2.5574 10.6814
-0.8083 2.5636 10.6814
-0.7879 2.5772 10.6814
-0.7654 2.5840 10.6814
-0.7459 2.6012 10.6814
-0.7256 2.6163 10.6814
-0.7050 2.6312 10.6814
-0.6870 2.6566 10.6814
-0.6663 2.6722 10.6814
-0.6448 2.6857 10.6814
-0.6281 2.7204 10.6814
-0.6078 2.7414 10.6814
-0.5830 2.7427 10.6814
-0.5696 2.7996 10.6814
-0.5574 2.8673 10.6814
-0.5467 2.9498 10.6814
-0.5362 3.0411 10.6814
-0.5280 3.1551 10.6814
-0.5170 3.2643 10.6814
-0.5442 3.8719 10.6814
-0.5079 3.8577 10.6814
-0.4828 3.9325 10.6814
-0.4654 4.0846 10.6814
-0.4664 4.4376 10.6814
-0.4509 4.6823 10.6814
-0.4327 4.9461 10.6814
-0.4242 5.3903 10.6814
-2.6110 2.4763 10.6814
-2.4896 2.4933 10.6814
-2.2942 2.4784 10.6814
-2.0100 2.4232 10.6814
-1.8441 2.4128 10.6814
-1.7293 2.4216 10.6814
-1.6102 2.4266 10.6814
-1.5197 2.4425 10.6814
-1.4338 2.4592 10.6814
-1.3652 2.4828 10.6814
-1.2301 2.4729 10.6814
-1.1707 2.4983 10.6814
-1.0294 2.4811 10.6814
-0.9295 2.4828 10.6814
-0.8696 2.5042 10.6814
-0.7931 2.5156 10.6814
-2.8217 3.7690 10.6814
-2.8466 3.8605 10.6814
-2.9565 4.0035 10.6814
-2.9317 4.2314 10.6814
-2.9261 4.4784 10.6814
-2.9516 4.6678 10.6814
-2.9595 4.8500 10.6814
-2.9235 5.2842 10.6814
-2.9585 5.4078 10.6814
-2.9041 5.8625 10.6814
-2.5172 2.9998 11.1669
-2.4610 2.9854 11.1669
-2.4141 2.9811 11.1669
-2.3693 2.9786 11.1669
-2.3167 2.9653 11.1669
-2.2658 2.9529 11.1669
-2.2213 2.9478 11.1669
-2.1765 2.9413 11.1669
-2.1348 2.9383 11.1669
-2.0923 2.9333 11.1669
-2.0511 2.9293 11.1669
-2.0107 2.9256 11.1669
-1.9667 2.9157 11.1669
-1.9373 2.9269 11.1669
-1.8970 2.9211 11.1669
-1.8574 2.9156 11.1669
-1.8277 2.9249 11.1669
-1.7916 2.9237 11.1669
-1.7589 2.9272 11.1669
-1.7216 2.9226 11.1669
-1.6860 2.9202 11.1669
-1.6575 2.9296 11.1669
-1.6246 2.9309 11.1669
-1.5899 2.9282 11.1669
-1.5558 2.9261 11.1669
-1.5293 2.9378 11.1669
-1.4954 2.9350 11.1669
-1.4600 2.9282 11.1669
-1.4291 2.9301 11.1669
-1.4030 2.9415 11.1669
-1.3697 2.9373 11.1669
-1.3395 2.9392 11.1669
-1.3109 2.9444 11.1669
-1.2836 2.9520 11.1669
-1.2566 2.9603 11.1669
-1.2257 2.9592 11.1669
-1.1984 2.9661 11.1669
-1.1713 2.9736 11.1669
-1.1453 2.9837 11.1669
-1.1147 2.9814 11.1669
-1.0893 2.9929 11.1669
-1.0605 2.9948 11.1669
-1.0314 2.9954 11.1669
-0.9982 2.9834 11.1669
-0.9836 3.0272 11.1669
-1.0880 3.4505 11.1669
-1.1221 3.6703 11.1669
-1.1023 3.7212 11.1669
-1.0711 3.7355 11.1669
-1.0353 3.7331 11.1669
-1.0068 3.7575 11.1669
-0.9730 3.7622 11.1669
-0.9338 3.7453 11.1669
-0.9006 3.7514 11.1669
-0.8688 3.7630 11.1669
-0.7262 3.2755 11.1669
-0.6435 3.0274 11.1669
-0.6152 3.0240 11.1669
-0.5982 3.0774 11.1669
-0.5852 3.1572 11.1669
-0.6395 3.6270 11.1669
-0.5927 3.5418 11.1669
-0.5663 3.5754 11.1669
-0.5467 3.6584 11.1669
-0.5351 3.8076 11.1669
-0.5328 4.0471 11.1669
-0.5188 4.2253 11.1669
-0.5117 4.4909 11.1669
-0.5292 5.0353 11.1669
-0.5026 5.2199 11.1669
-0.4754 5.4342 11.1669
-0.4493 5.7083 11.1669
-2.5317 2.7046 11.1669
-2.4052 2.7155 11.1669
-2.2497 2.7113 11.1669
-2.0902 2.7026 11.1669
-1.9803 2.7141 11.1669
-1.8391 2.7088 11.1669
-1.6930 2.6986 11.1669
-1.6039 2.7142 11.1669
-1.5158 2.7289 11.1669
-1.3898 2.7225 11.1669
-1.3270 2.7473 11.1669
-1.2308 2.7532 11.1669
-1.1689 2.7765 11.1669
-1.0340 2.7576 11.1669
-0.9664 2.7750 11.1669
-2.9574 4.0040 11.1669
-0.8022 2.9008 11.1669
-0.7312 2.9122 11.1669
-2.9079 4.3822 11.1669
-2.8869 4.7102 11.1669
-2.9069 5.0841 11.1669
-2.9368 5.2000 11.1669
-2.8782 5.7379 11.1669
-1.9139 5.9583 11.6524
