-1.4173 2.6656 0.0000
-1.3991 2.6876 0.0000
-1.3688 2.6864 0.0000
-1.3257 2.6588 0.0000
-1.2928 2.6505 0.0000
-1.2670 2.6563 0.0000
-1.2362 2.6510 0.0000
-1.2105 2.6562 0.0000
-1.1791 2.6484 0.0000
-1.1556 2.6576 0.0000
-1.1253 2.6511 0.0000
-1.0987 2.6525 0.0000
-1.0744 2.6592 0.0000
-1.0504 2.6666 0.0000
-1.0221 2.6626 0.0000
-0.9977 2.6686 0.0000
-0.9672 2.6575 0.0000
-0.9427 2.6620 0.0000
-0.9188 2.6683 0.0000
-0.8929 2.6686 0.0000
-0.8665 2.6668 0.0000
-0.8459 2.6828 0.0000
-0.8175 2.6738 0.0000
-0.7930 2.6770 0.0000
-0.7668 2.6742 0.0000
-0.7403 2.6693 0.0000
-0.7167 2.6746 0.0000
-0.6885 2.6624 0.0000
-0.6597 2.6460 0.0000
-0.6368 2.6526 0.0000
-0.6119 2.6503 0.0000
-0.5885 2.6545 0.0000
-0.5732 2.6968 0.0000
-0.5586 2.7457 0.0000
-2.8459 2.7013 0.0000
-2.5819 2.6600 0.0000
-2.4075 2.6519 0.0000
-2.2539 2.6497 0.0000
-2.0962 2.6430 0.0000
-1.8755 2.6047 0.0000
-1.7329 2.5987 0.0000
-1.6161 2.6024 0.0000
-1.4656 2.5877 0.0000
-1.3739 2.5995 0.0000
-1.2129 2.5746 0.0000
-1.1521 2.5987 0.0000
-1.0498 2.5999 0.0000
-0.9513 2.6015 0.0000
-0.8515 2.6005 0.0000
-0.7468 2.5951 0.0000
-0.6789 2.6090 0.0000
-3.0853 2.6820 0.4671
-3.0318 2.6823 0.4671
-2.9785 2.6819 0.4671
-2.9351 2.6895 0.4671
-2.8867 2.6918 0.4671
-2.8398 2.6949 0.4671
-2.7860 2.6904 0.4671
-2.7325 2.6852 0.4671
-2.6835 2.6835 0.4671
-2.6347 2.6811 0.4671
-2.5973 2.6896 0.4671
-2.5407 2.6774 0.4671
-2.4948 2.6753 0.4671
-2.4470 2.6704 0.4671
-2.4075 2.6738 0.4671
-2.3636 2.6715 0.4671
-2.3093 2.6566 0.4671
-2.2666 2.6538 0.4671
-2.2318 2.6597 0.4671
-2.1837 2.6490 0.4671
-2.1428 2.6462 0.4671
-2.1035 2.6444 0.4671
-2.0612 2.6383 0.4671
-2.0180 2.6300 0.4671
-1.9734 2.6187 0.4671
-1.9344 2.6141 0.4671
-1.8874 2.5978 0.4671
-1.8449 2.5864 0.4671
-1.8068 2.5803 0.4671
-1.7802 2.5902 0.4671
-1.7447 2.5866 0.4671
-1.7182 2.5959 0.4671
-1.6857 2.5957 0.4671
-1.6490 2.5884 0.4671
-1.6237 2.5984 0.4671
-1.5968 2.6057 0.4671
-1.5662 2.6066 0.4671
-1.5389 2.6125 0.4671
-1.5095 2.6145 0.4671
-1.4773 2.6111 0.4671
-1.4467 2.6099 0.4671
-1.4234 2.6215 0.4671
-1.4000 2.6329 0.4671
-1.3686 2.6291 0.4671
-1.3406 2.6311 0.4671
-1.3114 2.6302 0.4671
-1.2853 2.6353 0.4671
-1.2575 2.6365 0.4671
-1.2324 2.6428 0.4671
-1.2039 2.6416 0.4671
-1.1799 2.6502 0.4671
-1.1516 2.6485 0.4671
-1.1191 2.6363 0.4671
-1.0956 2.6451 0.4671
-1.0717 2.6527 0.4671
-1.0438 2.6498 0.4671
-1.0178 2.6514 0.4671
-0.9932 2.6564 0.4671
-0.9672 2.6575 0.4671
-0.9413 2.6582 0.4671
-0.9158 2.6597 0.4671
-0.8853 2.6458 0.4671
-0.8643 2.6601 0.4671
-0.8369 2.6542 0.4671
-0.8107 2.6518 0.4671
-0.7839 2.6463 0.4671
-0.7619 2.6569 0.4671
-0.7354 2.6519 0.4671
-0.7089 2.6457 0.4671
-0.6845 2.6469 0.4671
-0.6614 2.6528 0.4671
-0.6345 2.6429 0.4671
-0.6116 2.6493 0.4671
-0.5868 2.6467 0.4671
-0.5713 2.6879 0.4671
-0.5604 2.7546 0.4671
-0.5526 2.8428 0.4671
-0.6497 3.5053 0.4671
-0.6474 3.6714 0.4671
-0.6439 3.8475 0.4671
-0.6409 4.0466 0.4671
-0.6379 4.2686 0.4671
-0.6344 4.5136 0.4671
-0.6212 4.7183 0.4671
-0.6052 4.9290 0.4671
-0.5674 4.9798 0.4671
-3.1373 2.6087 0.4671
-2.9574 2.6093 0.4671
-2.7967 2.6143 0.4671
-2.6067 2.6046 0.4671
-2.4350 2.5992 0.4671
-2.2317 2.5773 0.4671
-2.0209 2.5484 0.4671
-1.8587 2.5372 0.4671
-1.7435 2.5446 0.4671
-1.5924 2.5332 0.4671
-1.5006 2.5473 0.4671
-1.4081 2.5596 0.4671
-1.3121 2.5688 0.4671
-1.2530 2.5950 0.4671
-1.1157 2.5798 0.4671
-1.0524 2.6013 0.4671
-0.9496 2.6005 0.4671
-0.8480 2.5986 0.4671
-0.7842 2.6162 0.4671
-0.6789 2.6090 0.4671
-0.6163 2.6250 0.4671
-3.0152 4.2009 0.4671
-3.0438 4.3854 0.4671
-3.0027 4.7029 0.4671
-3.0051 4.9733 0.4671
-3.1025 2.6497 0.9342
-3.0619 2.6616 0.9342
-3.0041 2.6578 0.9342
-2.9495 2.6558 0.9342
-2.8997 2.6571 0.9342
-2.8472 2.6550 0.9342
-2.8021 2.6591 0.9342
-2.7457 2.6515 0.9342
-2.6932 2.6466 0.9342
-2.6524 2.6524 0.9342
-2.5976 2.6433 0.9342
-2.5473 2.6378 0.9342
-2.5077 2.6425 0.9342
-2.4586 2.6365 0.9342
-2.4186 2.6395 0.9342
-2.3701 2.6322 0.9342
-2.3231 2.6258 0.9342
-2.2805 2.6234 0.9342
-2.2367 2.6188 0.9342
-2.2009 2.6229 0.9342
-2.1608 2.6212 0.9342
-2.1221 2.6205 0.9342
-2.0836 2.6194 0.9342
-2.0403 2.6115 0.9342
-2.0034 2.6109 0.9342
-1.9631 2.6051 0.9342
-1.9320 2.6109 0.9342
-1.8833 2.5921 0.9342
-1.8449 2.5864 0.9342
-1.8182 2.5967 0.9342
-1.7836 2.5952 0.9342
-1.7497 2.5941 0.9342
-1.7198 2.5984 0.9342
-1.6851 2.5948 0.9342
-1.6576 2.6019 0.9342
-1.6237 2.5984 0.9342
-1.5973 2.6065 0.9342
-1.5662 2.6066 0.9342
-1.5358 2.6073 0.9342
-1.5060 2.6085 0.9342
-1.4719 2.6015 0.9342
-1.4428 2.6029 0.9342
-1.4167 2.6092 0.9342
-1.3906 2.6153 0.9342
-1.3566 2.6060 0.9342
-1.3311 2.6124 0.9342
-1.3016 2.6105 0.9342
-1.2743 2.6128 0.9342
-1.2463 2.6130 0.9342
-1.2155 2.6065 0.9342
-1.1910 2.6134 0.9342
-1.1633 2.6127 0.9342
-1.1344 2.6090 0.9342
-1.1112 2.6179 0.9342
-1.0826 2.6137 0.9342
-1.0575 2.6174 0.9342
-1.0306 2.6163 0.9342
-1.0034 2.6140 0.9342
-0.9820 2.6264 0.9342
-0.9529 2.6180 0.9342
-0.9256 2.6139 0.9342
-0.9018 2.6191 0.9342
-0.8770 2.6212 0.9342
-0.8535 2.6268 0.9342
-0.8272 2.6237 0.9342
-0.8008 2.6193 0.9342
-0.7808 2.6358 0.9342
-0.7563 2.6377 0.9342
-0.7296 2.6307 0.9342
-0.7048 2.6302 0.9342
-0.6810 2.6334 0.9342
-0.6568 2.6344 0.9342
-0.6319 2.6322 0.9342
-0.6067 2.6279 0.9342
-0.5816 2.6233 0.9342
-0.5684 2.6743 0.9342
-0.5544 2.7252 0.9342
-0.5432 2.7947 0.9342
-0.6353 3.4276 0.9342
-0.6361 3.6074 0.9342
-0.6325 3.7794 0.9342
-0.6311 3.9843 0.9342
-0.6276 4.1994 0.9342
-0.6285 4.4721 0.9342
-0.6303 4.7877 0.9342
-0.6080 4.9518 0.9342
-0.5657 4.9649 0.9342
-0.6008 5.7165 0.9342
-0.5534 5.7474 0.9342
-3.1139 2.5999 0.9342
-2.8659 2.5742 0.9342
-2.7027 2.5772 0.9342
-2.5103 2.5657 0.9342
-2.3620 2.5690 0.9342
-2.1819 2.5562 0.9342
-1.9943 2.5368 0.9342
-1.8605 2.5380 0.9342
-1.7699 2.5566 0.9342
-1.6504 2.5602 0.9342
-1.5286 2.5607 0.9342
-1.4368 2.5737 0.9342
-1.3435 2.5844 0.9342
-1.2138 2.5750 0.9342
-1.1530 2.5992 0.9342
-1.0153 2.5816 0.9342
-0.9162 2.5824 0.9342
-0.8130 2.5792 0.9342
-0.7485 2.5961 0.9342
-0.6425 2.5880 0.9342
-3.0448 4.1368 0.9342
-3.0362 4.3806 0.9342
-3.0427 4.6424 0.9342
-3.1310 4.8811 0.9342
-3.0784 4.9348 0.9342
-3.0027 4.9715 0.9342
-3.0595 5.5871 0.9342
-3.1009 2.6484 1.4013
-3.0694 2.6682 1.4013
-3.0101 2.6631 1.4013
-2.9644 2.6692 1.4013
-2.9086 2.6652 1.4013
-2.8596 2.6666 1.4013
-2.8166 2.6729 1.4013
-2.7731 2.6779 1.4013
-2.7189 2.6719 1.4013
-2.6743 2.6743 1.4013
-2.6277 2.6740 1.4013
-2.5758 2.6673 1.4013
-2.5276 2.6636 1.4013
-2.4832 2.6629 1.4013
-2.4362 2.6586 1.4013
-2.3928 2.6575 1.4013
-2.3430 2.6483 1.4013
-2.3028 2.6490 1.4013
-2.2614 2.6477 1.4013
-2.2170 2.6421 1.4013
-2.1760 2.6397 1.4013
-2.1409 2.6439 1.4013
-2.0935 2.6319 1.4013
-2.0514 2.6257 1.4013
-2.0071 2.6157 1.4013
-1.9740 2.6195 1.4013
-1.9320 2.6109 1.4013
-1.8856 2.5953 1.4013
-1.8461 2.5881 1.4013
-1.8171 2.5951 1.4013
-1.7842 2.5960 1.4013
-1.7480 2.5916 1.4013
-1.7187 2.5967 1.4013
-1.6873 2.5982 1.4013
-1.6527 2.5943 1.4013
-1.6231 2.5976 1.4013
-1.5936 2.6006 1.4013
-1.5652 2.6049 1.4013
-1.5343 2.6047 1.4013
-1.5025 2.6024 1.4013
-1.4758 2.6085 1.4013
-1.4486 2.6134 1.4013
-1.4148 2.6057 1.4013
-1.3882 2.6109 1.4013
-1.3612 2.6149 1.4013
-1.3334 2.6169 1.4013
-1.3060 2.6195 1.4013
-1.2743 2.6128 1.4013
-1.2472 2.6148 1.4013
-1.2243 2.6256 1.4013
-1.1939 2.6198 1.4013
-1.1698 2.6274 1.4013
-1.1428 2.6283 1.4013
-1.1159 2.6290 1.4013
-1.0903 2.6321 1.4013
-1.0613 2.6267 1.4013
-1.0350 2.6275 1.4013
-1.0124 2.6374 1.4013
-0.9816 2.6255 1.4013
-0.9570 2.6293 1.4013
-0.9290 2.6234 1.4013
-0.9044 2.6267 1.4013
-0.8786 2.6259 1.4013
-0.8517 2.6211 1.4013
-0.8278 2.6256 1.4013
-0.8011 2.6203 1.4013
-0.7768 2.6224 1.4013
-0.7495 2.6137 1.4013
-0.7298 2.6317 1.4013
-0.7030 2.6235 1.4013
-0.6800 2.6295 1.4013
-0.6542 2.6237 1.4013
-0.6294 2.6215 1.4013
-0.6060 2.6250 1.4013
-0.5818 2.6243 1.4013
-0.5647 2.6566 1.4013
-0.5540 2.7232 1.4013
-0.5444 2.8006 1.4013
-0.6426 3.4670 1.4013
-0.6422 3.6418 1.4013
-0.6363 3.8021 1.4013
-0.6225 3.9300 1.4013
-0.5929 3.9669 1.4013
-0.5670 4.0344 1.4013
-0.5571 4.2315 1.4013
-0.5523 4.4982 1.4013
-0.5485 4.8139 1.4013
-0.5352 5.0920 1.4013
-0.5579 5.7942 1.4013
-0.5217 5.9632 1.4013
-3.0914 2.5915 1.4013
-2.9350 2.6007 1.4013
-2.7501 2.5959 1.4013
-2.5835 2.5953 1.4013
-2.3851 2.5785 1.4013
-2.2335 2.5780 1.4013
-2.0484 2.5604 1.4013
-1.8605 2.5380 1.4013
-1.7408 2.5433 1.4013
-1.6214 2.5467 1.4013
-1.5313 2.5620 1.4013
-1.4054 2.5583 1.4013
-1.3112 2.5683 1.4013
-1.2165 2.5764 1.4013
-1.1193 2.5816 1.4013
-1.0180 2.5830 1.4013
-0.9170 2.5829 1.4013
-0.8147 2.5802 1.4013
-0.7503 2.5970 1.4013
-0.6460 2.5900 1.4013
-3.1159 4.1795 1.4013
-3.1129 4.4295 1.4013
-3.0843 4.7589 1.4013
-3.0852 5.0314 1.4013
-3.0414 5.7742 1.4013
-3.0543 5.9931 1.4013
-3.1009 2.6484 1.8685
-3.0505 2.6518 1.8685
-3.0003 2.6545 1.8685
-2.9540 2.6598 1.8685
-2.9063 2.6632 1.8685
-2.8398 2.6482 1.8685
-2.8036 2.6605 1.8685
-2.7565 2.6619 1.8685
-2.7075 2.6607 1.8685
-2.6601 2.6601 1.8685
-2.6074 2.6533 1.8685
-2.5591 2.6500 1.8685
-2.5214 2.6570 1.8685
-2.4709 2.6497 1.8685
-2.4233 2.6446 1.8685
-2.3801 2.6434 1.8685
-2.3351 2.6393 1.8685
-2.2870 2.6309 1.8685
-2.2497 2.6340 1.8685
-2.2060 2.6291 1.8685
-2.1728 2.6359 1.8685
-2.1302 2.6306 1.8685
-2.0792 2.6139 1.8685
-2.0421 2.6138 1.8685
-2.0089 2.6181 1.8685
-1.9643 2.6067 1.8685
-1.9171 2.5908 1.8685
-1.8786 2.5856 1.8685
-1.8414 2.5816 1.8685
-1.8102 2.5852 1.8685
-1.7762 2.5845 1.8685
-1.7436 2.5849 1.8685
-1.7176 2.5951 1.8685
-1.6786 2.5848 1.8685
-1.6463 2.5842 1.8685
-1.6184 2.5899 1.8685
-1.5910 2.5963 1.8685
-1.5590 2.5946 1.8685
-1.5302 2.5978 1.8685
-1.4985 2.5955 1.8685
-1.4694 2.5971 1.8685
-1.4442 2.6055 1.8685
-1.4129 2.6022 1.8685
-1.3859 2.6065 1.8685
-1.3580 2.6087 1.8685
-1.3297 2.6098 1.8685
-1.2989 2.6052 1.8685
-1.2695 2.6029 1.8685
-1.2437 2.6076 1.8685
-1.2176 2.6111 1.8685
-1.1869 2.6043 1.8685
-1.1604 2.6063 1.8685
-1.1376 2.6164 1.8685
-1.1105 2.6161 1.8685
-1.0853 2.6201 1.8685
-1.0564 2.6147 1.8685
-1.0269 2.6070 1.8685
-1.0045 2.6168 1.8685
-0.9760 2.6105 1.8685
-0.9508 2.6123 1.8685
-0.9253 2.6130 1.8685
-0.9041 2.6257 1.8685
-0.8767 2.6202 1.8685
-0.8483 2.6107 1.8685
-0.8245 2.6151 1.8685
-0.7985 2.6117 1.8685
-0.7737 2.6118 1.8685
-0.7464 2.6031 1.8685
-0.7266 2.6201 1.8685
-0.7009 2.6157 1.8685
-0.6768 2.6169 1.8685
-0.6508 2.6101 1.8685
-0.6291 2.6205 1.8685
-0.6022 2.6084 1.8685
-0.5785 2.6096 1.8685
-0.5557 2.6146 1.8685
-0.5479 2.6928 1.8685
-0.5366 2.7603 1.8685
-0.6375 3.4394 1.8685
-0.6364 3.6093 1.8685
-0.6330 3.7824 1.8685
-0.6309 3.9833 1.8685
-0.6304 4.2182 1.8685
-0.6266 4.4582 1.8685
-0.6270 4.7629 1.8685
-0.6047 4.9250 1.8685
-0.5644 4.9539 1.8685
-0.5388 5.1268 1.8685
-0.5292 5.4956 1.8685
-3.0455 2.5744 1.8685
-2.8883 2.5828 1.8685
-2.7027 2.5772 1.8685
-2.5344 2.5754 1.8685
-2.3611 2.5686 1.8685
-2.1819 2.5562 1.8685
-1.9962 2.5376 1.8685
-1.8614 2.5384 1.8685
-1.7426 2.5441 1.8685
-1.6232 2.5475 1.8685
-1.4997 2.5469 1.8685
-1.4072 2.5592 1.8685
-1.3139 2.5697 1.8685
-1.2209 2.5787 1.8685
-1.1246 2.5844 1.8685
-0.9835 2.5647 1.8685
-0.8828 2.5643 1.8685
-0.7815 2.5617 1.8685
-0.7128 2.5759 1.8685
-0.6148 2.5720 1.8685
-3.0220 4.2051 1.8685
-3.0103 4.4486 1.8685
-3.0167 4.7125 1.8685
-3.0336 4.9029 1.8685
-3.1046 5.0455 1.8685
-3.0939 5.5155 1.8685
-3.0850 2.6348 2.3356
-3.0302 2.6341 2.3356
-2.9846 2.6405 2.3356
-2.9354 2.6431 2.3356
-2.8864 2.6449 2.3356
-2.8296 2.6387 2.3356
-2.7912 2.6488 2.3356
-2.7400 2.6460 2.3356
-2.6961 2.6494 2.3356
-2.6474 2.6474 2.3356
-2.5934 2.6390 2.3356
-2.5473 2.6378 2.3356
-2.5097 2.6447 2.3356
-2.4579 2.6358 2.3356
-2.4139 2.6343 2.3356
-2.3620 2.6233 2.3356
-2.3231 2.6258 2.3356
-2.2785 2.6211 2.3356
-2.2386 2.6211 2.3356
-2.1983 2.6199 2.3356
-2.1569 2.6166 2.3356
-2.1145 2.6112 2.3356
-2.0692 2.6014 2.3356
-2.0317 2.6004 2.3356
-1.9931 2.5974 2.3356
-1.9523 2.5908 2.3356
-1.9052 2.5748 2.3356
-1.8680 2.5711 2.3356
-1.8199 2.5514 2.3356
-1.7976 2.5672 2.3356
-1.7655 2.5688 2.3356
-1.7335 2.5700 2.3356
-1.7049 2.5759 2.3356
-1.6764 2.5814 2.3356
-1.6420 2.5774 2.3356
-1.6104 2.5772 2.3356
-1.5884 2.5920 2.3356
-1.5590 2.5946 2.3356
-1.5277 2.5935 2.3356
-1.4995 2.5972 2.3356
-1.4709 2.5998 2.3356
-1.4399 2.5976 2.3356
-1.4129 2.6022 2.3356
-1.3873 2.6091 2.3356
-1.3557 2.6043 2.3356
-1.3306 2.6115 2.3356
-1.3002 2.6078 2.3356
-1.2713 2.6065 2.3356
-1.2472 2.6148 2.3356
-1.2159 2.6074 2.3356
-1.1898 2.6107 2.3356
-1.1616 2.6091 2.3356
-1.1384 2.6182 2.3356
-1.1097 2.6142 2.3356
-1.0845 2.6183 2.3356
-1.0541 2.6091 2.3356
-1.0302 2.6154 2.3356
-1.0002 2.6056 2.3356
-0.9746 2.6068 2.3356
-0.9488 2.6067 2.3356
-0.9243 2.6102 2.3356
-0.8973 2.6058 2.3356
-0.8745 2.6136 2.3356
-0.8464 2.6049 2.3356
-0.8233 2.6113 2.3356
-0.7953 2.6011 2.3356
-0.7717 2.6051 2.3356
-0.7481 2.6089 2.3356
-0.7231 2.6076 2.3356
-0.6980 2.6051 2.3356
-0.6718 2.5975 2.3356
-0.6488 2.6023 2.3356
-0.6245 2.6011 2.3356
-0.5990 2.5947 2.3356
-0.5759 2.5979 2.3356
-0.5528 2.6009 2.3356
-0.5441 2.6742 2.3356
-0.5289 2.7211 2.3356
-0.6236 3.3647 2.3356
-0.6267 3.5542 2.3356
-0.6269 3.7459 2.3356
-0.6273 3.9606 2.3356
-0.6257 4.1865 2.3356
-0.6241 4.4404 2.3356
-0.6248 4.7460 2.3356
-0.6029 4.9101 2.3356
-0.5624 4.9361 2.3356
-0.5503 5.2362 2.3356
-0.5444 5.6539 2.3356
-3.0005 2.5576 2.3356
-2.8426 2.5652 2.3356
-2.6794 2.5681 2.3356
-2.4871 2.5563 2.3356
-2.3121 2.5483 2.3356
-2.1304 2.5343 2.3356
-1.9439 2.5149 2.3356
-1.8021 2.5120 2.3356
-1.7144 2.5313 2.3356
-1.5924 2.5332 2.3356
-1.4997 2.5469 2.3356
-1.4072 2.5592 2.3356
-1.2799 2.5527 2.3356
-1.1835 2.5596 2.3356
-1.1237 2.5839 2.3356
-0.9844 2.5652 2.3356
-0.8845 2.5652 2.3356
-0.7850 2.5637 2.3356
-0.6806 2.5576 2.3356
-0.6192 2.5745 2.3356
-3.0263 4.2077 2.3356
-3.0136 4.4508 2.3356
-3.0176 4.7131 2.3356
-3.0311 4.9011 2.3356
-3.0892 5.1274 2.3356
-3.0953 5.4184 2.3356
-3.0682 2.6205 2.8027
-3.0188 2.6242 2.8027
-2.9741 2.6313 2.8027
-2.9228 2.6317 2.8027
-2.8769 2.6362 2.8027
-2.8230 2.6325 2.8027
-2.7702 2.6288 2.8027
-2.7256 2.6321 2.8027
-2.6768 2.6305 2.8027
-2.6220 2.6220 2.8027
-2.5737 2.6191 2.8027
-2.5313 2.6213 2.8027
-2.4843 2.6179 2.8027
-2.4327 2.6087 2.8027
-2.3916 2.6100 2.8027
-2.3486 2.6084 2.8027
-2.3026 2.6026 2.8027
-2.2601 2.6000 2.8027
-2.2159 2.5945 2.8027
-2.1816 2.6000 2.8027
-2.1340 2.5888 2.8027
-2.0937 2.5856 2.8027
-2.0518 2.5795 2.8027
-2.0169 2.5815 2.8027
-1.9736 2.5721 2.8027
-1.9306 2.5620 2.8027
-1.8850 2.5474 2.8027
-1.8551 2.5533 2.8027
-1.8112 2.5392 2.8027
-1.7878 2.5533 2.8027
-1.7542 2.5523 2.8027
-1.7212 2.5518 2.8027
-1.6917 2.5559 2.8027
-1.6633 2.5613 2.8027
-1.6318 2.5614 2.8027
-1.6014 2.5628 2.8027
-1.5738 2.5682 2.8027
-1.5441 2.5698 2.8027
-1.5150 2.5720 2.8027
-1.4910 2.5825 2.8027
-1.4531 2.5684 2.8027
-1.4307 2.5810 2.8027
-1.4005 2.5793 2.8027
-1.3765 2.5888 2.8027
-1.3428 2.5794 2.8027
-1.3152 2.5812 2.8027
-1.2868 2.5810 2.8027
-1.2629 2.5894 2.8027
-1.2330 2.5850 2.8027
-1.2066 2.5875 2.8027
-1.1777 2.5843 2.8027
-1.1568 2.5981 2.8027
-1.1309 2.6008 2.8027
-1.1030 2.5986 2.8027
-1.0723 2.5887 2.8027
-1.0519 2.6035 2.8027
-1.0214 2.5931 2.8027
-0.9948 2.5916 2.8027
-0.9708 2.5965 2.8027
-0.9443 2.5945 2.8027
-0.9173 2.5904 2.8027
-0.8908 2.5869 2.8027
-0.8688 2.5965 2.8027
-0.8439 2.5973 2.8027
-0.8164 2.5893 2.8027
-0.7938 2.5964 2.8027
-0.7671 2.5898 2.8027
-0.7450 2.5983 2.8027
-0.7199 2.5960 2.8027
-0.6947 2.5925 2.8027
-0.6690 2.5869 2.8027
-0.6469 2.5946 2.8027
-0.6226 2.5933 2.8027
-0.5941 2.5733 2.8027
-0.5753 2.5950 2.8027
-0.5485 2.5804 2.8027
-0.5413 2.6605 2.8027
-0.5289 2.7211 2.8027
-0.6211 3.3509 2.8027
-0.6340 3.5955 2.8027
-0.6315 3.7735 2.8027
-0.6225 3.9300 2.8027
-0.5977 3.9996 2.8027
-0.5695 4.0522 2.8027
-0.5525 4.1968 2.8027
-0.5474 4.4585 2.8027
-0.5427 4.7632 2.8027
-0.5397 5.1347 2.8027
-0.5568 5.7823 2.8027
-0.5220 5.9662 2.8027
-3.0005 2.5576 2.8027
-2.8192 2.5562 2.8027
-2.6320 2.5494 2.8027
-2.4871 2.5563 2.8027
-2.2622 2.5276 2.8027
-2.0788 2.5124 2.8027
-1.8623 2.4794 2.8027
-1.7765 2.5006 2.8027
-1.6898 2.5201 2.8027
-1.5670 2.5213 2.8027
-1.4762 2.5357 2.8027
-1.3469 2.5298 2.8027
-1.2522 2.5389 2.8027
-1.1532 2.5442 2.8027
-1.0554 2.5484 2.8027
-0.9535 2.5488 2.8027
-0.8502 2.5466 2.8027
-0.7500 2.5443 2.8027
-0.6458 2.5380 2.8027
-3.0943 4.0035 2.8027
-3.0911 4.2474 2.8027
-3.0908 4.5009 2.8027
-3.1016 4.7708 2.8027
-3.1111 5.0503 2.8027
-3.0559 5.7864 2.8027
-3.0513 5.9905 2.8027
-3.1009 2.6020 3.2698
-3.0546 2.6088 3.2698
-3.0015 2.6091 3.2698
-2.9606 2.6193 3.2698
-2.8953 2.6069 3.2698
-2.8459 2.6078 3.2698
-2.7996 2.6107 3.2698
-2.7557 2.6151 3.2698
-2.7133 2.6203 3.2698
-2.6640 2.6179 3.2698
-2.6099 2.6099 3.2698
-2.5695 2.6148 3.2698
-2.5216 2.6112 3.2698
-2.4684 2.6012 3.2698
-2.4238 2.5992 3.2698
-2.3828 2.6004 3.2698
-2.3393 2.5980 3.2698
-2.2947 2.5936 3.2698
-2.2549 2.5939 3.2698
-2.2179 2.5968 3.2698
-2.1662 2.5816 3.2698
-2.1207 2.5726 3.2698
-2.0818 2.5708 3.2698
-2.0450 2.5709 3.2698
-1.9972 2.5563 3.2698
-1.9547 2.5475 3.2698
-1.9065 2.5301 3.2698
-1.8767 2.5362 3.2698
-1.8239 2.5104 3.2698
-1.8054 2.5311 3.2698
-1.7706 2.5287 3.2698
-1.7383 2.5292 3.2698
-1.7100 2.5352 3.2698
-1.6762 2.5325 3.2698
-1.6470 2.5361 3.2698
-1.6194 2.5420 3.2698
-1.5924 2.5484 3.2698
-1.5607 2.5468 3.2698
-1.5307 2.5475 3.2698
-1.5023 2.5504 3.2698
-1.4750 2.5548 3.2698
-1.4477 2.5588 3.2698
-1.4186 2.5591 3.2698
-1.3904 2.5609 3.2698
-1.3591 2.5561 3.2698
-1.3312 2.5573 3.2698
-1.3039 2.5590 3.2698
-1.2810 2.5694 3.2698
-1.2537 2.5706 3.2698
-1.2227 2.5633 3.2698
-1.1939 2.5603 3.2698
-1.1723 2.5725 3.2698
-1.1454 2.5725 3.2698
-1.1153 2.5650 3.2698
-1.0862 2.5590 3.2698
-1.0639 2.5684 3.2698
-1.0358 2.5637 3.2698
-1.0093 2.5624 3.2698
-0.9841 2.5636 3.2698
-0.9613 2.5712 3.2698
-0.9354 2.5701 3.2698
-0.9103 2.5706 3.2698
-0.8836 2.5661 3.2698
-0.8599 2.5700 3.2698
-0.8359 2.5726 3.2698
-0.8104 2.5703 3.2698
-0.7844 2.5658 3.2698
-0.7617 2.5716 3.2698
-0.7376 2.5723 3.2698
-0.7167 2.5845 3.2698
-0.6879 2.5674 3.2698
-0.6655 2.5733 3.2698
-0.6411 2.5713 3.2698
-0.6179 2.5739 3.2698
-0.5909 2.5597 3.2698
-0.5712 2.5764 3.2698
-0.5466 2.5716 3.2698
-0.5339 2.6242 3.2698
-0.5228 2.6897 3.2698
-0.6065 3.2723 3.2698
-0.6284 3.5640 3.2698
-0.6269 3.7459 3.2698
-0.6234 3.9359 3.2698
-0.6241 4.1756 3.2698
-0.6235 4.4364 3.2698
-0.6216 4.7213 3.2698
-0.6002 4.8883 3.2698
-0.5593 4.9092 3.2698
-0.5588 5.3167 3.2698
-0.5220 5.4209 3.2698
-3.1541 2.5457 3.2698
-2.9321 2.5320 3.2698
-2.7735 2.5387 3.2698
-2.5855 2.5311 3.2698
-2.4139 2.5267 3.2698
-2.2123 2.5070 3.2698
-2.0291 2.4913 3.2698
-1.8412 2.4703 3.2698
-1.7180 2.4746 3.2698
-1.6307 2.4931 3.2698
-1.5407 2.5091 3.2698
-1.4121 2.5051 3.2698
-1.3182 2.5158 3.2698
-1.2209 2.5232 3.2698
-1.1238 2.5292 3.2698
-1.0270 2.5336 3.2698
-0.9217 2.5319 3.2698
-0.8230 2.5318 3.2698
-0.7150 2.5249 3.2698
-0.6110 2.5183 3.2698
-3.0125 4.0365 3.2698
-3.0306 4.2103 3.2698
-3.0203 4.4551 3.2698
-2.9909 4.7831 3.2698
-3.0254 4.8971 3.2698
-3.0558 5.2914 3.2698
-3.0740 5.4018 3.2698
-3.0542 2.5628 3.7369
-3.0028 2.5647 3.7369
-2.9487 2.5632 3.7369
-2.8940 2.5604 3.7369
-2.8418 2.5588 3.7369
-2.7869 2.5537 3.7369
-2.7426 2.5575 3.7369
-2.6919 2.5545 3.7369
-2.6436 2.5529 3.7369
-2.5912 2.5464 3.7369
-2.5491 2.5491 3.7369
-2.5015 2.5456 3.7369
-2.4521 2.5393 3.7369
-2.4010 2.5301 3.7369
-2.3631 2.5341 3.7369
-2.3186 2.5303 3.7369
-2.2804 2.5326 3.7369
-2.2397 2.5315 3.7369
-2.1958 2.5260 3.7369
-2.1562 2.5245 3.7369
-2.1122 2.5172 3.7369
-2.0743 2.5163 3.7369
-2.0384 2.5172 3.7369
-2.0001 2.5145 3.7369
-1.9560 2.5035 3.7369
-1.9225 2.5054 3.7369
-1.8831 2.4989 3.7369
-1.8475 2.4968 3.7369
-1.8104 2.4918 3.7369
-1.7828 2.4993 3.7369
-1.7528 2.5033 3.7369
-1.7236 2.5078 3.7369
-1.6910 2.5070 3.7369
-1.6547 2.5000 3.7369
-1.6279 2.5068 3.7369
-1.6006 2.5125 3.7369
-1.5707 2.5136 3.7369
-1.5403 2.5136 3.7369
-1.5101 2.5132 3.7369
-1.4825 2.5168 3.7369
-1.4555 2.5210 3.7369
-1.4206 2.5110 3.7369
-1.3943 2.5154 3.7369
-1.3647 2.5134 3.7369
-1.3352 2.5111 3.7369
-1.3072 2.5111 3.7369
-1.2834 2.5189 3.7369
-1.2552 2.5175 3.7369
-1.2292 2.5202 3.7369
-1.1985 2.5128 3.7369
-1.1711 2.5114 3.7369
-1.1470 2.5170 3.7369
-1.1206 2.5168 3.7369
-1.0930 2.5137 3.7369
-1.0683 2.5167 3.7369
-1.0443 2.5213 3.7369
-1.0178 2.5192 3.7369
-0.9932 2.5214 3.7369
-0.9687 2.5235 3.7369
-0.9449 2.5271 3.7369
-0.9194 2.5259 3.7369
-0.8913 2.5169 3.7369
-0.8719 2.5321 3.7369
-0.8469 2.5311 3.7369
-0.8201 2.5241 3.7369
-0.7960 2.5245 3.7369
-0.7757 2.5371 3.7369
-0.7515 2.5370 3.7369
-0.7274 2.5368 3.7369
-0.7026 2.5334 3.7369
-0.6794 2.5356 3.7369
-0.6557 2.5356 3.7369
-0.6353 2.5480 3.7369
-0.6093 2.5379 3.7369
-0.5864 2.5402 3.7369
-0.5695 2.5686 3.7369
-0.5426 2.5530 3.7369
-0.5317 2.6135 3.7369
-0.5179 2.6641 3.7369
-0.5505 2.9704 3.7369
-0.6192 3.5118 3.7369
-0.6204 3.7074 3.7369
-0.6187 3.9063 3.7369
-0.6173 4.1301 3.7369
-0.6195 4.4077 3.7369
-0.6207 4.7143 3.7369
-0.5996 4.8833 3.7369
-0.5589 4.9053 3.7369
-0.5341 5.0820 3.7369
-0.5398 5.6061 3.7369
-3.0198 2.4967 3.7369
-2.7963 2.4812 3.7369
-2.5877 2.4674 3.7369
-2.3938 2.4556 3.7369
-2.2674 2.4675 3.7369
-2.0867 2.4549 3.7369
-1.9509 2.4581 3.7369
-1.7816 2.4443 3.7369
-1.6943 2.4640 3.7369
-1.5724 2.4666 3.7369
-1.4827 2.4820 3.7369
-1.3589 2.4797 3.7369
-1.2265 2.4711 3.7369
-1.1269 2.4764 3.7369
-1.0267 2.4797 3.7369
-0.9623 2.4999 3.7369
-0.8626 2.5004 3.7369
-0.7553 2.4951 3.7369
-0.6897 2.5108 3.7369
-0.6232 2.5251 3.7369
-3.0423 3.9735 3.7369
-3.0323 4.2113 3.7369
-3.0245 4.4579 3.7369
-2.9966 4.7871 3.7369
-3.0189 4.8924 3.7369
-3.0917 5.1292 3.7369
-3.0548 5.5833 3.7369
-3.0749 2.5801 4.2040
-3.0287 2.5868 4.2040
-2.9743 2.5855 4.2040
-2.9322 2.5942 4.2040
-2.8678 2.5822 4.2040
-2.8135 2.5781 4.2040
-2.7777 2.5902 4.2040
-2.7296 2.5903 4.2040
-2.6731 2.5814 4.2040
-2.6219 2.5765 4.2040
-2.5760 2.5760 4.2040
-2.5296 2.5741 4.2040
-2.4799 2.5680 4.2040
-2.4313 2.5620 4.2040
-2.3959 2.5692 4.2040
-2.3436 2.5576 4.2040
-2.3065 2.5616 4.2040
-2.2615 2.5562 4.2040
-2.2181 2.5517 4.2040
-2.1724 2.5436 4.2040
-2.1328 2.5417 4.2040
-2.0940 2.5402 4.2040
-2.0591 2.5428 4.2040
-2.0138 2.5317 4.2040
-1.9720 2.5240 4.2040
-1.9359 2.5229 4.2040
-1.9011 2.5229 4.2040
-1.8594 2.5129 4.2040
-1.8080 2.4885 4.2040
-1.7833 2.5001 4.2040
-1.7477 2.4960 4.2040
-1.7236 2.5078 4.2040
-1.6893 2.5045 4.2040
-1.6663 2.5175 4.2040
-1.6323 2.5135 4.2040
-1.6049 2.5192 4.2040
-1.5749 2.5204 4.2040
-1.5456 2.5221 4.2040
-1.5178 2.5261 4.2040
-1.4881 2.5263 4.2040
-1.4615 2.5314 4.2040
-1.4359 2.5380 4.2040
-1.4040 2.5329 4.2040
-1.3771 2.5363 4.2040
-1.3469 2.5332 4.2040
-1.3224 2.5404 4.2040
-1.2971 2.5456 4.2040
-1.2654 2.5380 4.2040
-1.2388 2.5400 4.2040
-1.2153 2.5480 4.2040
-1.1901 2.5522 4.2040
-1.1566 2.5379 4.2040
-1.1336 2.5461 4.2040
-1.1101 2.5531 4.2040
-1.0843 2.5544 4.2040
-1.0562 2.5499 4.2040
-1.0290 2.5470 4.2040
-1.0038 2.5484 4.2040
-0.9801 2.5533 4.2040
-0.9564 2.5581 4.2040
-0.9276 2.5484 4.2040
-0.9043 2.5536 4.2040
-0.8833 2.5652 4.2040
-0.8548 2.5548 4.2040
-0.8303 2.5555 4.2040
-0.8065 2.5579 4.2040
-0.7815 2.5562 4.2040
-0.7566 2.5543 4.2040
-0.7318 2.5521 4.2040
-0.7074 2.5507 4.2040
-0.6856 2.5587 4.2040
-0.6608 2.5549 4.2040
-0.6350 2.5470 4.2040
-0.6088 2.5359 4.2040
-0.5880 2.5470 4.2040
-0.5640 2.5442 4.2040
-0.5389 2.5354 4.2040
-0.5261 2.5860 4.2040
-0.5173 2.6612 4.2040
-0.5358 2.8908 4.2040
-0.6236 3.5364 4.2040
-0.6247 3.7331 4.2040
-0.6179 3.9014 4.2040
-0.5952 3.9828 4.2040
-0.5649 4.0195 4.2040
-0.5470 4.1551 4.2040
-0.5444 4.4337 4.2040
-0.5394 4.7344 4.2040
-0.5328 5.0691 4.2040
-0.5534 5.7474 4.2040
-0.5180 5.9204 4.2040
-3.0423 2.5050 4.2040
-2.8872 2.5152 4.2040
-2.6811 2.5032 4.2040
-2.4896 2.4933 4.2040
-2.2915 2.4773 4.2040
-2.1375 2.4760 4.2040
-1.9481 2.4569 4.2040
-1.7825 2.4447 4.2040
-1.6943 2.4640 4.2040
-1.5715 2.4662 4.2040
-1.4791 2.4803 4.2040
-1.3878 2.4935 4.2040
-1.2903 2.5022 4.2040
-1.1922 2.5090 4.2040
-1.0944 2.5142 4.2040
-0.9924 2.5156 4.2040
-0.8908 2.5154 4.2040
-0.7887 2.5132 4.2040
-0.6809 2.5060 4.2040
-0.6232 2.5251 4.2040
-3.1029 4.0085 4.2040
-3.0988 4.2521 4.2040
-3.1000 4.5069 4.2040
-3.0753 4.8421 4.2040
-3.0804 5.1208 4.2040
-3.0630 5.6904 4.2040
-3.0726 2.5782 4.6712
-3.0211 2.5803 4.6712
-2.9668 2.5790 4.6712
-2.9239 2.5869 4.6712
-2.8693 2.5835 4.6712
-2.8127 2.5774 4.6712
-2.7645 2.5780 4.6712
-2.7223 2.5834 4.6712
-2.6666 2.5751 4.6712
-2.6219 2.5765 4.6712
-2.5760 2.5760 4.6712
-2.5219 2.5663 4.6712
-2.4772 2.5652 4.6712
-2.4340 2.5649 4.6712
-2.3911 2.5641 4.6712
-2.3416 2.5554 4.6712
-2.3038 2.5586 4.6712
-2.2622 2.5569 4.6712
-2.2201 2.5539 4.6712
-2.1776 2.5496 4.6712
-2.1315 2.5402 4.6712
-2.0978 2.5448 4.6712
-2.0510 2.5327 4.6712
-2.0113 2.5286 4.6712
-1.9750 2.5279 4.6712
-1.9322 2.5181 4.6712
-1.8819 2.4973 4.6712
-1.8517 2.5024 4.6712
-1.8057 2.4853 4.6712
-1.7857 2.5034 4.6712
-1.7517 2.5017 4.6712
-1.7190 2.5012 4.6712
-1.6938 2.5112 4.6712
-1.6652 2.5158 4.6712
-1.6339 2.5160 4.6712
-1.6038 2.5175 4.6712
-1.5770 2.5238 4.6712
-1.5497 2.5289 4.6712
-1.5178 2.5261 4.6712
-1.4876 2.5254 4.6712
-1.4630 2.5340 4.6712
-1.4359 2.5380 4.6712
-1.3996 2.5250 4.6712
-1.3766 2.5354 4.6712
-1.3460 2.5314 4.6712
-1.3248 2.5448 4.6712
-1.2930 2.5376 4.6712
-1.2596 2.5264 4.6712
-1.2371 2.5364 4.6712
-1.2162 2.5498 4.6712
-1.1833 2.5377 4.6712
-1.1566 2.5379 4.6712
-1.1299 2.5378 4.6712
-1.1041 2.5393 4.6712
-1.0780 2.5397 4.6712
-1.0489 2.5324 4.6712
-1.0257 2.5386 4.6712
-1.0009 2.5410 4.6712
-0.9758 2.5421 4.6712
-0.9494 2.5393 4.6712
-0.9262 2.5447 4.6712
-0.9023 2.5480 4.6712
-0.8764 2.5453 4.6712
-0.8513 2.5444 4.6712
-0.8297 2.5536 4.6712
-0.8047 2.5521 4.6712
-0.7803 2.5524 4.6712
-0.7552 2.5495 4.6712
-0.7296 2.5445 4.6712
-0.7060 2.5459 4.6712
-0.6799 2.5375 4.6712
-0.6575 2.5424 4.6712
-0.6324 2.5364 4.6712
-0.6074 2.5301 4.6712
-0.5833 2.5265 4.6712
-0.5621 2.5354 4.6712
-0.5383 2.5324 4.6712
-0.5277 2.5939 4.6712
-0.5219 2.6848 4.6712
-0.6212 3.3519 4.6712
-0.6194 3.5128 4.6712
-0.6202 3.7065 4.6712
-0.6187 3.9063 4.6712
-0.6175 4.1321 4.6712
-0.6163 4.3849 4.6712
-0.6188 4.7004 4.6712
-0.5947 4.8436 4.6712
-0.5538 4.8606 4.6712
-0.5496 5.2292 4.6712
-0.5450 5.6598 4.6712
-3.0414 2.5046 4.6712
-2.8647 2.5068 4.6712
-2.6801 2.5028 4.6712
-2.4906 2.4937 4.6712
-2.3165 2.4874 4.6712
-2.1107 2.4649 4.6712
-1.9527 2.4589 4.6712
-1.7816 2.4443 4.6712
-1.6943 2.4640 4.6712
-1.5706 2.4658 4.6712
-1.4782 2.4799 4.6712
-1.3842 2.4918 4.6712
-1.2930 2.5035 4.6712
-1.1591 2.4925 4.6712
-1.0605 2.4969 4.6712
-0.9570 2.4971 4.6712
-0.8573 2.4976 4.6712
-0.7914 2.5146 4.6712
-0.6136 2.4687 4.6712
-3.0186 4.0400 4.6712
-3.0054 4.2775 4.6712
-3.0020 4.5286 4.6712
-3.0081 4.7951 4.6712
-3.0132 4.8884 4.6712
-3.0685 5.3011 4.6712
-3.0927 2.5494 5.1383
-3.0542 2.5628 5.1383
-3.0028 2.5647 5.1383
-2.9509 2.5652 5.1383
-2.9157 2.5796 5.1383
-2.8537 2.5695 5.1383
-2.8002 2.5659 5.1383
-2.7572 2.5711 5.1383
-2.7173 2.5786 5.1383
-2.6544 2.5633 5.1383
-2.6148 2.5695 5.1383
-2.5689 2.5689 5.1383
-2.5226 2.5670 5.1383
-2.4772 2.5652 5.1383
-2.4285 2.5591 5.1383
-2.3843 2.5568 5.1383
-2.3463 2.5606 5.1383
-2.2998 2.5542 5.1383
-2.2542 2.5479 5.1383
-2.2109 2.5434 5.1383
-2.1750 2.5466 5.1383
-2.1341 2.5433 5.1383
-2.0889 2.5340 5.1383
-2.0428 2.5226 5.1383
-2.0014 2.5161 5.1383
-1.9633 2.5130 5.1383
-1.9206 2.5030 5.1383
-1.8831 2.4989 5.1383
-1.8428 2.4903 5.1383
-1.8121 2.4942 5.1383
-1.7857 2.5034 5.1383
-1.7477 2.4960 5.1383
-1.7224 2.5062 5.1383
-1.6876 2.5020 5.1383
-1.6602 2.5083 5.1383
-1.6317 2.5127 5.1383
-1.6038 2.5175 5.1383
-1.5765 2.5229 5.1383
-1.5471 2.5247 5.1383
-1.5178 2.5261 5.1383
-1.4901 2.5297 5.1383
-1.4575 2.5245 5.1383
-1.4305 2.5284 5.1383
-1.4026 2.5303 5.1383
-1.3747 2.5319 5.1383
-1.3460 2.5314 5.1383
-1.3155 2.5271 5.1383
-1.2889 2.5296 5.1383
-1.2645 2.5362 5.1383
-1.2380 2.5382 5.1383
-1.2067 2.5299 5.1383
-1.1783 2.5268 5.1383
-1.1512 2.5261 5.1383
-1.1250 2.5269 5.1383
-1.0994 2.5283 5.1383
-1.0729 2.5277 5.1383
-1.0497 2.5342 5.1383
-1.0231 2.5321 5.1383
-0.9951 2.5261 5.1383
-0.9744 2.5384 5.1383
-0.9477 2.5346 5.1383
-0.9258 2.5437 5.1383
-0.8969 2.5329 5.1383
-0.8696 2.5255 5.1383
-0.8475 2.5330 5.1383
-0.8269 2.5450 5.1383
-0.7981 2.5312 5.1383
-0.7724 2.5266 5.1383
-0.7501 2.5322 5.1383
-0.7252 2.5291 5.1383
-0.7031 2.5353 5.1383
-0.6771 2.5269 5.1383
-0.6532 2.5259 5.1383
-0.6307 2.5296 5.1383
-0.6044 2.5175 5.1383
-0.5774 2.5012 5.1383
-0.5610 2.5306 5.1383
-0.5372 2.5275 5.1383
-0.5277 2.5939 5.1383
-0.5116 2.6317 5.1383
-0.6114 3.2988 5.1383
-0.6109 3.4646 5.1383
-0.6110 3.6512 5.1383
-0.6132 3.8717 5.1383
-0.6140 4.1084 5.1383
-0.6154 4.3790 5.1383
-0.6154 4.6747 5.1383
-0.5937 4.8357 5.1383
-0.5524 4.8486 5.1383
-0.5493 5.2262 5.1383
-0.5436 5.6459 5.1383
-3.0198 2.4967 5.1383
-2.8647 2.5068 5.1383
-2.6577 2.4942 5.1383
-2.4664 2.4841 5.1383
-2.2915 2.4773 5.1383
-2.1116 2.4652 5.1383
-1.8966 2.4350 5.1383
-1.7834 2.4451 5.1383
-1.6933 2.4636 5.1383
-1.5706 2.4658 5.1383
-1.4837 2.4825 5.1383
-1.3562 2.4785 5.1383
-1.2580 2.4864 5.1383
-1.1591 2.4925 5.1383
-1.0632 2.4983 5.1383
-0.9250 2.4805 5.1383
-0.8220 2.4788 5.1383
-0.7184 2.4750 5.1383
-0.6179 2.4711 5.1383
-3.0212 4.0415 5.1383
-3.0114 4.2812 5.1383
-3.0054 4.5309 5.1383
-3.0065 4.7940 5.1383
-3.0637 4.9244 5.1383
-3.0354 5.5676 5.1383
-3.0826 2.5411 5.6054
-3.0282 2.5409 5.6054
-2.9876 2.5517 5.6054
-2.9449 2.5599 5.6054
-2.8910 2.5577 5.6054
-2.8440 2.5608 5.6054
-2.7928 2.5591 5.6054
-2.7470 2.5616 5.6054
-2.6991 2.5614 5.6054
-2.6400 2.5494 5.6054
-2.5927 2.5478 5.6054
-2.5491 2.5491 5.6054
-2.5036 2.5477 5.6054
-2.4549 2.5421 5.6054
-2.4092 2.5388 5.6054
-2.3686 2.5400 5.6054
-2.3274 2.5399 5.6054
-2.2837 2.5364 5.6054
-2.2383 2.5300 5.6054
-2.1932 2.5230 5.6054
-2.1601 2.5291 5.6054
-2.1154 2.5211 5.6054
-2.0717 2.5132 5.6054
-2.0352 2.5133 5.6054
-1.9914 2.5036 5.6054
-1.9529 2.4996 5.6054
-1.9139 2.4943 5.6054
-1.8765 2.4901 5.6054
-1.8338 2.4783 5.6054
-1.8057 2.4853 5.6054
-1.7775 2.4920 5.6054
-1.7454 2.4927 5.6054
-1.7100 2.4880 5.6054
-1.6843 2.4971 5.6054
-1.6536 2.4983 5.6054
-1.6306 2.5110 5.6054
-1.6006 2.5125 5.6054
-1.5680 2.5094 5.6054
-1.5424 2.5170 5.6054
-1.5127 2.5175 5.6054
-1.4820 2.5160 5.6054
-1.4525 2.5158 5.6054
-1.4251 2.5188 5.6054
-1.3972 2.5207 5.6054
-1.3699 2.5231 5.6054
-1.3436 2.5270 5.6054
-1.3114 2.5191 5.6054
-1.2893 2.5305 5.6054
-1.2618 2.5309 5.6054
-1.2274 2.5166 5.6054
-1.2007 2.5173 5.6054
-1.1749 2.5195 5.6054
-1.1479 2.5188 5.6054
-1.1185 2.5123 5.6054
-1.0926 2.5127 5.6054
-1.0663 2.5121 5.6054
-1.0443 2.5213 5.6054
-1.0193 2.5229 5.6054
-0.9892 2.5112 5.6054
-0.9687 2.5235 5.6054
-0.9424 2.5206 5.6054
-0.9129 2.5080 5.6054
-0.8906 2.5150 5.6054
-0.8706 2.5283 5.6054
-0.8447 2.5244 5.6054
-0.8192 2.5213 5.6054
-0.7933 2.5159 5.6054
-0.7692 2.5160 5.6054
-0.7467 2.5207 5.6054
-0.7219 2.5175 5.6054
-0.6970 2.5131 5.6054
-0.6732 2.5124 5.6054
-0.6507 2.5162 5.6054
-0.6256 2.5092 5.6054
-0.5995 2.4970 5.6054
-0.5779 2.5032 5.6054
-0.5584 2.5188 5.6054
-0.5335 2.5099 5.6054
-0.5219 2.5654 5.6054
-0.5106 2.6268 5.6054
-0.6181 3.3352 5.6054
-0.6198 3.5148 5.6054
-0.6206 3.7084 5.6054
-0.6179 3.9014 5.6054
-0.6103 4.0836 5.6054
-0.5816 4.1383 5.6054
-0.5521 4.1938 5.6054
-0.5384 4.3851 5.6054
-0.5341 4.6877 5.6054
-0.5493 5.2262 5.6054
-0.5431 5.6399 5.6054
-3.1261 2.4668 5.6054
-2.9756 2.4807 5.6054
-2.7963 2.4812 5.6054
-2.6110 2.4763 5.6054
-2.4180 2.4651 5.6054
-2.2674 2.4675 5.6054
-2.0876 2.4553 5.6054
-1.8441 2.4128 5.6054
-1.7550 2.4328 5.6054
-1.6650 2.4510 5.6054
-1.5770 2.4687 5.6054
-1.4501 2.4668 5.6054
-1.3571 2.4789 5.6054
-1.2265 2.4711 5.6054
-1.1314 2.4786 5.6054
-1.0320 2.4824 5.6054
-0.9295 2.4828 5.6054
-0.7893 2.4614 5.6054
-0.6850 2.4569 5.6054
-0.5865 2.4536 5.6054
-3.0823 4.0776 5.6054
-3.0784 4.3231 5.6054
-3.0771 4.5783 5.6054
-3.0917 4.8536 5.6054
-3.0892 5.1274 5.6054
-3.1078 2.5167 6.0725
-3.0641 2.5259 6.0725
-3.0152 2.5300 6.0725
-2.9777 2.5432 6.0725
-2.9230 2.5409 6.0725
-2.8700 2.5392 6.0725
-2.8173 2.5367 6.0725
-2.7744 2.5422 6.0725
-2.7323 2.5479 6.0725
-2.6781 2.5414 6.0725
-2.6335 2.5431 6.0725
-2.5927 2.5478 6.0725
-2.5470 2.5470 6.0725
-2.4994 2.5435 6.0725
-2.4501 2.5371 6.0725
-2.4024 2.5316 6.0725
-2.3604 2.5312 6.0725
-2.3193 2.5311 6.0725
-2.2764 2.5282 6.0725
-2.2344 2.5255 6.0725
-2.1939 2.5237 6.0725
-2.1458 2.5124 6.0725
-2.1058 2.5096 6.0725
-2.0673 2.5078 6.0725
-2.0207 2.4954 6.0725
-1.9821 2.4918 6.0725
-1.9350 2.4767 6.0725
-1.9072 2.4856 6.0725
-1.8620 2.4710 6.0725
-1.8166 2.4550 6.0725
-1.7927 2.4675 6.0725
-1.7624 2.4708 6.0725
-1.7356 2.4788 6.0725
-1.7021 2.4765 6.0725
-1.6731 2.4805 6.0725
-1.6431 2.4825 6.0725
-1.6165 2.4892 6.0725
-1.5840 2.4863 6.0725
-1.5558 2.4899 6.0725
-1.5267 2.4914 6.0725
-1.5049 2.5046 6.0725
-1.4653 2.4875 6.0725
-1.4400 2.4942 6.0725
-1.4142 2.4997 6.0725
-1.3875 2.5032 6.0725
-1.3570 2.4994 6.0725
-1.3277 2.4970 6.0725
-1.3007 2.4987 6.0725
-1.2725 2.4975 6.0725
-1.2476 2.5022 6.0725
-1.2165 2.4942 6.0725
-1.1908 2.4966 6.0725
-1.1664 2.5014 6.0725
-1.1387 2.4988 6.0725
-1.1141 2.5022 6.0725
-1.0894 2.5054 6.0725
-1.0655 2.5102 6.0725
-1.0336 2.4954 6.0725
-1.0088 2.4969 6.0725
-0.9841 2.4982 6.0725
-0.9640 2.5113 6.0725
-0.9375 2.5075 6.0725
-0.9101 2.5005 6.0725
-0.8836 2.4952 6.0725
-0.8615 2.5018 6.0725
-0.8351 2.4960 6.0725
-0.8124 2.5003 6.0725
-0.7894 2.5035 6.0725
-0.7660 2.5055 6.0725
-0.7379 2.4910 6.0725
-0.7150 2.4935 6.0725
-0.6916 2.4939 6.0725
-0.6703 2.5017 6.0725
-0.6452 2.4949 6.0725
-0.6220 2.4946 6.0725
-0.5962 2.4834 6.0725
-0.5781 2.5041 6.0725
-0.5547 2.5022 6.0725
-0.5327 2.5060 6.0725
-0.5229 2.5703 6.0725
-0.5146 2.6474 6.0725
-0.6207 3.3490 6.0725
-0.6192 3.5118 6.0725
-0.6176 3.6907 6.0725
-0.6146 3.8806 6.0725
-0.6139 4.1074 6.0725
-0.6108 4.3463 6.0725
-0.6109 4.6400 6.0725
-0.5916 4.8178 6.0725
-0.5496 4.8238 6.0725
-0.5470 5.2043 6.0725
-0.5410 5.6180 6.0725
-3.0828 2.4515 6.0725
-2.9305 2.4643 6.0725
-2.7514 2.4644 6.0725
-2.5644 2.4584 6.0725
-2.4198 2.4658 6.0725
-2.2191 2.4481 6.0725
-1.9823 2.4117 6.0725
-1.8478 2.4143 6.0725
-1.7632 2.4364 6.0725
-1.6394 2.4396 6.0725
-1.5488 2.4558 6.0725
-1.4202 2.4529 6.0725
-1.3282 2.4651 6.0725
-1.1968 2.4566 6.0725
-1.0991 2.4626 6.0725
-0.9982 2.4652 6.0725
-0.8612 2.4473 6.0725
-0.7593 2.4455 6.0725
-0.6534 2.4397 6.0725
-0.5899 2.4556 6.0725
-3.0184 3.8803 6.0725
-2.9985 4.1090 6.0725
-3.0165 4.2844 6.0725
-3.0170 4.5386 6.0725
-3.0024 4.7911 6.0725
-3.0480 5.0044 6.0725
-3.0168 5.5525 6.0725
-3.0923 2.5041 6.5396
-3.0510 2.5151 6.5396
-2.9991 2.5165 6.5396
-2.9542 2.5231 6.5396
-2.8981 2.5193 6.5396
-2.8490 2.5206 6.5396
-2.7965 2.5179 6.5396
-2.7582 2.5274 6.5396
-2.7089 2.5261 6.5396
-2.6621 2.5263 6.5396
-2.6141 2.5244 6.5396
-2.5734 2.5289 6.5396
-2.5237 2.5237 6.5396
-2.4742 2.5178 6.5396
-2.4320 2.5184 6.5396
-2.3838 2.5120 6.5396
-2.3461 2.5159 6.5396
-2.2990 2.5090 6.5396
-2.2576 2.5074 6.5396
-2.2118 2.5000 6.5396
-2.1709 2.4973 6.5396
-2.1263 2.4896 6.5396
-2.0878 2.4881 6.5396
-2.0475 2.4839 6.5396
-2.0050 2.4760 6.5396
-1.9653 2.4707 6.5396
-1.9264 2.4657 6.5396
-1.8872 2.4594 6.5396
-1.8464 2.4502 6.5396
-1.8089 2.4445 6.5396
-1.7892 2.4626 6.5396
-1.7508 2.4546 6.5396
-1.7184 2.4542 6.5396
-1.6930 2.4633 6.5396
-1.6586 2.4589 6.5396
-1.6282 2.4600 6.5396
-1.5991 2.4623 6.5396
-1.5700 2.4644 6.5396
-1.5426 2.4687 6.5396
-1.5163 2.4744 6.5396
-1.4854 2.4721 6.5396
-1.4531 2.4668 6.5396
-1.4310 2.4786 6.5396
-1.4039 2.4814 6.5396
-1.3773 2.4848 6.5396
-1.3470 2.4809 6.5396
-1.3202 2.4828 6.5396
-1.2929 2.4836 6.5396
-1.2625 2.4779 6.5396
-1.2351 2.4772 6.5396
-1.2086 2.4780 6.5396
-1.1848 2.4839 6.5396
-1.1588 2.4851 6.5396
-1.1292 2.4778 6.5396
-1.1092 2.4912 6.5396
-1.0850 2.4953 6.5396
-1.0577 2.4918 6.5396
-1.0256 2.4760 6.5396
-1.0028 2.4821 6.5396
-0.9833 2.4963 6.5396
-0.9543 2.4861 6.5396
-0.9287 2.4841 6.5396
-0.9070 2.4921 6.5396
-0.8823 2.4914 6.5396
-0.8559 2.4858 6.5396
-0.8323 2.4875 6.5396
-0.8087 2.4889 6.5396
-0.7824 2.4816 6.5396
-0.7590 2.4826 6.5396
-0.7350 2.4814 6.5396
-0.7106 2.4781 6.5396
-0.6905 2.4900 6.5396
-0.6628 2.4737 6.5396
-0.6412 2.4794 6.5396
-0.6154 2.4684 6.5396
-0.5932 2.4708 6.5396
-0.5754 2.4924 6.5396
-0.5517 2.4886 6.5396
-0.5293 2.4904 6.5396
-0.5200 2.5556 6.5396
-0.5163 2.6563 6.5396
-0.6145 3.3155 6.5396
-0.6109 3.4646 6.5396
-0.6130 3.6631 6.5396
-0.6085 3.8421 6.5396
-0.6088 4.0738 6.5396
-0.6089 4.3324 6.5396
-0.6106 4.6380 6.5396
-0.5875 4.7851 6.5396
-0.5479 4.8089 6.5396
-3.0818 2.4511 6.5396
-2.8863 2.4482 6.5396
-2.7055 2.4472 6.5396
-2.5420 2.4498 6.5396
-2.3463 2.4369 6.5396
-2.1682 2.4275 6.5396
-1.9583 2.4017 6.5396
-1.7889 2.3893 6.5396
-1.7027 2.4100 6.5396
-1.5801 2.4132 6.5396
-1.4560 2.4135 6.5396
-1.4012 2.4440 6.5396
-1.2686 2.4367 6.5396
-1.1690 2.4430 6.5396
-1.0678 2.4469 6.5396
-0.9697 2.4506 6.5396
-0.8283 2.4302 6.5396
-0.7266 2.4281 6.5396
-0.6174 2.4201 6.5396
-3.0149 3.8783 6.5396
-2.9968 4.1079 6.5396
-2.9898 4.3511 6.5396
-2.9788 4.5994 6.5396
-2.9991 4.7888 6.5396
-3.0415 4.9997 6.5396
-3.0487 2.4688 7.0067
-3.0024 2.4750 7.0067
-2.9370 2.4644 7.0067
-2.8812 2.4608 7.0067
-2.8287 2.4589 7.0067
-2.7988 2.4762 7.0067
-2.7370 2.4644 7.0067
-2.6933 2.4679 7.0067
-2.6395 2.4613 7.0067
-2.5968 2.4643 7.0067
-2.5472 2.4598 7.0067
-2.5035 2.4602 7.0067
-2.4551 2.4551 7.0067
-2.4202 2.4629 7.0067
-2.3743 2.4587 7.0067
-2.3308 2.4561 7.0067
-2.2833 2.4486 7.0067
-2.2484 2.4537 7.0067
-2.2081 2.4524 7.0067
-2.1621 2.4438 7.0067
-2.1191 2.4377 7.0067
-2.0808 2.4363 7.0067
-2.0434 2.4353 7.0067
-2.0024 2.4291 7.0067
-1.9660 2.4278 7.0067
-1.9304 2.4269 7.0067
-1.8901 2.4192 7.0067
-1.8555 2.4181 7.0067
-1.8235 2.4199 7.0067
-1.7898 2.4188 7.0067
-1.7575 2.4190 7.0067
-1.7247 2.4179 7.0067
-1.6961 2.4222 7.0067
-1.6658 2.4238 7.0067
-1.6334 2.4216 7.0067
-1.6034 2.4224 7.0067
-1.5718 2.4204 7.0067
-1.5458 2.4264 7.0067
-1.5187 2.4305 7.0067
-1.4881 2.4283 7.0067
-1.4596 2.4292 7.0067
-1.4353 2.4367 7.0067
-1.3980 2.4214 7.0067
-1.3744 2.4292 7.0067
-1.3439 2.4244 7.0067
-1.3251 2.4405 7.0067
-1.2910 2.4281 7.0067
-1.2620 2.4242 7.0067
-1.2344 2.4226 7.0067
-1.2074 2.4217 7.0067
-1.1814 2.4222 7.0067
-1.1533 2.4180 7.0067
-1.1280 2.4189 7.0067
-1.1023 2.4187 7.0067
-1.0754 2.4154 7.0067
-1.0539 2.4238 7.0067
-1.0272 2.4200 7.0067
-1.0038 2.4233 7.0067
-0.9807 2.4274 7.0067
-0.9525 2.4182 7.0067
-0.9307 2.4245 7.0067
-0.9060 2.4232 7.0067
-0.8828 2.4253 7.0067
-0.8565 2.4188 7.0067
-0.8315 2.4149 7.0067
-0.8120 2.4268 7.0067
-0.7855 2.4176 7.0067
-0.7641 2.4234 7.0067
-0.7420 2.4271 7.0067
-0.7174 2.4220 7.0067
-0.6924 2.4147 7.0067
-0.6697 2.4149 7.0067
-0.6481 2.4187 7.0067
-0.6270 2.4242 7.0067
-0.6038 2.4219 7.0067
-0.5831 2.4290 7.0067
-0.5660 2.4515 7.0067
-0.5448 2.4573 7.0067
-0.5291 2.4894 7.0067
-0.5247 2.5792 7.0067
-0.5203 2.6769 7.0067
-0.6203 3.3470 7.0067
-0.6194 3.5128 7.0067
-0.6179 3.6927 7.0067
-0.6149 3.8826 7.0067
-0.6041 4.0421 7.0067
-0.5760 4.0987 7.0067
-0.5466 4.1522 7.0067
-0.5322 4.3344 7.0067
-0.5261 4.6171 7.0067
-2.9301 2.3974 7.0067
-2.7087 2.3835 7.0067
-2.5462 2.3877 7.0067
-2.3524 2.3771 7.0067
-2.1751 2.3694 7.0067
-2.0189 2.3671 7.0067
-1.8529 2.3581 7.0067
-1.7392 2.3682 7.0067
-1.6229 2.3753 7.0067
-1.4960 2.3757 7.0067
-1.3723 2.3754 7.0067
-1.2408 2.3692 7.0067
-1.1414 2.3760 7.0067
-1.0422 2.3812 7.0067
-0.9434 2.3849 7.0067
-0.8387 2.3839 7.0067
-0.7290 2.3785 7.0067
-0.6657 2.3957 7.0067
-0.5928 2.4068 7.0067
-3.0741 3.9118 7.0067
-3.0628 4.1476 7.0067
-3.0573 4.3940 7.0067
-3.0568 4.6519 7.0067
-2.8916 5.9556 7.0067
-3.0620 2.4795 7.4739
-3.0047 2.4769 7.4739
-2.9569 2.4812 7.4739
-2.9017 2.4783 7.4739
-2.8513 2.4786 7.4739
-2.7944 2.4722 7.4739
-2.7481 2.4744 7.4739
-2.6992 2.4733 7.4739
-2.6541 2.4750 7.4739
-2.6048 2.4719 7.4739
-2.5537 2.4660 7.4739
-2.5149 2.4714 7.4739
-2.4749 2.4749 7.4739
-2.4223 2.4650 7.4739
-2.3764 2.4609 7.4739
-2.3363 2.4619 7.4739
-2.2936 2.4595 7.4739
-2.2450 2.4500 7.4739
-2.2055 2.4494 7.4739
-2.1661 2.4483 7.4739
-2.1302 2.4505 7.4739
-2.0854 2.4417 7.4739
-2.0460 2.4383 7.4739
-2.0043 2.4314 7.4739
-1.9717 2.4348 7.4739
-1.9335 2.4308 7.4739
-1.8888 2.4176 7.4739
-1.8506 2.4118 7.4739
-1.8121 2.4047 7.4739
-1.7934 2.4236 7.4739
-1.7569 2.4182 7.4739
-1.7247 2.4179 7.4739
-1.7007 2.4288 7.4739
-1.6630 2.4196 7.4739
-1.6345 2.4233 7.4739
-1.6012 2.4191 7.4739
-1.5767 2.4280 7.4739
-1.5453 2.4256 7.4739
-1.5177 2.4288 7.4739
-1.4923 2.4351 7.4739
-1.4648 2.4378 7.4739
-1.4318 2.4307 7.4739
-1.4015 2.4275 7.4739
-1.3753 2.4309 7.4739
-1.3516 2.4384 7.4739
-1.3189 2.4291 7.4739
-1.2910 2.4281 7.4739
-1.2629 2.4260 7.4739
-1.2367 2.4271 7.4739
-1.2123 2.4315 7.4739
-1.1849 2.4294 7.4739
-1.1581 2.4280 7.4739
-1.1326 2.4289 7.4739
-1.1052 2.4250 7.4739
-1.0835 2.4337 7.4739
-1.0559 2.4284 7.4739
-1.0323 2.4320 7.4739
-1.0084 2.4344 7.4739
-0.9811 2.4283 7.4739
-0.9588 2.4340 7.4739
-0.9335 2.4320 7.4739
-0.9102 2.4344 7.4739
-0.8879 2.4394 7.4739
-0.8616 2.4330 7.4739
-0.8429 2.4479 7.4739
-0.8155 2.4372 7.4739
-0.7932 2.4414 7.4739
-0.7704 2.4434 7.4739
-0.7491 2.4501 7.4739
-0.7237 2.4431 7.4739
-0.7009 2.4445 7.4739
-0.6793 2.4495 7.4739
-0.6564 2.4496 7.4739
-0.6325 2.4455 7.4739
-0.6075 2.4364 7.4739
-0.5866 2.4436 7.4739
-0.5687 2.4632 7.4739
-0.5420 2.4446 7.4739
-0.5293 2.4904 7.4739
-0.5194 2.5527 7.4739
-0.5543 2.8516 7.4739
-0.6196 3.3431 7.4739
-0.6165 3.4961 7.4739
-0.6153 3.6769 7.4739
-0.6070 3.8322 7.4739
-0.6082 4.0698 7.4739
-0.6083 4.3285 7.4739
-0.6062 4.6043 7.4739
-0.5856 4.7692 7.4739
-0.5447 4.7811 7.4739
-0.5543 5.2739 7.4739
-2.9734 2.4128 7.4739
-2.7529 2.3996 7.4739
-2.5696 2.3965 7.4739
-2.3767 2.3864 7.4739
-2.2003 2.3793 7.4739
-2.0161 2.3660 7.4739
-1.8243 2.3462 7.4739
-1.7373 2.3674 7.4739
-1.6174 2.3730 7.4739
-1.4933 2.3745 7.4739
-1.4032 2.3895 7.4739
-1.2743 2.3848 7.4739
-1.1766 2.3928 7.4739
-1.0800 2.3996 7.4739
-0.9783 2.4023 7.4739
-0.8351 2.3821 7.4739
-0.7281 2.3780 7.4739
-0.6639 2.3948 7.4739
-0.5936 2.4073 7.4739
-2.9964 3.9470 7.4739
-3.0088 4.1152 7.4739
-3.0007 4.3580 7.4739
-2.9904 4.6072 7.4739
-2.9893 4.7819 7.4739
-3.0858 2.4546 7.9410
-3.0456 2.4663 7.9410
-2.9900 2.4648 7.9410
-2.9470 2.4728 7.9410
-2.8827 2.4621 7.9410
-2.8294 2.4596 7.9410
-2.7771 2.4570 7.9410
-2.7340 2.4617 7.9410
-2.6859 2.4612 7.9410
-2.6314 2.4538 7.9410
-2.5896 2.4574 7.9410
-2.5400 2.4528 7.9410
-2.5028 2.4595 7.9410
-2.4537 2.4537 7.9410
-2.4097 2.4522 7.9410
-2.3653 2.4494 7.9410
-2.3198 2.4445 7.9410
-2.2717 2.4361 7.9410
-2.2389 2.4433 7.9410
-2.1954 2.4383 7.9410
-2.1588 2.4401 7.9410
-2.1092 2.4264 7.9410
-2.0724 2.4265 7.9410
-2.0319 2.4215 7.9410
-1.9947 2.4198 7.9410
-1.9547 2.4138 7.9410
-1.9236 2.4183 7.9410
-1.8827 2.4097 7.9410
-1.8494 2.4102 7.9410
-1.8133 2.4063 7.9410
-1.7868 2.4148 7.9410
-1.7540 2.4141 7.9410
-1.7206 2.4122 7.9410
-1.6892 2.4124 7.9410
-1.6624 2.4188 7.9410
-1.6312 2.4183 7.9410
-1.6045 2.4241 7.9410
-1.5713 2.4196 7.9410
-1.5426 2.4214 7.9410
-1.5145 2.4237 7.9410
-1.4839 2.4215 7.9410
-1.4555 2.4224 7.9410
-1.4297 2.4272 7.9410
-1.3970 2.4197 7.9410
-1.3694 2.4205 7.9410
-1.3371 2.4122 7.9410
-1.3088 2.4106 7.9410
-1.2807 2.4087 7.9410
-1.2606 2.4215 7.9410
-1.2285 2.4111 7.9410
-1.2034 2.4136 7.9410
-1.1744 2.4079 7.9410
-1.1533 2.4180 7.9410
-1.1221 2.4062 7.9410
-1.0956 2.4041 7.9410
-1.0701 2.4035 7.9410
-1.0459 2.4054 7.9410
-1.0229 2.4099 7.9410
-0.9988 2.4113 7.9410
-0.9740 2.4107 7.9410
-0.9544 2.4228 7.9410
-0.9275 2.4161 7.9410
-0.9025 2.4138 7.9410
-0.8773 2.4103 7.9410
-0.8572 2.4207 7.9410
-0.8348 2.4243 7.9410
-0.8120 2.4268 7.9410
-0.7886 2.4271 7.9410
-0.7686 2.4377 7.9410
-0.7420 2.4271 7.9410
-0.7205 2.4325 7.9410
-0.6987 2.4368 7.9410
-0.6756 2.4361 7.9410
-0.6525 2.4351 7.9410
-0.6307 2.4388 7.9410
-0.6048 2.4257 7.9410
-0.5857 2.4397 7.9410
-0.5628 2.4379 7.9410
-0.5404 2.4378 7.9410
-0.5312 2.4992 7.9410
-0.5217 2.5645 7.9410
-0.5888 3.0293 7.9410
-0.6129 3.3067 7.9410
-0.6114 3.4675 7.9410
-0.6103 3.6473 7.9410
-0.6071 3.8332 7.9410
-0.6057 4.0530 7.9410
-0.6033 4.2928 7.9410
-0.6041 4.5884 7.9410
-0.5828 4.7464 7.9410
-0.5420 4.7572 7.9410
-0.5216 4.9627 7.9410
-0.5072 5.2676 7.9410
-0.5143 5.8785 7.9410
-2.9084 2.3897 7.9410
-2.7303 2.3914 7.9410
-2.5228 2.3790 7.9410
-2.3282 2.3677 7.9410
-2.1500 2.3595 7.9410
-1.9651 2.3454 7.9410
-1.8252 2.3466 7.9410
-1.7088 2.3553 7.9410
-1.5872 2.3598 7.9410
-1.4988 2.3770 7.9410
-1.3741 2.3762 7.9410
-1.2426 2.3700 7.9410
-1.1486 2.3794 7.9410
-1.0108 2.3659 7.9410
-0.9076 2.3671 7.9410
-0.8048 2.3667 7.9410
-0.6935 2.3600 7.9410
-0.6233 2.3732 7.9410
-3.0183 3.7237 7.9410
-3.0245 3.8837 7.9410
-3.0096 4.1157 7.9410
-3.0058 4.3613 7.9410
-3.0004 4.6139 7.9410
-3.0266 4.7193 7.9410
-3.0633 5.0156 7.9410
-3.0067 5.5443 7.9410
-3.0097 5.8502 7.9410
-3.0757 2.4465 8.4081
-3.0301 2.4537 8.4081
-2.9777 2.4546 8.4081
-2.9225 2.4522 8.4081
-2.8606 2.4432 8.4081
-2.8128 2.4451 8.4081
-2.7607 2.4424 8.4081
-2.7088 2.4390 8.4081
-2.6586 2.4362 8.4081
-2.6102 2.4341 8.4081
-2.5678 2.4368 8.4081
-2.5184 2.4320 8.4081
-2.4714 2.4287 8.4081
-2.4275 2.4275 8.4081
-2.3859 2.4279 8.4081
-2.3382 2.4213 8.4081
-2.2957 2.4191 8.4081
-2.2526 2.4157 8.4081
-2.2173 2.4197 8.4081
-2.1760 2.4167 8.4081
-2.1290 2.4064 8.4081
-2.0915 2.4060 8.4081
-2.0562 2.4074 8.4081
-2.0203 2.4077 8.4081
-1.9782 2.3998 8.4081
-1.9459 2.4029 8.4081
-1.9117 2.4034 8.4081
-1.8765 2.4019 8.4081
-1.8330 2.3888 8.4081
-1.8109 2.4031 8.4081
-1.7773 2.4019 8.4081
-1.7469 2.4044 8.4081
-1.7119 2.4000 8.4081
-1.6777 2.3960 8.4081
-1.6511 2.4023 8.4081
-1.6155 2.3951 8.4081
-1.5879 2.3991 8.4081
-1.5566 2.3969 8.4081
-1.5270 2.3969 8.4081
-1.4970 2.3957 8.4081
-1.4682 2.3959 8.4081
-1.4380 2.3932 8.4081
-1.4135 2.3996 8.4081
-1.3750 2.3816 8.4081
-1.3497 2.3856 8.4081
-1.3250 2.3903 8.4081
-1.2979 2.3904 8.4081
-1.2704 2.3893 8.4081
-1.2407 2.3834 8.4081
-1.2144 2.3834 8.4081
-1.1878 2.3823 8.4081
-1.1639 2.3863 8.4081
-1.1378 2.3855 8.4081
-1.1140 2.3890 8.4081
-1.0915 2.3950 8.4081
-1.0616 2.3844 8.4081
-1.0387 2.3889 8.4081
-1.0147 2.3906 8.4081
-0.9908 2.3919 8.4081
-0.9669 2.3931 8.4081
-0.9437 2.3958 8.4081
-0.9217 2.4012 8.4081
-0.9000 2.4072 8.4081
-0.8759 2.4066 8.4081
-0.8539 2.4113 8.4081
-0.8282 2.4054 8.4081
-0.8082 2.4154 8.4081
-0.7883 2.4261 8.4081
-0.7620 2.4167 8.4081
-0.7406 2.4223 8.4081
-0.7171 2.4210 8.4081
-0.6952 2.4243 8.4081
-0.6734 2.4283 8.4081
-0.6473 2.4158 8.4081
-0.6265 2.4223 8.4081
-0.6046 2.4248 8.4081
-0.5817 2.4231 8.4081
-0.5595 2.4233 8.4081
-0.5392 2.4320 8.4081
-0.5252 2.4708 8.4081
-0.5162 2.5370 8.4081
-0.6199 3.1893 8.4081
-0.6198 3.3440 8.4081
-0.6185 3.5079 8.4081
-0.6156 3.6788 8.4081
-0.6126 3.8678 8.4081
-0.6014 4.0243 8.4081
-0.5763 4.1007 8.4081
-0.5447 4.1373 8.4081
-0.5289 4.3077 8.4081
-0.5218 4.5794 8.4081
-0.5181 4.9298 8.4081
-0.5438 5.6479 8.4081
-0.5157 5.8945 8.4081
-3.0793 2.3825 8.4081
-2.8207 2.3587 8.4081
-2.6401 2.3586 8.4081
-2.4535 2.3530 8.4081
-2.2824 2.3502 8.4081
-2.1026 2.3408 8.4081
-1.9401 2.3353 8.4081
-1.8308 2.3489 8.4081
-1.6830 2.3444 8.4081
-1.5652 2.3502 8.4081
-1.4083 2.3367 8.4081
-1.3131 2.3484 8.4081
-1.1819 2.3417 8.4081
-1.0809 2.3471 8.4081
-0.9820 2.3519 8.4081
-0.9157 2.3711 8.4081
-0.8066 2.3676 8.4081
-0.6988 2.3628 8.4081
-0.5933 2.3572 8.4081
-3.0719 3.7529 8.4081
-3.0863 3.9187 8.4081
-3.0748 4.1548 8.4081
-3.0665 4.3999 8.4081
-3.0725 4.6626 8.4081
-3.0585 5.0120 8.4081
-2.9992 5.7388 8.4081
-3.0295 5.8671 8.4081
-3.0686 2.4409 8.8752
-3.0083 2.4361 8.8752
-2.9515 2.4330 8.8752
-2.8979 2.4317 8.8752
-2.8454 2.4302 8.8752
-2.7970 2.4314 8.8752
-2.7314 2.4166 8.8752
-2.6828 2.4156 8.8752
-2.6321 2.4119 8.8752
-2.5839 2.4095 8.8752
-2.5308 2.4017 8.8752
-2.4803 2.3952 8.8752
-2.4379 2.3957 8.8752
-2.3978 2.3978 8.8752
-2.3466 2.3880 8.8752
-2.3042 2.3861 8.8752
-2.2612 2.3829 8.8752
-2.2288 2.3901 8.8752
-2.1768 2.3755 8.8752
-2.1405 2.3773 8.8752
-2.0972 2.3704 8.8752
-2.0705 2.3819 8.8752
-2.0308 2.3778 8.8752
-1.9997 2.3832 8.8752
-1.9585 2.3758 8.8752
-1.9352 2.3897 8.8752
-1.9018 2.3909 8.8752
-1.8599 2.3806 8.8752
-1.8269 2.3809 8.8752
-1.8085 2.3999 8.8752
-1.7738 2.3971 8.8752
-1.7357 2.3890 8.8752
-1.7044 2.3894 8.8752
-1.6817 2.4018 8.8752
-1.6431 2.3908 8.8752
-1.6116 2.3893 8.8752
-1.5796 2.3866 8.8752
-1.5533 2.3919 8.8752
-1.5195 2.3851 8.8752
-1.4848 2.3762 8.8752
-1.4552 2.3746 8.8752
-1.4339 2.3864 8.8752
-1.4044 2.3841 8.8752
-1.3720 2.3764 8.8752
-1.3463 2.3796 8.8752
-1.3192 2.3798 8.8752
-1.2874 2.3710 8.8752
-1.2577 2.3654 8.8752
-1.2315 2.3657 8.8752
-1.2103 2.3754 8.8752
-1.1793 2.3653 8.8752
-1.1512 2.3602 8.8752
-1.1254 2.3594 8.8752
-1.1018 2.3627 8.8752
-1.0757 2.3604 8.8752
-1.0522 2.3633 8.8752
-1.0292 2.3669 8.8752
-0.9999 2.3556 8.8752
-0.9747 2.3531 8.8752
-0.9537 2.3606 8.8752
-0.9349 2.3735 8.8752
-0.9131 2.3788 8.8752
-0.8878 2.3745 8.8752
-0.8639 2.3737 8.8752
-0.8405 2.3736 8.8752
-0.8201 2.3818 8.8752
-0.7971 2.3822 8.8752
-0.7732 2.3795 8.8752
-0.7542 2.3919 8.8752
-0.7315 2.3927 8.8752
-0.7078 2.3894 8.8752
-0.6869 2.3955 8.8752
-0.6641 2.3946 8.8752
-0.6439 2.4032 8.8752
-0.6214 2.4029 8.8752
-0.5990 2.4025 8.8752
-0.5747 2.3940 8.8752
-0.5298 2.2946 8.8752
-0.5160 2.3275 8.8752
-0.5110 2.4043 8.8752
-0.5108 2.5106 8.8752
-0.5224 2.6877 8.8752
-0.5465 2.9488 8.8752
-0.5501 3.1199 8.8752
-0.5737 3.4283 8.8752
-0.6057 3.8243 8.8752
-0.6050 4.0480 8.8752
-0.6019 4.2829 8.8752
-0.5975 4.5388 8.8752
-0.5790 4.7156 8.8752
-0.5400 4.7393 8.8752
-0.5203 4.9507 8.8752
-3.0368 2.3679 8.8752
-2.7990 2.3510 8.8752
-2.5734 2.3343 8.8752
-2.3355 2.3089 8.8752
-2.1853 2.3129 8.8752
-2.0533 2.3214 8.8752
-1.9419 2.3360 8.8752
-1.7716 2.3244 8.8752
-1.6545 2.3323 8.8752
-1.5028 2.3231 8.8752
-1.3782 2.3233 8.8752
-1.2531 2.3210 8.8752
-1.1556 2.3295 8.8752
-1.0159 2.3161 8.8752
-0.9137 2.3185 8.8752
-0.8083 2.3176 8.8752
-0.7398 2.3335 8.8752
-0.6722 2.3489 8.8752
-0.6021 2.3619 8.8752
-3.0021 3.7927 8.8752
-3.0094 3.9545 8.8752
-2.9862 4.1831 8.8752
-2.9742 4.4252 8.8752
-2.9722 4.6819 8.8752
-3.0365 2.4154 9.3423
-2.9796 2.4128 9.3423
-2.9121 2.4006 9.3423
-2.8665 2.4053 9.3423
-2.8006 2.3919 9.3423
-2.7554 2.3953 9.3423
-2.6895 2.3795 9.3423
-2.6575 2.3928 9.3423
-2.5996 2.3821 9.3423
-2.5561 2.3836 9.3423
-2.5047 2.3769 9.3423
-2.4666 2.3820 9.3423
-2.4251 2.3831 9.3423
-2.3738 2.3738 9.3423
-2.3326 2.3737 9.3423
-2.2986 2.3803 9.3423
-2.2502 2.3712 9.3423
-2.2110 2.3710 9.3423
-2.1713 2.3696 9.3423
-2.1372 2.3736 9.3423
-2.0945 2.3674 9.3423
-2.0613 2.3713 9.3423
-2.0224 2.3679 9.3423
-1.9926 2.3747 9.3423
-1.9629 2.3812 9.3423
-1.9219 2.3734 9.3423
-1.8937 2.3807 9.3423
-1.8550 2.3743 9.3423
-1.8269 2.3809 9.3423
-1.7964 2.3839 9.3423
-1.7553 2.3722 9.3423
-1.7287 2.3793 9.3423
-1.7003 2.3837 9.3423
-1.6599 2.3706 9.3423
-1.6284 2.3694 9.3423
-1.6004 2.3727 9.3423
-1.5636 2.3624 9.3423
-1.5359 2.3651 9.3423
-1.5050 2.3623 9.3423
-1.4774 2.3644 9.3423
-1.4473 2.3618 9.3423
-1.4169 2.3581 9.3423
-1.3907 2.3609 9.3423
-1.3620 2.3591 9.3423
-1.3350 2.3595 9.3423
-1.3075 2.3588 9.3423
-1.2764 2.3508 9.3423
-1.2535 2.3575 9.3423
-1.2343 2.3710 9.3423
-1.2026 2.3603 9.3423
-1.1757 2.3582 9.3423
-1.1525 2.3629 9.3423
-1.1258 2.3603 9.3423
-1.1005 2.3600 9.3423
-1.0757 2.3604 9.3423
-1.0530 2.3652 9.3423
-1.0292 2.3669 9.3423
-1.0038 2.3648 9.3423
-0.9778 2.3605 9.3423
-0.9571 2.3690 9.3423
-0.9342 2.3716 9.3423
-0.9088 2.3676 9.3423
-0.8850 2.3670 9.3423
-0.8650 2.3765 9.3423
-0.8425 2.3792 9.3423
-0.8152 2.3676 9.3423
-0.7948 2.3756 9.3423
-0.7713 2.3738 9.3423
-0.7494 2.3767 9.3423
-0.7265 2.3764 9.3423
-0.7018 2.3692 9.3423
-0.6805 2.3734 9.3423
-0.6622 2.3879 9.3423
-0.6406 2.3907 9.3423
-0.6182 2.3904 9.3423
-0.5963 2.3918 9.3423
-0.5745 2.3930 9.3423
-0.5520 2.3911 9.3423
-0.5387 2.4300 9.3423
-0.5279 2.4835 9.3423
-0.5333 2.6213 9.3423
-0.6201 3.1903 9.3423
-0.6191 3.3401 9.3423
-0.6133 3.4783 9.3423
-0.6123 3.6591 9.3423
-0.5876 3.7098 9.3423
-0.5530 3.6999 9.3423
-0.5280 3.7571 9.3423
-0.5235 3.9767 9.3423
-0.5314 4.3275 9.3423
-2.9517 2.3386 9.3423
-2.7123 2.3203 9.3423
-2.5057 2.3097 9.3423
-2.3121 2.3002 9.3423
-2.1863 2.3133 9.3423
-2.0523 2.3211 9.3423
-1.8613 2.3035 9.3423
-1.7449 2.3133 9.3423
-1.5974 2.3080 9.3423
-1.4762 2.3115 9.3423
-1.3837 2.3257 9.3423
-1.2521 2.3206 9.3423
-1.1528 2.3282 9.3423
-1.0141 2.3153 9.3423
-0.9524 2.3374 9.3423
-0.8486 2.3376 9.3423
-0.7344 2.3308 9.3423
-0.6296 2.3268 9.3423
-2.9975 3.6356 9.3423
-3.0030 3.7932 9.3423
-3.0219 3.8823 9.3423
-3.0791 4.1574 9.3423
-2.9687 4.9468 9.3423
-2.9836 5.2360 9.3423
-2.9906 5.4333 9.3423
-3.0929 2.4165 9.8094
-3.0389 2.4172 9.8094
-2.9796 2.4128 9.8094
-2.9353 2.4196 9.8094
-2.8780 2.4150 9.8094
-2.8249 2.4127 9.8094
-2.7788 2.4156 9.8094
-2.7299 2.4153 9.8094
-2.6805 2.4136 9.8094
-2.6350 2.4146 9.8094
-2.5912 2.4163 9.8094
-2.5533 2.4230 9.8094
-2.5026 2.4167 9.8094
-2.4614 2.4188 9.8094
-2.4204 2.4204 9.8094
-2.3761 2.4179 9.8094
-2.3285 2.4112 9.8094
-2.2867 2.4097 9.8094
-2.2472 2.4098 9.8094
-2.2092 2.4109 9.8094
-2.1673 2.4070 9.8094
-2.1303 2.4079 9.8094
-2.0922 2.4068 9.8094
-2.0562 2.4074 9.8094
-2.0177 2.4046 9.8094
-1.9827 2.4052 9.8094
-1.9402 2.3959 9.8094
-1.9180 2.4112 9.8094
-1.8802 2.4066 9.8094
-1.8592 2.4229 9.8094
-1.8235 2.4199 9.8094
-1.7934 2.4236 9.8094
-1.7651 2.4295 9.8094
-1.7148 2.4041 9.8094
-1.6875 2.4099 9.8094
-1.6624 2.4188 9.8094
-1.6250 2.4092 9.8094
-1.6034 2.4224 9.8094
-1.5691 2.4162 9.8094
-3.0630 5.5258 9.8094
-2.8458 5.2413 9.8094
-2.7905 5.2482 9.8094
-2.7252 5.2351 9.8094
-2.6658 5.2320 9.8094
-2.5456 5.1056 9.8094
-2.5369 5.2013 9.8094
-2.4995 5.2404 9.8094
-2.4017 5.1505 9.8094
-2.3567 5.1713 9.8094
-2.3436 5.2638 9.8094
-2.2725 5.2263 9.8094
-1.9490 4.5915 9.8094
-1.7542 4.2351 9.8094
-2.1057 5.2117 9.8094
-1.2666 3.2155 9.8094
-1.0378 2.7036 9.8094
-1.2793 3.4217 9.8094
-1.9355 5.3177 9.8094
-2.1200 5.9867 9.8094
-1.2990 3.7726 9.8094
-1.1752 3.6169 9.8094
-1.1099 3.5202 9.8094
-1.0701 3.5001 9.8094
-1.0369 3.5007 9.8094
-0.9937 3.4653 9.8094
-0.7397 2.6673 9.8094
-0.6742 2.5162 9.8094
-0.6460 2.4978 9.8094
-0.6186 2.4810 9.8094
-0.5897 2.4562 9.8094
-0.5680 2.4603 9.8094
-0.6578 2.9670 9.8094
-0.7574 3.5634 9.8094
-0.7530 3.7012 9.8094
-1.0161 5.2272 9.8094
-0.9689 5.2280 9.8094
-0.9221 5.2293 9.8094
-0.8756 5.2322 9.8094
-0.8272 5.2229 9.8094
-0.7819 5.2319 9.8094
-0.7361 5.2375 9.8094
-0.6894 5.2368 9.8094
-0.6469 5.2684 9.8094
-0.6234 5.4716 9.8094
-3.0793 2.3825 9.8094
-2.9734 2.4128 9.8094
-2.9737 2.4800 9.8094
-3.1373 2.6087 9.8094
-3.1413 2.6799 9.8094
-3.0777 2.7249 9.8094
-1.0796 2.6711 9.8094
-2.3761 3.5169 9.8094
-2.1719 3.4710 9.8094
-1.9967 3.4381 9.8094
-1.8782 3.4358 9.8094
-1.7891 3.4495 9.8094
-1.7291 3.4800 9.8094
-0.8273 2.9734 9.8094
-1.3296 3.3572 9.8094
-1.4535 3.5037 9.8094
-1.2345 3.4228 9.8094
-1.2968 3.5304 9.8094
-1.0732 3.5045 9.8094
-1.0092 3.5232 9.8094
-0.9124 3.5166 9.8094
-0.7825 3.4833 9.8094
-2.9416 5.2037 9.8094
-2.7643 5.1599 9.8094
-2.6635 5.1731 9.8094
-2.5862 5.2039 9.8094
-2.0126 4.9109 9.8094
-1.7980 5.1662 9.8094
-2.5314 2.7626 10.2765
-2.5438 2.8752 10.2765
-2.5435 2.9260 10.2765
-2.4718 2.8941 10.2765
-2.4612 2.9332 10.2765
-2.4673 2.9931 10.2765
-2.4695 3.0495 10.2765
-2.4664 3.1007 10.2765
-2.4620 3.1513 10.2765
-2.4545 3.1988 10.2765
-2.4524 3.2544 10.2765
-2.4560 3.3191 10.2765
-2.4499 3.3720 10.2765
-2.4657 3.4567 10.2765
-2.4618 3.5158 10.2765
-2.4486 3.5627 10.2765
-2.4196 3.5872 10.2765
-2.3662 3.5749 10.2765
-2.3262 3.5820 10.2765
-2.2792 3.5777 10.2765
-2.2304 3.5694 10.2765
-2.1924 3.5777 10.2765
-2.1508 3.5795 10.2765
-2.1043 3.5723 10.2765
-2.0620 3.5715 10.2765
-2.0204 3.5711 10.2765
-1.9795 3.5711 10.2765
-1.9377 3.5689 10.2765
-1.8981 3.5698 10.2765
-1.8544 3.5622 10.2765
-1.8137 3.5596 10.2765
-1.7808 3.5717 10.2765
-1.7425 3.5727 10.2765
-1.6984 3.5607 10.2765
-1.6613 3.5627 10.2765
-1.2996 2.8518 10.2765
-1.1576 2.6000 10.2765
-1.1372 2.6155 10.2765
-1.4234 3.3534 10.2765
-1.4741 3.5588 10.2765
-1.4385 3.5604 10.2765
-1.4004 3.5551 10.2765
-1.2486 3.2526 10.2765
-1.1648 3.1154 10.2765
-1.1591 3.1846 10.2765
-1.2017 3.3935 10.2765
-1.2163 3.5325 10.2765
-1.1699 3.4965 10.2765
-1.2117 3.7291 10.2765
-1.1307 3.5860 10.2765
-1.1315 3.7009 10.2765
-1.5831 5.3445 10.2765
-1.5659 5.4609 10.2765
-1.4968 5.3973 10.2765
-1.3979 5.2170 10.2765
-1.3568 5.2464 10.2765
-1.3071 5.2425 10.2765
-1.2576 5.2382 10.2765
-1.2249 5.3054 10.2765
-1.1638 5.2495 10.2765
-1.1090 5.2174 10.2765
-1.0598 5.2093 10.2765
-1.0121 5.2066 10.2765
-0.9655 5.2093 10.2765
-0.9189 5.2116 10.2765
-0.8713 5.2066 10.2765
-0.8263 5.2170 10.2765
-0.7784 5.2082 10.2765
-0.7322 5.2098 10.2765
-0.6901 5.2418 10.2765
-0.6475 5.2734 10.2765
-0.6118 5.3693 10.2765
-0.6254 5.9502 10.2765
-2.4387 2.6007 10.2765
-2.2995 2.7979 10.2765
-2.4578 3.0717 10.2765
-1.3184 2.5719 10.2765
-1.2557 2.5964 10.2765
-1.8524 3.0267 10.2765
-2.3908 3.3831 10.2765
-2.5132 3.5217 10.2765
-2.5223 3.5996 10.2765
-2.0553 3.4726 10.2765
-2.0573 3.5435 10.2765
-1.2750 3.1345 10.2765
-1.6986 3.4609 10.2765
-1.6075 3.4704 10.2765
-2.5255 4.1338 10.2765
-1.3593 3.4413 10.2765
-1.2975 3.4653 10.2765
-2.4975 4.3557 10.2765
-2.5125 4.4481 10.2765
-2.5008 4.6920 10.2765
-2.9035 5.1745 10.2765
-2.7651 5.1605 10.2765
-2.6596 5.1700 10.2765
-2.5590 5.1818 10.2765
-2.4248 5.1643 10.2765
-3.0907 2.8821 10.7437
-3.0915 2.9338 10.7437
-3.0874 2.9815 10.7437
-3.0862 3.0328 10.7437
-3.0957 3.0957 10.7437
-3.0882 3.1426 10.7437
-3.0905 3.2003 10.7437
-3.0900 3.2562 10.7437
-3.0652 3.3450 10.7437
-3.0619 3.4006 10.7437
-3.0606 3.4594 10.7437
-3.0618 3.5222 10.7437
-3.0531 3.5747 10.7437
-3.0552 3.6410 10.7437
-3.0532 3.7038 10.7437
-3.0484 3.7645 10.7437
-3.0422 3.8246 10.7437
-3.0327 3.8817 10.7437
-3.0316 3.9509 10.7437
-3.0247 4.0139 10.7437
-3.0152 4.0748 10.7437
-3.0124 4.1462 10.7437
-3.0109 4.2212 10.7437
-3.0096 4.2981 10.7437
-3.0076 4.3761 10.7437
-3.0017 4.4503 10.7437
-2.9987 4.5305 10.7437
-2.9955 4.6127 10.7437
-2.9890 4.6918 10.7437
-2.9893 4.7838 10.7437
-2.9662 4.8404 10.7437
-2.9326 4.8807 10.7437
-2.9290 4.9725 10.7437
-2.9315 5.0775 10.7437
-3.1106 5.7290 10.7437
-2.8314 5.3251 10.7437
-2.7728 5.3265 10.7437
-2.7121 5.3229 10.7437
-2.6509 5.3168 10.7437
-2.5917 5.3137 10.7437
-2.5340 5.3126 10.7437
-2.4774 5.3128 10.7437
-2.4185 5.3069 10.7437
-2.3644 5.3104 10.7437
-2.3147 5.3235 10.7437
-2.2881 5.3905 10.7437
-2.1656 5.2282 10.7437
-1.7599 4.3559 10.7437
-1.6581 4.2092 10.7437
-2.0155 5.2505 10.7437
-1.9577 5.2360 10.7437
-1.8773 5.1580 10.7437
-1.7692 4.9960 10.7437
-1.8046 5.2410 10.7437
-1.7483 5.2253 10.7437
-1.6977 5.2251 10.7437
-1.6470 5.2235 10.7437
-1.5978 5.2262 10.7437
-1.5485 5.2275 10.7437
-1.4981 5.2245 10.7437
-1.4487 5.2238 10.7437
-1.3989 5.2208 10.7437
-1.3490 5.2164 10.7437
-0.7098 2.8468 10.7437
-0.6803 2.8335 10.7437
-1.2046 5.2178 10.7437
-0.6671 3.0089 10.7437
-0.5957 2.8024 10.7437
-0.5939 2.9192 10.7437
-0.5930 3.0509 10.7437
-0.5906 3.1867 10.7437
-0.5934 3.3651 10.7437
-0.5894 3.5220 10.7437
-0.5818 3.6732 10.7437
-0.5753 3.8492 10.7437
-0.5682 4.0433 10.7437
-0.5609 4.2602 10.7437
-0.5515 4.4913 10.7437
-0.5687 4.9917 10.7437
-0.5920 5.6330 10.7437
-3.1371 2.8189 10.7437
-3.1282 2.9578 10.7437
-3.1221 3.0997 10.7437
-3.1063 3.3132 10.7437
-0.7032 2.3149 10.7437
-0.6971 2.3618 10.7437
-0.6931 2.4103 10.7437
-0.6947 2.4621 10.7437
-0.6940 2.5133 10.7437
-0.6876 2.5616 10.7437
-0.6850 2.6125 10.7437
-0.6827 2.6641 10.7437
-0.6423 2.7468 10.7437
-0.6640 2.8144 10.7437
-0.6603 2.8670 10.7437
-0.6595 2.9220 10.7437
-0.6580 2.9771 10.7437
-0.6550 3.0319 10.7437
-0.6564 3.0903 10.7437
-0.6530 3.1461 10.7437
-0.6547 3.2061 10.7437
-0.6525 3.2640 10.7437
-1.7275 4.1197 10.7437
-0.6491 3.3828 10.7437
-0.6496 3.4450 10.7437
-0.6493 3.5074 10.7437
-0.6169 3.6092 10.7437
-0.6169 3.6740 10.7437
-0.6168 3.7397 10.7437
-0.6175 3.8071 10.7437
-0.6188 3.8760 10.7437
-0.6193 3.9452 10.7437
-0.6211 4.0168 10.7437
-1.6903 5.0676 10.7437
-0.5876 4.1288 10.7437
-0.5884 4.2024 10.7437
-0.5911 4.2791 10.7437
-0.5936 4.3569 10.7437
-0.5957 4.4357 10.7437
-1.2493 5.1789 10.7437
-0.6030 4.6009 10.7437
-0.6075 4.6866 10.7437
-0.6039 4.7655 10.7437
-0.6425 4.8918 10.7437
-0.8339 5.1909 10.7437
-0.7639 5.2037 10.7437
-0.6907 5.2120 10.7437
-0.5178 5.2864 10.7437
-0.4896 5.4430 10.7437
-2.9299 2.4152 11.2108
-2.8267 2.3719 11.2108
-2.7679 2.3640 11.2108
-2.7094 2.3553 11.2108
-2.6775 2.3689 11.2108
-2.6292 2.3674 11.2108
-2.5834 2.3673 11.2108
-2.5312 2.3604 11.2108
-2.4895 2.3624 11.2108
-2.4422 2.3584 11.2108
-2.3908 2.3494 11.2108
-2.3434 2.3434 11.2108
-2.3060 2.3466 11.2108
-2.2625 2.3429 11.2108
-2.2213 2.3408 11.2108
-2.1769 2.3345 11.2108
-2.1409 2.3364 11.2108
-2.1024 2.3350 11.2108
-2.0627 2.3315 11.2108
-2.0298 2.3351 11.2108
-1.9925 2.3329 11.2108
-1.9631 2.3395 11.2108
-1.9203 2.3295 11.2108
-1.8829 2.3252 11.2108
-1.8557 2.3330 11.2108
-1.8230 2.3333 11.2108
-1.7849 2.3261 11.2108
-1.7501 2.3224 11.2108
-1.7173 2.3207 11.2108
-1.6893 2.3251 11.2108
-1.6579 2.3243 11.2108
-1.6261 2.3223 11.2108
-1.5995 2.3273 11.2108
-1.5652 2.3205 11.2108
-1.5377 2.3232 11.2108
-1.5059 2.3189 11.2108
-1.4829 2.3278 11.2108
-1.4546 2.3279 11.2108
-1.4228 2.3217 11.2108
-1.3958 2.3229 11.2108
-1.3693 2.3247 11.2108
-1.3420 2.3244 11.2108
-1.3158 2.3256 11.2108
-1.2891 2.3256 11.2108
-1.2626 2.3254 11.2108
-1.2361 2.3248 11.2108
-1.2139 2.3320 11.2108
-1.1904 2.3362 11.2108
-1.1619 2.3304 11.2108
-1.1389 2.3351 11.2108
-1.1133 2.3341 11.2108
-1.0878 2.3328 11.2108
-1.0608 2.3277 11.2108
-1.0376 2.3305 11.2108
-1.0124 2.3284 11.2108
-0.9870 2.3252 11.2108
-0.9613 2.3208 11.2108
-0.9463 2.3421 11.2108
-0.9170 2.3279 11.2108
-0.8970 2.3368 11.2108
-0.8773 2.3464 11.2108
-0.8557 2.3511 11.2108
-0.8349 2.3575 11.2108
-0.8172 2.3733 11.2108
-0.8015 2.3955 11.2108
-0.7883 2.4261 11.2108
-0.7752 2.4587 11.2108
-0.7605 2.4873 11.2108
-0.7475 2.5236 11.2108
-0.7390 2.5771 11.2108
-0.7250 2.6143 11.2108
-0.7120 2.6573 11.2108
-0.7309 2.8260 11.2108
-0.7231 2.9002 11.2108
-0.7143 2.9755 11.2108
-0.7025 3.0430 11.2108
-0.6933 3.1271 11.2108
-0.6899 3.2455 11.2108
-0.6745 3.3151 11.2108
-0.6619 3.4053 11.2108
-0.6491 3.5024 11.2108
-0.6395 3.6270 11.2108
-0.6275 3.7499 11.2108
-0.6148 3.8816 11.2108
-0.6038 4.0401 11.2108
-0.5945 4.2304 11.2108
-0.5891 4.4744 11.2108
-0.5959 4.8536 11.2108
-0.6014 5.2788 11.2108
-0.5538 5.2690 11.2108
-0.5706 5.9256 11.2108
-2.6906 2.3126 11.2108
-2.4597 2.2929 11.2108
-2.2662 2.2830 11.2108
-2.0873 2.2753 11.2108
-1.9230 2.2701 11.2108
-1.7843 2.2724 11.2108
-1.6368 2.2685 11.2108
-1.5146 2.2729 11.2108
-1.3863 2.2725 11.2108
-1.2896 2.2838 11.2108
-1.1930 2.2937 11.2108
-1.0595 2.2847 11.2108
-0.9536 2.2864 11.2108
-3.0016 3.3369 11.2108
-3.0224 3.4214 11.2108
-3.0086 3.5652 11.2108
-3.0311 3.6534 11.2108
-3.0249 3.8053 11.2108
-3.0276 3.9650 11.2108
-3.0285 4.1270 11.2108
-3.0436 4.3014 11.2108
-3.0203 4.6273 11.2108
-2.9653 5.3169 11.2108
-2.8842 2.6429 11.6779
-2.7448 2.5595 11.6779
-2.6766 2.5400 11.6779
-2.6141 2.5244 11.6779
-2.5677 2.5233 11.6779
-2.5378 2.5378 11.6779
-2.4938 2.5377 11.6779
-2.4480 2.5350 11.6779
-2.4010 2.5301 11.6779
-2.3543 2.5246 11.6779
-2.3159 2.5274 11.6779
-2.2623 2.5126 11.6779
-2.2171 2.5060 11.6779
-2.1794 2.5071 11.6779
-2.1419 2.5078 11.6779
-2.0961 2.4981 11.6779
-2.0590 2.4977 11.6779
-2.0289 2.5055 11.6779
-1.9864 2.4973 11.6779
-1.9467 2.4917 11.6779
-1.9176 2.4991 11.6779
-1.8801 2.4949 11.6779
-1.8475 2.4968 11.6779
-1.8151 2.4982 11.6779
-1.7793 2.4944 11.6779
-1.7494 2.4984 11.6779
-1.7213 2.5045 11.6779
-1.6854 2.4987 11.6779
-1.6497 2.4925 11.6779
-1.6208 2.4959 11.6779
-1.5915 2.4981 11.6779
-1.5606 2.4975 11.6779
-1.5283 2.4940 11.6779
-1.5003 2.4969 11.6779
-1.4719 2.4987 11.6779
-1.4385 2.4916 11.6779
-1.4108 2.4936 11.6779
-1.3832 2.4953 11.6779
-1.3618 2.5081 11.6779
-1.3277 2.4970 11.6779
-1.3007 2.4987 11.6779
-1.2734 2.4993 11.6779
-1.2511 2.5094 11.6779
-1.2239 2.5094 11.6779
-1.1981 2.5119 11.6779
-1.1601 2.4878 11.6779
-1.1383 2.4978 11.6779
-1.1112 2.4958 11.6779
-1.0906 2.5082 11.6779
-1.0608 2.4992 11.6779
-1.0413 2.5139 11.6779
-1.0148 2.5117 11.6779
-0.9936 2.5224 11.6779
-0.9715 2.5309 11.6779
-0.9512 2.5440 11.6779
-0.9289 2.5522 11.6779
-0.9103 2.5706 11.6779
-0.8891 2.5822 11.6779
-0.8666 2.5899 11.6779
-0.8436 2.5964 11.6779
-0.8224 2.6084 11.6779
-0.8040 2.6298 11.6779
-0.7881 2.6607 11.6779
-0.7740 2.6992 11.6779
-0.7881 2.8417 11.6779
-0.7770 2.8997 11.6779
-0.7614 2.9441 11.6779
-0.7449 2.9875 11.6779
-0.7276 3.0309 11.6779
-0.7115 3.0819 11.6779
-0.6972 3.1446 11.6779
-0.6905 3.2484 11.6779
-0.6814 3.3494 11.6779
-0.6743 3.4691 11.6779
-0.6635 3.5800 11.6779
-0.6553 3.7167 11.6779
-0.6538 3.9067 11.6779
-0.6242 3.9409 11.6779
-0.5988 4.0065 11.6779
-0.5966 4.2453 11.6779
-0.5880 4.4665 11.6779
-0.5828 4.7464 11.6779
-0.5673 4.9788 11.6779
-0.5677 5.4012 11.6779
-0.5283 5.4866 11.6779
-0.5245 5.9951 11.6779
-2.6110 2.4763 11.6779
-2.4664 2.4841 11.6779
-2.2933 2.4780 11.6779
-2.0848 2.4541 11.6779
-1.9509 2.4581 11.6779
-1.8082 2.4559 11.6779
-1.6641 2.4506 11.6779
-1.5752 2.4678 11.6779
-1.4837 2.4825 11.6779
-1.3544 2.4776 11.6779
-1.2274 2.4715 11.6779
-1.1287 2.4773 11.6779
-1.0668 2.5001 11.6779
-0.9915 2.5151 11.6779
-0.9200 2.5309 11.6779
-3.0192 3.7242 11.6779
-2.9947 3.9460 11.6779
-3.0591 4.0639 11.6779
-3.0504 4.3056 11.6779
-3.0277 4.6324 11.6779
-3.0108 4.9774 11.6779
-3.0331 5.1792 11.6779
-3.0313 5.4657 11.6779
-3.0506 5.7819 11.6779
-2.7763 2.8252 12.1450
-2.7119 2.8083 12.1450
-2.6543 2.7970 12.1450
-2.6066 2.7952 12.1450
-2.5477 2.7803 12.1450
-2.4189 2.6865 12.1450
-2.4331 2.7502 12.1450
-2.3802 2.7381 12.1450
-2.2218 2.6013 12.1450
-2.1771 2.5946 12.1450
-2.1455 2.6027 12.1450
-2.1089 2.6042 12.1450
-2.0611 2.5912 12.1450
-2.0200 2.5855 12.1450
-1.9852 2.5871 12.1450
-1.9493 2.5868 12.1450
-1.9064 2.5764 12.1450
-1.8703 2.5743 12.1450
-1.8373 2.5759 12.1450
-1.8068 2.5803 12.1450
-1.7695 2.5746 12.1450
-1.7380 2.5766 12.1450
-1.7105 2.5842 12.1450
-1.6818 2.5898 12.1450
-1.6457 2.5833 12.1450
-1.6115 2.5789 12.1450
-1.5863 2.5886 12.1450
-1.5528 2.5844 12.1450
-1.5226 2.5849 12.1450
-1.4925 2.5851 12.1450
-1.4674 2.5937 12.1450
-1.4520 2.6195 12.1450
-1.4334 2.6400 12.1450
-1.4187 2.6683 12.1450
-1.4019 2.6930 12.1450
-1.4019 2.7514 12.1450
-1.3689 2.7457 12.1450
-1.3353 2.7377 12.1450
-1.2829 2.6897 12.1450
-1.2400 2.6591 12.1450
-1.2470 2.7363 12.1450
-1.2174 2.7342 12.1450
-1.1915 2.7402 12.1450
-1.1718 2.7606 12.1450
-1.1377 2.7467 12.1450
-1.1137 2.7565 12.1450
-1.0856 2.7559 12.1450
-1.0611 2.7643 12.1450
-1.0331 2.7632 12.1450
-1.0045 2.7599 12.1450
-0.9804 2.7685 12.1450
-0.9604 2.7893 12.1450
-0.9275 2.7720 12.1450
-0.9067 2.7904 12.1450
-0.8820 2.7973 12.1450
-0.8669 2.8354 12.1450
-0.8444 2.8506 12.1450
-0.8294 2.8924 12.1450
-0.8081 2.9140 12.1450
-0.7935 2.9615 12.1450
-0.7732 2.9896 12.1450
-0.7562 3.0331 12.1450
-0.7382 3.0746 12.1450
-0.7252 3.1414 12.1450
-0.7104 3.2042 12.1450
-0.7005 3.2954 12.1450
-0.7000 3.4405 12.1450
-0.6921 3.5604 12.1450
-0.6679 3.9915 12.1450
-0.6378 4.0268 12.1450
-0.6102 4.0827 12.1450
-0.6001 4.2700 12.1450
-0.5987 4.5478 12.1450
-0.5838 4.7543 12.1450
-0.5724 5.0235 12.1450
-0.5796 5.5146 12.1450
-2.8008 2.7507 12.1450
-2.1304 2.5343 12.1450
-1.9430 2.5145 12.1450
-1.8313 2.5250 12.1450
-1.6853 2.5180 12.1450
-1.5978 2.5357 12.1450
-1.5078 2.5508 12.1450
-3.0088 3.3404 12.1450
-1.3065 2.6222 12.1450
-1.2993 2.6754 12.1450
-1.1376 2.7026 12.1450
-1.0386 2.7043 12.1450
-0.9696 2.7211 12.1450
-2.9875 4.0217 12.1450
-3.0345 4.1306 12.1450
-3.0563 4.3093 12.1450
-3.0019 4.7023 12.1450
-3.0172 4.9821 12.1450
-3.0386 5.0899 12.1450
-2.9939 5.7343 12.1450
-2.7555 2.9037 12.6121
-2.6918 2.8867 12.6121
-2.6416 2.8828 12.6121
-2.5915 2.8782 12.6121
-2.5392 2.8700 12.6121
-2.4819 2.8551 12.6121
-2.4302 2.8454 12.6121
-2.3912 2.8497 12.6121
-2.3573 2.8596 12.6121
-2.3090 2.8513 12.6121
-2.2635 2.8456 12.6121
-2.2275 2.8510 12.6121
-2.1806 2.8418 12.6121
-2.1431 2.8439 12.6121
-2.1021 2.8408 12.6121
-2.0631 2.8396 12.6121
-2.0237 2.8372 12.6121
-1.9851 2.8351 12.6121
-1.9467 2.8325 12.6121
-1.9147 2.8386 12.6121
-1.8760 2.8344 12.6121
-1.8316 2.8204 12.6121
-1.8010 2.8270 12.6121
-1.7657 2.8257 12.6121
-1.7316 2.8256 12.6121
-1.6991 2.8278 12.6121
-1.6627 2.8227 12.6121
-1.6315 2.8258 12.6121
-1.6009 2.8295 12.6121
-1.5635 2.8206 12.6121
-1.5288 2.8157 12.6121
-1.5047 2.8298 12.6121
-1.4734 2.8305 12.6121
-1.4396 2.8254 12.6121
-1.4122 2.8325 12.6121
-1.3822 2.8339 12.6121
-1.3514 2.8332 12.6121
-1.3211 2.8331 12.6121
-1.2864 2.8227 12.6121
-1.2621 2.8347 12.6121
-1.2337 2.8374 12.6121
-1.1999 2.8269 12.6121
-1.1756 2.8382 12.6121
-1.1508 2.8483 12.6121
-1.1259 2.8582 12.6121
-1.0941 2.8502 12.6121
-1.0629 2.8428 12.6121
-1.0377 2.8510 12.6121
-1.0128 2.8600 12.6121
-0.9842 2.8583 12.6121
-0.9557 2.8564 12.6121
-0.9326 2.8703 12.6121
-0.9087 2.8821 12.6121
-0.8873 2.9024 12.6121
-0.8660 2.9234 12.6121
-0.8446 2.9453 12.6121
-0.8255 2.9767 12.6121
-0.8101 3.0233 12.6121
-0.7897 3.0535 12.6121
-0.7754 3.1098 12.6121
-0.7587 3.1602 12.6121
-0.7457 3.2300 12.6121
-0.7344 3.3126 12.6121
-0.7325 3.4460 12.6121
-0.7594 3.7325 12.6121
-0.6845 4.0901 12.6121
-0.6520 4.1167 12.6121
-0.6196 4.1460 12.6121
-0.4874 3.4679 12.6121
-0.4570 3.4710 12.6121
-0.4252 3.4630 12.6121
-0.3984 3.4964 12.6121
-0.3710 3.5296 12.6121
-0.3597 3.7357 12.6121
-2.6069 2.8032 12.6121
-2.4297 2.7914 12.6121
-2.2731 2.7859 12.6121
-2.0854 2.7631 12.6121
-1.9754 2.7738 12.6121
-1.8628 2.7815 12.6121
-1.7175 2.7709 12.6121
-1.5996 2.7716 12.6121
-1.5069 2.7834 12.6121
-1.3844 2.7779 12.6121
-1.2923 2.7866 12.6121
-1.1934 2.7901 12.6121
-1.1341 2.8142 12.6121
-1.0331 2.8135 12.6121
-0.9679 2.8321 12.6121
-2.9745 4.0946 12.6121
-2.9129 4.1382 12.6121
-2.7807 3.3139 13.0792
-2.7300 3.3118 13.0792
-2.6796 3.3091 13.0792
-2.6326 3.3096 13.0792
-2.5870 3.3112 13.0792
-2.5300 3.2972 13.0792
-2.4819 3.2936 13.0792
-2.4352 3.2910 13.0792
-2.3923 3.2927 13.0792
-2.3507 3.2955 13.0792
-2.3092 3.2979 13.0792
-2.2639 3.2940 13.0792
-2.2200 3.2913 13.0792
-2.2122 3.3422 13.0792
-2.1655 3.3346 13.0792
-2.1401 3.3592 13.0792
-2.1435 3.4304 13.0792
-2.1051 3.4353 13.0792
-2.0509 3.4132 13.0792
-1.9921 3.3819 13.0792
-1.9200 3.3255 13.0792
-1.8569 3.2821 13.0792
-1.8205 3.2842 13.0792
-1.7874 3.2920 13.0792
-1.7497 3.2907 13.0792
-1.7071 3.2793 13.0792
-1.6652 3.2682 13.0792
-1.6282 3.2656 13.0792
-1.5970 3.2743 13.0792
-1.5572 3.2647 13.0792
-1.5244 3.2691 13.0792
-1.4900 3.2695 13.0792
-1.4598 3.2787 13.0792
-1.4235 3.2739 13.0792
-1.3922 3.2798 13.0792
-1.3578 3.2779 13.0792
-1.3269 3.2841 13.0792
-1.2890 3.2723 13.0792
-1.2557 3.2713 13.0792
-1.2271 3.2821 13.0792
-1.1933 3.2786 13.0792
-1.1600 3.2757 13.0792
-1.1313 3.2857 13.0792
-1.0979 3.2812 13.0792
-1.0670 3.2840 13.0792
-1.0356 3.2846 13.0792
-1.0040 3.2840 13.0792
-0.9762 3.2955 13.0792
-0.9490 3.3096 13.0792
-0.9177 3.3091 13.0792
-0.8916 3.3276 13.0792
-0.8708 3.3672 13.0792
-0.8700 3.4892 13.0792
-0.8458 3.5229 13.0792
-0.8161 3.5350 13.0792
-0.7917 3.5713 13.0792
-0.7668 3.6074 13.0792
-0.8567 4.2107 13.0792
-0.8262 4.2504 13.0792
-0.7900 4.2624 13.0792
-0.7601 4.3105 13.0792
-0.7501 4.4827 13.0792
-0.7410 4.6787 13.0792
-0.7040 4.7107 13.0792
-0.7396 5.2623 13.0792
-0.7386 5.6106 13.0792
-2.6832 3.2523 13.0792
-2.5209 3.2410 13.0792
-2.3575 3.2262 13.0792
-2.2462 3.2361 13.0792
-2.1342 3.2437 13.0792
-1.9920 3.2327 13.0792
-1.8756 3.2337 13.0792
-1.7277 3.2145 13.0792
-1.6382 3.2269 13.0792
-1.5164 3.2185 13.0792
-1.4233 3.2254 13.0792
-1.3619 3.2505 13.0792
-1.2667 3.2533 13.0792
-1.2046 3.2760 13.0792
-1.1074 3.2746 13.0792
-1.0125 3.3350 13.0792
-2.8803 4.7056 13.0792
-2.8536 5.4203 13.0792
-2.8514 5.6147 13.0792
