-3.0273 4.3235 0.0000
-2.9498 4.2920 0.0000
-2.8357 4.2040 0.0000
-2.7785 4.1978 0.0000
-2.7232 4.1934 0.0000
-2.6763 4.2009 0.0000
-2.6385 4.2224 0.0000
-2.6141 4.2658 0.0000
-2.6015 4.3296 0.0000
-2.5839 4.3866 0.0000
-2.5660 4.4444 0.0000
-2.5119 4.4397 0.0000
-2.4599 4.4378 0.0000
-2.4097 4.4380 0.0000
-2.3563 4.4315 0.0000
-2.3097 4.4368 0.0000
-2.2604 4.4363 0.0000
-2.2105 4.4335 0.0000
-2.1616 4.4320 0.0000
-2.1121 4.4281 0.0000
-2.0636 4.4255 0.0000
-2.0179 4.4279 0.0000
-1.9723 4.4298 0.0000
-1.9232 4.4230 0.0000
-1.8775 4.4230 0.0000
-1.8323 4.4235 0.0000
-1.7861 4.4208 0.0000
-1.7438 4.4269 0.0000
-1.6972 4.4214 0.0000
-1.6537 4.4230 0.0000
-1.6106 4.4250 0.0000
-1.5652 4.4200 0.0000
-1.5214 4.4184 0.0000
-1.4786 4.4192 0.0000
-1.4323 4.4081 0.0000
-1.3899 4.4081 0.0000
-1.3484 4.4105 0.0000
-1.3068 4.4115 0.0000
-1.2655 4.4132 0.0000
-1.2232 4.4105 0.0000
-1.1802 4.4046 0.0000
-1.1405 4.4099 0.0000
-1.0988 4.4071 0.0000
-1.0603 4.4165 0.0000
-1.0177 4.4081 0.0000
-0.9766 4.4050 0.0000
-0.9362 4.4046 0.0000
-0.8968 4.4077 0.0000
-0.7917 4.0728 0.0000
-0.7555 4.0766 0.0000
-0.7177 4.0702 0.0000
-0.6826 4.0793 0.0000
-0.6444 4.0683 0.0000
-0.6057 4.0530 0.0000
-0.5340 3.7997 0.0000
-0.4242 3.2222 0.0000
-0.3967 3.2307 0.0000
-0.3684 3.2331 0.0000
-0.3407 3.2411 0.0000
-0.4249 4.4126 0.0000
-2.8254 3.5440 0.0000
-2.7089 3.5558 0.0000
-2.6593 3.6026 0.0000
-2.9549 3.8444 0.0000
-2.9791 3.9370 0.0000
-2.9832 4.0192 0.0000
-2.5309 3.9041 0.0000
-2.3524 3.8695 0.0000
-2.2324 3.8686 0.0000
-2.1104 3.8642 0.0000
-1.9889 3.8580 0.0000
-1.8663 3.8489 0.0000
-1.7435 3.8374 0.0000
-1.6180 3.8217 0.0000
-1.5234 3.8257 0.0000
-0.8466 3.4050 0.0000
-0.4502 3.1746 0.0000
-0.4846 3.2588 0.0000
-0.8797 3.6215 0.0000
-0.5516 3.4311 0.0000
-0.9128 3.7805 0.0000
-0.5167 3.5280 0.0000
-2.8583 5.6205 0.0000
-2.8580 5.8225 0.0000
-2.9354 3.3179 0.4442
-2.9195 3.3585 0.4442
-2.9836 3.4933 0.4442
-2.9433 3.5077 0.4442
-2.9005 3.5186 0.4442
-2.9402 3.6308 0.4442
-2.9339 3.6884 0.4442
-2.9435 3.7675 0.4442
-2.9373 3.8279 0.4442
-2.9381 3.8989 0.4442
-2.9360 3.9678 0.4442
-2.9366 4.0418 0.4442
-2.9343 4.1137 0.4442
-2.9304 4.1850 0.4442
-2.9300 4.2632 0.4442
-2.9296 4.3433 0.4442
-2.9258 4.4204 0.4442
-2.9247 4.5037 0.4442
-2.9046 4.5594 0.4442
-2.8224 4.5167 0.4442
-2.7384 4.4687 0.4442
-2.6612 4.4290 0.4442
-2.5996 4.4133 0.4442
-2.5390 4.3977 0.4442
-2.4725 4.3701 0.4442
-2.4110 4.3495 0.4442
-2.3567 4.3405 0.4442
-2.2976 4.3211 0.4442
-2.2326 4.2887 0.4442
-2.1728 4.2644 0.4442
-2.1208 4.2536 0.4442
-2.0669 4.2378 0.4442
-2.0161 4.2268 0.4442
-1.9614 4.2062 0.4442
-1.9072 4.1849 0.4442
-1.8661 4.1913 0.4442
-1.8151 4.1745 0.4442
-1.7727 4.1763 0.4442
-1.7290 4.1741 0.4442
-1.6824 4.1640 0.4442
-1.6394 4.1618 0.4442
-1.5998 4.1675 0.4442
-1.5560 4.1616 0.4442
-1.5199 4.1760 0.4442
-1.4794 4.1778 0.4442
-1.4390 4.1792 0.4442
-1.4019 4.1897 0.4442
-1.3603 4.1866 0.4442
-1.3162 4.1744 0.4442
-1.2788 4.1829 0.4442
-1.2400 4.1862 0.4442
-1.2067 4.2084 0.4442
-1.1668 4.2072 0.4442
-1.1295 4.2153 0.4442
-1.0919 4.2221 0.4442
-1.0557 4.2344 0.4442
-1.0146 4.2259 0.4442
-0.9788 4.2395 0.4442
-0.9400 4.2401 0.4442
-0.9052 4.2589 0.4442
-0.8678 4.2656 0.4442
-0.8298 4.2691 0.4442
-0.7922 4.2742 0.4442
-0.5861 3.3237 0.4442
-0.5471 3.2695 0.4442
-0.5181 3.2712 0.4442
-0.5012 3.3538 0.4442
-0.4875 3.4689 0.4442
-0.4356 3.3085 0.4442
-0.3952 3.2188 0.4442
-0.3694 3.2420 0.4442
-0.3410 3.2441 0.4442
-2.9709 3.2486 0.4442
-3.0106 3.3413 0.4442
-2.9967 3.4835 0.4442
-3.0086 3.5652 0.4442
-3.0121 3.7204 0.4442
-3.0236 3.8833 0.4442
-3.0028 4.1115 0.4442
-2.9906 4.3516 0.4442
-2.4850 4.1864 0.4442
-2.2924 4.1363 0.4442
-2.1028 4.0844 0.4442
-1.9432 4.0494 0.4442
-1.7839 4.0115 0.4442
-1.6912 4.0187 0.4442
-0.4839 3.1996 0.4442
-0.4199 3.2101 0.4442
-0.5512 3.3695 0.4442
-0.5508 3.4305 0.4442
-1.2470 4.0463 0.4442
-0.5493 3.5544 0.4442
-0.5498 3.6186 0.4442
-1.0520 4.1048 0.4442
-0.5179 3.7220 0.4442
-0.5517 3.8176 0.4442
-0.5526 3.8863 0.4442
-0.5535 3.9559 0.4442
-0.5549 4.0272 0.4442
-0.6227 4.1616 0.4442
-0.5210 4.1384 0.4442
-2.9803 3.3100 0.8885
-2.9553 3.3403 0.8885
-2.9195 3.3585 0.8885
-2.9037 3.3998 0.8885
-2.8990 3.4549 0.8885
-2.9406 3.5672 0.8885
-2.9458 3.6378 0.8885
-2.9501 3.7088 0.8885
-2.9484 3.7738 0.8885
-2.9464 3.8398 0.8885
-2.9363 3.8965 0.8885
-2.9378 3.9702 0.8885
-2.9307 4.0338 0.8885
-2.9343 4.1137 0.8885
-2.9287 4.1826 0.8885
-2.9329 4.2673 0.8885
-2.9179 4.3259 0.8885
-2.8447 4.2978 0.8885
-2.7798 4.2806 0.8885
-2.7091 4.2524 0.8885
-2.6369 4.2199 0.8885
-2.5576 4.1737 0.8885
-2.5000 4.1607 0.8885
-2.4387 4.1401 0.8885
-2.3775 4.1180 0.8885
-2.3208 4.1020 0.8885
-2.2641 4.0845 0.8885
-2.2016 4.0549 0.8885
-2.1436 4.0315 0.8885
-2.0996 4.0332 0.8885
-2.0470 4.0175 0.8885
-1.9941 3.9995 0.8885
-1.9446 3.9871 0.8885
-1.8899 3.9623 0.8885
-1.8397 3.9452 0.8885
-1.7998 3.9492 0.8885
-1.7591 3.9511 0.8885
-1.7190 3.9534 0.8885
-1.6751 3.9462 0.8885
-1.6325 3.9413 0.8885
-1.5898 3.9350 0.8885
-1.5499 3.9347 0.8885
-1.5112 3.9369 0.8885
-1.4716 3.9359 0.8885
-1.4327 3.9364 0.8885
-1.3950 3.9393 0.8885
-1.3583 3.9447 0.8885
-1.3222 3.9517 0.8885
-1.2867 3.9602 0.8885
-1.2488 3.9608 0.8885
-1.2154 3.9754 0.8885
-1.1835 3.9954 0.8885
-1.1472 4.0008 0.8885
-1.1130 4.0135 0.8885
-1.0754 4.0134 0.8885
-1.0376 4.0120 0.8885
-1.0059 4.0345 0.8885
-0.9681 4.0324 0.8885
-0.9331 4.0417 0.8885
-0.8954 4.0389 0.8885
-0.8628 4.0593 0.8885
-0.8256 4.0579 0.8885
-0.7888 4.0580 0.8885
-0.7523 4.0589 0.8885
-0.7156 4.0584 0.8885
-0.5526 3.3021 0.8885
-0.5187 3.2752 0.8885
-0.4901 3.2796 0.8885
-0.4647 3.3065 0.8885
-0.4260 3.2361 0.8885
-0.3953 3.2198 0.8885
-0.3681 3.2311 0.8885
-0.3420 3.2541 0.8885
-0.4534 4.7092 0.8885
-0.4937 5.6424 0.8885
-2.9953 3.2603 0.8885
-2.9468 3.3101 0.8885
-3.0113 3.5665 0.8885
-3.0157 3.7223 0.8885
-3.0219 3.8823 0.8885
-2.7430 3.9555 0.8885
-2.5416 3.9876 0.8885
-2.1380 3.8084 0.8885
-2.0164 3.8032 0.8885
-1.8930 3.7946 0.8885
-1.7701 3.7841 0.8885
-1.6454 3.7700 0.8885
-1.5533 3.7764 0.8885
-1.4599 3.7804 0.8885
-1.3644 3.7812 0.8885
-0.4839 3.1996 0.8885
-0.4215 3.2113 0.8885
-1.1740 3.8474 0.8885
-1.1095 3.8670 0.8885
-0.5496 3.4917 0.8885
-0.5493 3.5544 0.8885
-0.5498 3.6186 0.8885
-0.8176 3.9081 0.8885
-0.5179 3.7220 0.8885
-0.5517 3.8176 0.8885
-0.5526 3.8863 0.8885
-0.5527 3.9552 0.8885
-2.9770 3.3063 1.3327
-2.9546 3.3396 1.3327
-2.9234 3.3630 1.3327
-2.9102 3.4074 1.3327
-2.9022 3.4587 1.3327
-2.9412 3.5680 1.3327
-2.9515 3.6448 1.3327
-2.9495 3.7080 1.3327
-2.9466 3.7714 1.3327
-2.9482 3.8422 1.3327
-2.9477 3.9117 1.3327
-2.9426 3.9767 1.3327
-2.9366 4.0418 1.3327
-2.9372 4.1178 1.3327
-2.8891 4.1261 1.3327
-2.8343 4.1239 1.3327
-2.7535 4.0822 1.3327
-2.6653 4.0268 1.3327
-2.5898 3.9879 1.3327
-2.5092 3.9386 1.3327
-2.4355 3.8976 1.3327
-2.3768 3.8787 1.3327
-2.3079 3.8410 1.3327
-2.2474 3.8153 1.3327
-2.1860 3.7863 1.3327
-2.1179 3.7434 1.3327
-2.0575 3.7119 1.3327
-2.0079 3.6981 1.3327
-1.9586 3.6837 1.3327
-1.9107 3.6705 1.3327
-1.8736 3.6772 1.3327
-1.8370 3.6844 1.3327
-1.7973 3.6851 1.3327
-1.7552 3.6798 1.3327
-1.7163 3.6805 1.3327
-1.6799 3.6863 1.3327
-1.6424 3.6889 1.3327
-1.6046 3.6902 1.3327
-1.5590 3.6728 1.3327
-1.5269 3.6863 1.3327
-1.4924 3.6939 1.3327
-1.4510 3.6835 1.3327
-1.4159 3.6886 1.3327
-1.3812 3.6942 1.3327
-1.3500 3.7090 1.3327
-1.3152 3.7140 1.3327
-1.2798 3.7168 1.3327
-1.2492 3.7336 1.3327
-1.2194 3.7529 1.3327
-1.1857 3.7605 1.3327
-1.1528 3.7707 1.3327
-1.1224 3.7893 1.3327
-1.0868 3.7903 1.3327
-1.0540 3.8006 1.3327
-1.0223 3.8154 1.3327
-0.9865 3.8145 1.3327
-0.9541 3.8268 1.3327
-0.9198 3.8311 1.3327
-0.8856 3.8361 1.3327
-0.8545 3.8544 1.3327
-0.8198 3.8568 1.3327
-0.7869 3.8678 1.3327
-0.7533 3.8755 1.3327
-0.7184 3.8760 1.3327
-0.6710 3.8053 1.3327
-0.5521 3.2991 1.3327
-0.5181 3.2712 1.3327
-0.4916 3.2895 1.3327
-0.4622 3.2887 1.3327
-0.4243 3.2232 1.3327
-0.3950 3.2168 1.3327
-0.3677 3.2271 1.3327
-0.3423 3.2571 1.3327
-0.4932 5.1223 1.3327
-0.5075 5.8008 1.3327
-2.9944 3.2598 1.3327
-2.9450 3.3093 1.3327
-3.0104 3.5661 1.3327
-3.0148 3.7218 1.3327
-3.0201 3.8813 1.3327
-2.0863 3.4908 1.3327
-1.9690 3.4904 1.3327
-1.8804 3.5054 1.3327
-1.7910 3.5187 1.3327
-1.6690 3.5096 1.3327
-1.5158 3.4781 1.3327
-1.4227 3.4833 1.3327
-1.3597 3.5073 1.3327
-1.2968 3.5304 1.3327
-1.2026 3.5969 1.3327
-0.5169 3.2239 1.3327
-0.4199 3.2101 1.3327
-0.5861 3.3963 1.3327
-0.9456 3.7389 1.3327
-0.5504 3.4923 1.3327
-0.5501 3.5550 1.3327
-0.5498 3.6186 1.3327
-0.5502 3.6838 1.3327
-0.5506 3.7499 1.3327
-0.5517 3.8176 1.3327
-2.9830 3.3129 1.7770
-2.9553 3.3403 1.7770
-2.9195 3.3585 1.7770
-2.9043 3.4005 1.7770
-2.9028 3.4595 1.7770
-2.9450 3.5726 1.7770
-2.9490 3.6417 1.7770
-2.9457 3.7033 1.7770
-2.9453 3.7698 1.7770
-2.9458 3.8390 1.7770
-2.9531 3.9189 1.7770
-2.9503 3.9871 1.7770
-2.9189 4.0176 1.7770
-2.8472 3.9916 1.7770
-2.7623 3.9450 1.7770
-2.6502 3.8561 1.7770
-2.5768 3.8202 1.7770
-2.4716 3.7341 1.7770
-2.3861 3.6742 1.7770
-2.3018 3.6131 1.7770
-2.2246 3.5601 1.7770
-2.1114 3.4455 1.7770
-2.0663 3.4390 1.7770
-2.0220 3.4327 1.7770
-1.9845 3.4373 1.7770
-1.9500 3.4466 1.7770
-1.9116 3.4486 1.7770
-1.8762 3.4555 1.7770
-1.8366 3.4541 1.7770
-1.7980 3.4540 1.7770
-1.7683 3.4705 1.7770
-1.7268 3.4634 1.7770
-1.6851 3.4550 1.7770
-1.6458 3.4506 1.7770
-1.6043 3.4403 1.7770
-1.5563 3.4151 1.7770
-1.5131 3.3984 1.7770
-1.4714 3.3840 1.7770
-1.4391 3.3902 1.7770
-1.4083 3.3999 1.7770
-1.3786 3.4120 1.7770
-1.3524 3.4332 1.7770
-1.3242 3.4496 1.7770
-1.2961 3.4666 1.7770
-1.2720 3.4947 1.7770
-1.2494 3.5283 1.7770
-1.2225 3.5504 1.7770
-1.1943 3.5695 1.7770
-1.1650 3.5855 1.7770
-1.1367 3.6051 1.7770
-1.1107 3.6330 1.7770
-1.0790 3.6426 1.7770
-1.0485 3.6566 1.7770
-1.0176 3.6695 1.7770
-0.9864 3.6811 1.7770
-0.9560 3.6964 1.7770
-0.9212 3.6949 1.7770
-0.8880 3.6989 1.7770
-0.8571 3.7123 1.7770
-0.8229 3.7119 1.7770
-0.7942 3.7365 1.7770
-0.7584 3.7276 1.7770
-0.7285 3.7479 1.7770
-0.6976 3.7639 1.7770
-0.6251 3.5453 1.7770
-0.5508 3.2912 1.7770
-0.5170 3.2643 1.7770
-0.4913 3.2875 1.7770
-0.4621 3.2877 1.7770
-0.4246 3.2252 1.7770
-0.3957 3.2228 1.7770
-0.3684 3.2331 1.7770
-0.3427 3.2610 1.7770
-0.4485 4.6575 1.7770
-0.5222 5.9682 1.7770
-2.9944 3.2598 1.7770
-2.9450 3.3093 1.7770
-3.0104 3.5661 1.7770
-3.0113 3.7199 1.7770
-2.1372 3.3132 1.7770
-2.0218 3.3165 1.7770
-1.9641 3.3510 1.7770
-1.8175 3.3325 1.7770
-1.5764 3.2545 1.7770
-1.4864 3.2640 1.7770
-3.0156 4.2839 1.7770
-1.3606 3.3773 1.7770
-1.2333 3.4868 1.7770
-1.1383 3.5510 1.7770
-1.0740 3.5702 1.7770
-0.5177 3.2245 1.7770
-0.4199 3.2101 1.7770
-0.9122 3.6465 1.7770
-0.8471 3.6620 1.7770
-0.5512 3.4929 1.7770
-0.5501 3.5550 1.7770
-0.5498 3.6186 1.7770
-0.5502 3.6838 1.7770
-0.5506 3.7499 1.7770
-2.9756 3.3048 2.2212
-2.9540 3.3388 2.2212
-2.9208 3.3600 2.2212
-2.9069 3.4036 2.2212
-2.9054 3.4625 2.2212
-2.9533 3.5827 2.2212
-2.9503 3.6433 2.2212
-2.9501 3.7088 2.2212
-2.9539 3.7809 2.2212
-2.9525 3.8478 2.2212
-2.9567 3.9237 2.2212
-2.9319 3.9622 2.2212
-2.8519 3.9254 2.2212
-2.7560 3.8638 2.2212
-2.6488 3.7828 2.2212
-2.5551 3.7176 2.2212
-2.4431 3.6221 2.2212
-2.3176 3.5015 2.2212
-2.1933 3.3773 2.2212
-2.1401 3.3592 2.2212
-2.0905 3.3455 2.2212
-2.0524 3.3492 2.2212
-2.0097 3.3447 2.2212
-1.9708 3.3457 2.2212
-1.9300 3.3429 2.2212
-1.8934 3.3465 2.2212
-1.8559 3.3480 2.2212
-1.8089 3.3316 2.2212
-1.7624 3.3146 2.2212
-1.7200 3.3041 2.2212
-1.6793 3.2958 2.2212
-1.6317 3.2728 2.2212
-1.5913 3.2626 2.2212
-1.5417 3.2322 2.2212
-1.5109 3.2401 2.2212
-1.4842 3.2568 2.2212
-1.4638 3.2879 2.2212
-1.4395 3.3106 2.2212
-1.4187 3.3424 2.2212
-1.3895 3.3546 2.2212
-1.3621 3.3712 2.2212
-1.3407 3.4035 2.2212
-1.3152 3.4262 2.2212
-1.2874 3.4432 2.2212
-1.2627 3.4693 2.2212
-1.2324 3.4802 2.2212
-1.2059 3.5022 2.2212
-1.1778 3.5202 2.2212
-1.1499 3.5389 2.2212
-1.1207 3.5545 2.2212
-1.0903 3.5661 2.2212
-1.0642 3.5927 2.2212
-1.0323 3.5999 2.2212
-1.0027 3.6155 2.2212
-0.9732 3.6319 2.2212
-0.9379 3.6267 2.2212
-0.9055 3.6318 2.2212
-0.8733 3.6376 2.2212
-0.8411 3.6432 2.2212
-0.8108 3.6572 2.2212
-0.7803 3.6710 2.2212
-0.7492 3.6826 2.2212
-0.7195 3.7017 2.2212
-0.6858 3.7000 2.2212
-0.6060 3.4370 2.2212
-0.5493 3.2824 2.2212
-0.5181 3.2712 2.2212
-0.4907 3.2835 2.2212
-0.4612 3.2817 2.2212
-0.4250 3.2281 2.2212
-0.3973 3.2357 2.2212
-0.3692 3.2400 2.2212
-0.3430 3.2630 2.2212
-0.5053 5.2477 2.2212
-0.5048 5.7700 2.2212
-2.9953 3.2603 2.2212
-2.9450 3.3093 2.2212
-3.0104 3.5661 2.2212
-2.2212 3.2910 2.2212
-2.0497 3.2647 2.2212
-1.8756 3.2337 2.2212
-1.6385 3.1630 2.2212
-1.5788 3.1919 2.2212
-1.4864 3.2640 2.2212
-3.0131 4.2823 2.2212
-1.3614 3.3779 2.2212
-1.2976 3.4005 2.2212
-1.1708 3.5086 2.2212
-1.1058 3.5278 2.2212
-0.6169 3.2381 2.2212
-0.5169 3.2239 2.2212
-0.4191 3.2095 2.2212
-0.8463 3.5960 2.2212
-0.5512 3.4929 2.2212
-0.5501 3.5550 2.2212
-0.5498 3.6186 2.2212
-0.5502 3.6838 2.2212
-2.8596 5.8238 2.2212
-2.9770 3.3063 2.6654
-2.9506 3.3351 2.6654
-2.9149 3.3532 2.6654
-2.9043 3.4005 2.6654
-2.9048 3.4618 2.6654
-2.9565 3.5865 2.6654
-2.9528 3.6464 2.6654
-2.9582 3.7190 2.6654
-2.9496 3.7754 2.6654
-2.9580 3.8549 2.6654
-2.9507 3.9157 2.6654
-2.9247 3.9526 2.6654
-2.8649 3.9431 2.6654
-2.7705 3.8841 2.6654
-2.6631 3.8033 2.6654
-2.5687 3.7374 2.6654
-2.4426 3.6212 2.6654
-2.3397 3.5348 2.6654
-2.2564 3.4746 2.6654
-2.1325 3.3474 2.6654
-2.0752 3.3210 2.6654
-2.0346 3.3202 2.6654
-1.9860 3.3052 2.6654
-1.9398 3.2931 2.6654
-1.8930 3.2788 2.6654
-1.8456 3.2621 2.6654
-1.7972 3.2422 2.6654
-1.7435 3.2112 2.6654
-1.7000 3.1972 2.6654
-1.6609 3.1906 2.6654
-1.6185 3.1764 2.6654
-1.5920 3.1931 2.6654
-1.5733 3.2258 2.6654
-1.5546 3.2592 2.6654
-1.5328 3.2872 2.6654
-1.5087 3.3104 2.6654
-1.4830 3.3308 2.6654
-1.4546 3.3454 2.6654
-1.4320 3.3737 2.6654
-1.4083 3.3999 2.6654
-1.3808 3.4176 2.6654
-1.3564 3.4435 2.6654
-1.3260 3.4542 2.6654
-1.2972 3.4694 2.6654
-1.2648 3.4750 2.6654
-1.2371 3.4934 2.6654
-1.2059 3.5022 2.6654
-1.1731 3.5060 2.6654
-1.1437 3.5199 2.6654
-1.1126 3.5288 2.6654
-1.0850 3.5488 2.6654
-1.0537 3.5572 2.6654
-1.0226 3.5663 2.6654
-0.9939 3.5837 2.6654
-0.9659 3.6048 2.6654
-0.9332 3.6083 2.6654
-0.9041 3.6260 2.6654
-0.8717 3.6308 2.6654
-0.8402 3.6393 2.6654
-0.8075 3.6426 2.6654
-0.7780 3.6602 2.6654
-0.7466 3.6698 2.6654
-0.7159 3.6831 2.6654
-0.6837 3.6892 2.6654
-0.5970 3.3858 2.6654
-0.5499 3.2863 2.6654
-0.5184 3.2732 2.6654
-0.4901 3.2796 2.6654
-0.4590 3.2659 2.6654
-0.4250 3.2281 2.6654
-0.3973 3.2357 2.6654
-0.3695 3.2430 2.6654
-0.3440 3.2730 2.6654
-0.5148 5.3463 2.6654
-0.5098 5.8267 2.6654
-2.9718 3.2491 2.6654
-3.0322 3.3518 2.6654
-3.0368 3.5039 2.6654
-3.0095 3.7190 2.6654
-1.8179 3.1362 2.6654
-1.7311 3.1520 2.6654
-2.3763 3.5890 2.6654
-1.6400 3.2279 2.6654
-1.5154 3.3464 2.6654
-1.4531 3.3721 2.6654
-1.3916 3.3975 2.6654
-1.3284 3.4209 2.6654
-1.2652 3.4435 2.6654
-1.1708 3.5086 2.6654
-1.1058 3.5278 2.6654
-0.4831 3.1990 2.6654
-0.4199 3.2101 2.6654
-0.8797 3.6215 2.6654
-0.5831 3.4557 2.6654
-0.7484 3.6498 2.6654
-0.5501 3.5550 2.6654
-0.5498 3.6186 2.6654
-0.5502 3.6838 2.6654
-2.9481 5.7976 2.6654
-2.9770 3.3063 3.1097
-2.9553 3.3403 3.1097
-2.9182 3.3569 3.1097
-2.9076 3.4043 3.1097
-2.9041 3.4610 3.1097
-2.9552 3.5850 3.1097
-2.9559 3.6503 3.1097
-2.9576 3.7182 3.1097
-2.9527 3.7793 3.1097
-2.9592 3.8565 3.1097
-2.9525 3.9181 3.1097
-2.9503 3.9871 3.1097
-2.8995 3.9909 3.1097
-2.7792 3.8964 3.1097
-2.7050 3.8631 3.1097
-2.6270 3.8223 3.1097
-2.5550 3.7879 3.1097
-2.4793 3.7458 3.1097
-2.3915 3.6826 3.1097
-2.2894 3.5937 3.1097
-2.0948 3.3523 3.1097
-2.0310 3.3142 3.1097
-1.9700 3.2787 3.1097
-1.9165 3.2535 3.1097
-1.8515 3.2069 3.1097
-1.8121 3.2029 3.1097
-1.7700 3.1932 3.1097
-1.7330 3.1919 3.1097
-1.7112 3.2183 3.1097
-1.6974 3.2607 3.1097
-1.6680 3.2736 3.1097
-1.6411 3.2916 3.1097
-1.6123 3.3058 3.1097
-1.5968 3.3477 3.1097
-1.5683 3.3633 3.1097
-1.5406 3.3805 3.1097
-1.5122 3.3966 3.1097
-1.4841 3.4133 3.1097
-1.4574 3.4335 3.1097
-1.4251 3.4405 3.1097
-1.3928 3.4473 3.1097
-1.3634 3.4612 3.1097
-1.3353 3.4785 3.1097
-1.3112 3.5069 3.1097
-1.2774 3.5098 3.1097
-1.2448 3.5151 3.1097
-1.2153 3.5296 3.1097
-1.1883 3.5515 3.1097
-1.1570 3.5608 3.1097
-1.1279 3.5774 3.1097
-1.1011 3.6014 3.1097
-1.0665 3.6004 3.1097
-1.0358 3.6124 3.1097
-1.0110 3.6454 3.1097
-0.9773 3.6473 3.1097
-0.9479 3.6654 3.1097
-0.9169 3.6774 3.1097
-0.8859 3.6901 3.1097
-0.8526 3.6929 3.1097
-0.8207 3.7021 3.1097
-0.7861 3.6984 3.1097
-0.7570 3.7208 3.1097
-0.7216 3.7125 3.1097
-0.6894 3.7197 3.1097
-0.5920 3.3572 3.1097
-0.5496 3.2843 3.1097
-0.5170 3.2643 3.1097
-0.4897 3.2766 3.1097
-0.4582 3.2600 3.1097
-0.4254 3.2311 3.1097
-0.3967 3.2307 3.1097
-0.3683 3.2321 3.1097
-0.3445 3.2779 3.1097
-0.5133 5.3313 3.1097
-2.9935 3.2594 3.1097
-2.9432 3.3084 3.1097
-3.0368 3.5039 3.1097
-3.0086 3.7185 3.1097
-1.8468 3.1522 3.1097
-1.7886 3.1845 3.1097
-2.1399 3.4525 3.1097
-1.6986 3.2625 3.1097
-1.6373 3.2911 3.1097
-1.5451 3.3650 3.1097
-1.4537 3.4378 3.1097
-1.3910 3.4623 3.1097
-1.2968 3.5304 3.1097
-1.2026 3.5969 3.1097
-0.6169 3.2381 3.1097
-0.4831 3.1990 3.1097
-0.4199 3.2101 3.1097
-0.9447 3.6714 3.1097
-0.5823 3.4551 3.1097
-0.7813 3.6759 3.1097
-0.5501 3.5550 3.1097
-0.5505 3.6193 3.1097
-0.5502 3.6838 3.1097
-0.5506 3.7499 3.1097
-2.9837 3.3137 3.5539
-2.9513 3.3358 3.5539
-2.9155 3.3539 3.5539
-2.9076 3.4043 3.5539
-2.9048 3.4618 3.5539
-2.9552 3.5850 3.5539
-2.9540 3.6479 3.5539
-2.9551 3.7150 3.5539
-2.9552 3.7825 3.5539
-2.9604 3.8581 3.5539
-2.9531 3.9189 3.5539
-2.9414 3.9751 3.5539
-2.8484 3.9205 3.5539
-2.7630 3.8736 3.5539
-2.6602 3.7992 3.5539
-2.5766 3.7490 3.5539
-2.5231 3.7406 3.5539
-2.4589 3.7150 3.5539
-2.3801 3.6650 3.5539
-2.3238 3.6477 3.5539
-2.2606 3.6178 3.5539
-2.2023 3.5939 3.5539
-2.1214 3.5307 3.5539
-2.0520 3.4836 3.5539
-1.9050 3.2996 3.5539
-1.8446 3.2604 3.5539
-1.7982 3.2440 3.5539
-1.7717 3.2630 3.5539
-1.7450 3.2819 3.5539
-1.7200 3.3041 3.5539
-1.6875 3.3119 3.5539
-1.6679 3.3453 3.5539
-1.6439 3.3705 3.5539
-1.6187 3.3937 3.5539
-1.5920 3.4141 3.5539
-1.5592 3.4215 3.5539
-1.5301 3.4368 3.5539
-1.5105 3.4738 3.5539
-1.4750 3.4749 3.5539
-1.4477 3.4950 3.5539
-1.4235 3.5233 3.5539
-1.3982 3.5495 3.5539
-1.3643 3.5541 3.5539
-1.3346 3.5697 3.5539
-1.3106 3.6009 3.5539
-1.2775 3.6075 3.5539
-1.2473 3.6223 3.5539
-1.2143 3.6292 3.5539
-1.1860 3.6502 3.5539
-1.1571 3.6699 3.5539
-1.1215 3.6684 3.5539
-1.0940 3.6934 3.5539
-1.0607 3.6989 3.5539
-1.0337 3.7273 3.5539
-1.0014 3.7372 3.5539
-0.9680 3.7429 3.5539
-0.9336 3.7444 3.5539
-0.9037 3.7640 3.5539
-0.8701 3.7689 3.5539
-0.8370 3.7753 3.5539
-0.8046 3.7854 3.5539
-0.7731 3.8001 3.5539
-0.7405 3.8097 3.5539
-0.7065 3.8121 3.5539
-0.5878 3.3336 3.5539
-0.5493 3.2824 3.5539
-0.5175 3.2673 3.5539
-0.4906 3.2825 3.5539
-0.4562 3.2461 3.5539
-0.4246 3.2252 3.5539
-0.3967 3.2307 3.5539
-0.3686 3.2351 3.5539
-0.3437 3.2700 3.5539
-0.5260 5.4627 3.5539
-0.5102 5.8317 3.5539
-2.9926 3.2590 3.5539
-2.9450 3.3093 3.5539
-3.0341 3.5025 3.5539
-3.0077 3.7180 3.5539
-3.0141 3.8778 3.5539
-1.7571 3.2315 3.5539
-1.8175 3.3325 3.5539
-1.6690 3.3101 3.5539
-1.6075 3.3382 3.5539
-3.0114 4.2812 3.5539
-1.5155 3.4119 3.5539
-1.4537 3.4378 3.5539
-1.3597 3.5073 3.5539
-1.2344 3.6195 3.5539
-0.6169 3.2381 3.5539
-0.4839 3.1996 3.5539
-0.4191 3.2095 3.5539
-0.9780 3.6970 3.5539
-0.5823 3.4551 3.5539
-0.8807 3.7550 3.5539
-0.5501 3.5550 3.5539
-0.5505 3.6193 3.5539
-0.5502 3.6838 3.5539
-0.5506 3.7499 3.5539
-0.5509 3.8170 3.5539
-2.9877 3.3181 3.9981
-2.9520 3.3366 3.9981
-2.9155 3.3539 3.9981
-2.9089 3.4059 3.9981
-2.9093 3.4671 3.9981
-2.9565 3.5865 3.9981
-2.9591 3.6541 3.9981
-2.9582 3.7190 3.9981
-2.9632 3.7927 3.9981
-2.9580 3.8549 3.9981
-2.9573 3.9245 3.9981
-2.8837 3.8971 3.9981
-2.7832 3.8307 3.9981
-2.6858 3.7653 3.9981
-2.6035 3.7181 3.9981
-2.5420 3.6987 3.9981
-2.4599 3.6469 3.9981
-2.3899 3.6107 3.9981
-2.3256 3.5811 3.9981
-2.2620 3.5507 3.9981
-2.1727 3.4770 3.9981
-2.1130 3.4481 3.9981
-2.0627 3.4330 3.9981
-1.9982 3.3922 3.9981
-1.9615 3.3974 3.9981
-1.9190 3.3918 3.9981
-1.8806 3.3926 3.9981
-1.8394 3.3878 3.9981
-1.7774 3.3428 3.9981
-1.6932 3.2527 3.9981
-1.6562 3.2504 3.9981
-1.6264 3.2620 3.9981
-1.6040 3.2887 3.9981
-1.5808 3.3143 3.9981
-1.5548 3.3343 3.9981
-1.5290 3.3550 3.9981
-1.5118 3.3956 3.9981
-1.4873 3.4206 3.9981
-1.4645 3.4501 3.9981
-1.4397 3.4756 3.9981
-1.4156 3.5038 3.9981
-1.3872 3.5216 3.9981
-1.3586 3.5392 3.9981
-1.3290 3.5547 3.9981
-1.3034 3.5812 3.9981
-1.2741 3.5981 3.9981
-1.2466 3.6204 3.9981
-1.2150 3.6311 3.9981
-1.1866 3.6521 3.9981
-1.1595 3.6775 3.9981
-1.1294 3.6942 3.9981
-1.0974 3.7049 3.9981
-1.0662 3.7182 3.9981
-1.0337 3.7273 3.9981
-0.9988 3.7275 3.9981
-0.9642 3.7283 3.9981
-0.9338 3.7453 3.9981
-0.9032 3.7621 3.9981
-0.8647 3.7455 3.9981
-0.8331 3.7578 3.9981
-0.8034 3.7796 3.9981
-0.7710 3.7894 3.9981
-0.7405 3.8097 3.9981
-0.7094 3.8278 3.9981
-0.5842 3.3129 3.9981
-0.5488 3.2794 3.9981
-0.5176 3.2683 3.9981
-0.4906 3.2825 3.9981
-0.4551 3.2382 3.9981
-0.4253 3.2301 3.9981
-0.3953 3.2198 3.9981
-0.3688 3.2371 3.9981
-0.3425 3.2590 3.9981
-0.3117 3.2370 3.9981
-0.5046 5.7680 3.9981
-2.9926 3.2590 3.9981
-2.9441 3.3088 3.9981
-3.0323 3.5016 3.9981
-3.0373 3.6567 3.9981
-2.0218 3.3165 3.9981
-1.6982 3.1975 3.9981
-1.6994 3.2630 3.9981
-1.5768 3.3194 3.9981
-3.0046 4.2770 3.9981
-1.4843 3.3920 3.9981
-3.0170 4.4530 3.9981
-1.3606 3.5078 3.9981
-1.2658 3.5751 3.9981
-2.9741 4.8605 3.9981
-0.5845 3.2146 3.9981
-0.4847 3.2001 3.9981
-0.4215 3.2113 3.9981
-0.9772 3.6964 3.9981
-0.5831 3.4557 3.9981
-0.8470 3.7282 3.9981
-0.5509 3.5557 3.9981
-0.5505 3.6193 3.9981
-0.5510 3.6845 3.9981
-0.5506 3.7499 3.9981
-0.5509 3.8170 3.9981
-2.9816 3.3115 4.4424
-2.9480 3.3321 4.4424
-2.9149 3.3532 4.4424
-2.9121 3.4097 4.4424
-2.9131 3.4717 4.4424
-2.9635 3.5950 4.4424
-2.9553 3.6495 4.4424
-2.9613 3.7229 4.4424
-2.9638 3.7935 4.4424
-2.9574 3.8541 4.4424
-2.9555 3.9221 4.4424
-2.8724 3.8818 4.4424
-2.7708 3.8137 4.4424
-2.6747 3.7498 4.4424
-2.6000 3.7132 4.4424
-2.5313 3.6830 4.4424
-2.4481 3.6295 4.4424
-2.3739 3.5865 4.4424
-2.3016 3.5442 4.4424
-2.2362 3.5102 4.4424
-2.1716 3.4753 4.4424
-2.1031 3.4319 4.4424
-2.0483 3.4090 4.4424
-1.9890 3.3767 4.4424
-1.9350 3.3515 4.4424
-1.8816 3.3256 4.4424
-1.8486 3.3349 4.4424
-1.7979 3.3114 4.4424
-1.7493 3.2899 4.4424
-1.7094 3.2837 4.4424
-1.6634 3.2646 4.4424
-1.6090 3.2271 4.4424
-1.5878 3.2554 4.4424
-1.5615 3.2737 4.4424
-1.5400 3.3026 4.4424
-1.5157 3.3259 4.4424
-1.4960 3.3600 4.4424
-1.4726 3.3867 4.4424
-1.4465 3.4077 4.4424
-1.4205 3.4294 4.4424
-1.3950 3.4528 4.4424
-1.3674 3.4714 4.4424
-1.3389 3.4879 4.4424
-1.3115 3.5078 4.4424
-1.2843 3.5285 4.4424
-1.2558 3.5462 4.4424
-1.2274 3.5646 4.4424
-1.1956 3.5733 4.4424
-1.1702 3.6017 4.4424
-1.1415 3.6203 4.4424
-1.1101 3.6311 4.4424
-1.0815 3.6512 4.4424
-1.0485 3.6566 4.4424
-1.0144 3.6579 4.4424
-0.9825 3.6667 4.4424
-0.9507 3.6761 4.4424
-0.9181 3.6823 4.4424
-0.8871 3.6950 4.4424
-0.8586 3.7192 4.4424
-0.8259 3.7255 4.4424
-0.7932 3.7316 4.4424
-0.7622 3.7463 4.4424
-0.7314 3.7626 4.4424
-0.6978 3.7649 4.4424
-0.5835 3.3090 4.4424
-0.5491 3.2814 4.4424
-0.5156 3.2554 4.4424
-0.4897 3.2766 4.4424
-0.4561 3.2451 4.4424
-0.4241 3.2212 4.4424
-0.3952 3.2188 4.4424
-0.3684 3.2331 4.4424
-0.3447 3.2799 4.4424
-2.9718 3.2491 4.4424
-3.0297 3.5003 4.4424
-3.0355 3.6558 4.4424
-3.0398 3.8135 4.4424
-1.8164 3.2003 4.4424
-1.6679 3.1800 4.4424
-1.6098 3.2102 4.4424
-2.9995 4.2738 4.4424
-1.4531 3.3721 4.4424
-3.0170 4.4530 4.4424
-1.3601 3.4419 4.4424
-1.2663 3.5095 4.4424
-1.2019 3.5304 4.4424
-0.5845 3.2146 4.4424
-0.4494 3.1740 4.4424
-0.6172 3.3587 4.4424
-0.9447 3.6714 4.4424
-0.5831 3.4557 4.4424
-0.8142 3.7021 4.4424
-0.5501 3.5550 4.4424
-0.5505 3.6193 4.4424
-0.5510 3.6845 4.4424
-0.5506 3.7499 4.4424
-2.9816 3.3115 4.8866
-2.9467 3.3306 4.8866
-2.9227 3.3622 4.8866
-2.9219 3.4211 4.8866
-2.9228 3.4832 4.8866
-2.9552 3.5850 4.8866
-2.9578 3.6526 4.8866
-2.9669 3.7299 4.8866
-2.9700 3.8014 4.8866
-2.9653 3.8644 4.8866
-2.9609 3.9293 4.8866
-2.8700 3.8786 4.8866
-2.7790 3.8250 4.8866
-2.6858 3.7653 4.8866
-2.6178 3.7386 4.8866
-2.5358 3.6896 4.8866
-2.4700 3.6619 4.8866
-2.3949 3.6182 4.8866
-2.3223 3.5761 4.8866
-2.2685 3.5608 4.8866
-2.2124 3.5406 4.8866
-2.1506 3.5095 4.8866
-2.1044 3.5024 4.8866
-2.0581 3.4939 4.8866
-2.0015 3.4667 4.8866
-1.9273 3.4066 4.8866
-1.8510 3.3393 4.8866
-1.7607 3.2428 4.8866
-1.7159 3.2272 4.8866
-1.6895 3.2456 4.8866
-1.6444 3.2272 4.8866
-1.6059 3.2209 4.8866
-1.5856 3.2509 4.8866
-1.5468 3.2430 4.8866
-1.5142 3.2473 4.8866
-1.4854 3.2595 4.8866
-1.4602 3.2796 4.8866
-1.4343 3.2987 4.8866
-1.4101 3.3221 4.8866
-1.3842 3.3417 4.8866
-1.3632 3.3740 4.8866
-1.3366 3.3932 4.8866
-1.3070 3.4048 4.8866
-1.2814 3.4273 4.8866
-1.2556 3.4496 4.8866
-1.2291 3.4708 4.8866
-1.2040 3.4965 4.8866
-1.1747 3.5107 4.8866
-1.1486 3.5351 4.8866
-1.1201 3.5526 4.8866
-1.0935 3.5766 4.8866
-1.0710 3.6157 4.8866
-1.0447 3.6432 4.8866
-1.0131 3.6531 4.8866
-0.9869 3.6831 4.8866
-0.9549 3.6925 4.8866
-0.9268 3.7172 4.8866
-0.8950 3.7281 4.8866
-0.8611 3.7299 4.8866
-0.8303 3.7451 4.8866
-0.7982 3.7551 4.8866
-0.7648 3.7590 4.8866
-0.7312 3.7616 4.8866
-0.6991 3.7718 4.8866
-0.5802 3.2902 4.8866
-0.5471 3.2695 4.8866
-0.5156 3.2554 4.8866
-0.4894 3.2746 4.8866
-0.4540 3.2303 4.8866
-0.4237 3.2182 4.8866
-0.3963 3.2278 4.8866
-0.3690 3.2390 4.8866
-0.3524 3.3525 4.8866
-2.9709 3.2486 4.8866
-3.0243 3.4975 4.8866
-3.0320 3.6539 4.8866
-3.0363 3.8116 4.8866
-2.3465 3.5001 4.8866
-1.6705 3.1815 4.8866
-1.5788 3.1919 4.8866
-1.5173 3.2190 4.8866
-3.0323 4.2113 4.8866
-1.4238 3.2892 4.8866
-1.3304 3.3577 4.8866
-1.2337 3.4223 4.8866
-0.6185 3.2393 4.8866
-0.4839 3.1996 4.8866
-0.4215 3.2113 4.8866
-0.9447 3.6714 4.8866
-0.5839 3.4563 4.8866
-0.5509 3.5557 4.8866
-0.5505 3.6193 4.8866
-0.6506 3.7680 4.8866
-0.5506 3.7499 4.8866
-0.5509 3.8170 4.8866
-2.9890 3.3196 5.3309
-2.9460 3.3299 5.3309
-2.9273 3.3675 5.3309
-2.9245 3.4241 5.3309
-2.9311 3.4932 5.3309
-2.9648 3.5965 5.3309
-2.9641 3.6604 5.3309
-2.9700 3.7338 5.3309
-2.9681 3.7990 5.3309
-2.9628 3.8613 5.3309
-2.9573 3.9245 5.3309
-2.9390 3.9719 5.3309
-2.8408 3.9100 5.3309
-2.7380 3.8386 5.3309
-2.6511 3.7861 5.3309
-2.5783 3.7514 5.3309
-2.5002 3.7066 5.3309
-2.4291 3.6699 5.3309
-2.3594 3.6331 5.3309
-2.2948 3.6021 5.3309
-2.2299 3.5686 5.3309
-2.1741 3.5478 5.3309
-2.1137 3.5178 5.3309
-2.0601 3.4974 5.3309
-2.0195 3.4979 5.3309
-1.9717 3.4849 5.3309
-1.9237 3.4705 5.3309
-1.8624 3.4300 5.3309
-1.7924 3.3711 5.3309
-1.7186 3.3015 5.3309
-1.6466 3.2317 5.3309
-1.6130 3.2352 5.3309
-1.5830 3.2455 5.3309
-1.5572 3.2647 5.3309
-1.5257 3.2718 5.3309
-1.5053 3.3032 5.3309
-1.4813 3.3271 5.3309
-1.4526 3.3408 5.3309
-1.4281 3.3644 5.3309
-1.4056 3.3934 5.3309
-1.3808 3.4176 5.3309
-1.3546 3.4388 5.3309
-1.3238 3.4486 5.3309
-1.2975 3.4704 5.3309
-1.2713 3.4928 5.3309
-1.2441 3.5132 5.3309
-1.2153 3.5296 5.3309
-1.1874 3.5486 5.3309
-1.1625 3.5779 5.3309
-1.1364 3.6041 5.3309
-1.0996 3.5967 5.3309
-1.0710 3.6157 5.3309
-1.0416 3.6326 5.3309
-1.0054 3.6252 5.3309
-0.9739 3.6348 5.3309
-0.9412 3.6393 5.3309
-0.9128 3.6609 5.3309
-0.8810 3.6697 5.3309
-0.8505 3.6841 5.3309
-0.8190 3.6943 5.3309
-0.7899 3.7160 5.3309
-0.7584 3.7276 5.3309
-0.7256 3.7331 5.3309
-0.6945 3.7472 5.3309
-0.5802 3.2902 5.3309
-0.5468 3.2676 5.3309
-0.5162 3.2594 5.3309
-0.4888 3.2707 5.3309
-0.4537 3.2283 5.3309
-0.4245 3.2242 5.3309
-0.3973 3.2357 5.3309
-0.3698 3.2460 5.3309
-0.3490 3.3207 5.3309
-2.9709 3.2486 5.3309
-3.0483 3.4344 5.3309
-3.0249 3.6501 5.3309
-3.0345 3.8106 5.3309
-2.7834 3.8240 5.3309
-1.6684 3.2447 5.3309
-1.6090 3.2741 5.3309
-1.5478 3.3017 5.3309
-3.0145 4.4513 5.3309
-1.3910 3.4623 5.3309
-1.2968 3.5304 5.3309
-1.2338 3.5527 5.3309
-1.1383 3.5510 5.3309
-0.5837 3.2140 5.3309
-0.4864 3.2013 5.3309
-0.4183 3.2089 5.3309
-0.9122 3.6465 5.3309
-0.5839 3.4563 5.3309
-0.7813 3.6759 5.3309
-0.5509 3.5557 5.3309
-0.5505 3.6193 5.3309
-0.5502 3.6838 5.3309
-0.5506 3.7499 5.3309
-3.0111 3.2860 5.7751
-2.9803 3.3100 5.7751
-2.9467 3.3306 5.7751
-2.9280 3.3683 5.7751
-2.9316 3.4325 5.7751
-2.9382 3.5016 5.7751
-2.9667 3.5989 5.7751
-2.9660 3.6627 5.7751
-2.9681 3.7315 5.7751
-2.9632 3.7927 5.7751
-2.9610 3.8589 5.7751
-2.9591 3.9269 5.7751
-2.9628 4.0040 5.7751
-2.9595 4.0734 5.7751
-2.8826 4.0413 5.7751
-2.7750 3.9631 5.7751
-2.6955 3.9220 5.7751
-2.6198 3.8840 5.7751
-2.5367 3.8325 5.7751
-2.4678 3.8000 5.7751
-2.4109 3.7843 5.7751
-2.3438 3.7509 5.7751
-2.2729 3.7090 5.7751
-2.2049 3.6695 5.7751
-2.1388 3.6309 5.7751
-2.0800 3.6027 5.7751
-2.0244 3.5780 5.7751
-1.9780 3.5684 5.7751
-1.9229 3.5416 5.7751
-1.8755 3.5274 5.7751
-1.8114 3.4797 5.7751
-1.7592 3.4527 5.7751
-1.7254 3.4607 5.7751
-1.6798 3.4442 5.7751
-1.6295 3.4163 5.7751
-1.5827 3.3941 5.7751
-1.5414 3.3823 5.7751
-1.5106 3.3929 5.7751
-1.4790 3.4014 5.7751
-1.4480 3.4114 5.7751
-1.4201 3.4285 5.7751
-1.3883 3.4361 5.7751
-1.3597 3.4518 5.7751
-1.3288 3.4617 5.7751
-1.3070 3.4957 5.7751
-1.2833 3.5257 5.7751
-1.2601 3.5585 5.7751
-1.2333 3.5816 5.7751
-1.2061 3.6046 5.7751
-1.1801 3.6321 5.7751
-1.1484 3.6422 5.7751
-1.1189 3.6598 5.7751
-1.0881 3.6732 5.7751
-1.0551 3.6797 5.7751
-1.0241 3.6926 5.7751
-0.9884 3.6889 5.7751
-0.9602 3.7128 5.7751
-0.9285 3.7240 5.7751
-0.8922 3.7164 5.7751
-0.8620 3.7338 5.7751
-0.8290 3.7392 5.7751
-0.7971 3.7502 5.7751
-0.7656 3.7629 5.7751
-0.7331 3.7714 5.7751
-0.7029 3.7924 5.7751
-0.5791 3.2843 5.7751
-0.5453 3.2587 5.7751
-0.5156 3.2554 5.7751
-0.4870 3.2588 5.7751
-0.4536 3.2273 5.7751
-0.4229 3.2123 5.7751
-0.3963 3.2278 5.7751
-0.3694 3.2420 5.7751
-0.3491 3.3217 5.7751
-2.9935 3.2594 5.7751
-2.9459 3.3097 5.7751
-3.0438 3.4322 5.7751
-3.0223 3.6487 5.7751
-3.0293 3.8077 5.7751
-3.0388 3.9715 5.7751
-2.4206 3.6878 5.7751
-1.8482 3.4178 5.7751
-1.7883 3.4490 5.7751
-1.6986 3.4609 5.7751
-1.5459 3.4312 5.7751
-1.4528 3.4372 5.7751
-1.3918 3.4629 5.7751
-1.3282 3.4860 5.7751
-1.2655 3.5089 5.7751
-1.1701 3.5736 5.7751
-0.5853 3.2152 5.7751
-0.4502 3.1746 5.7751
-0.6188 3.3599 5.7751
-0.9780 3.6970 5.7751
-0.5831 3.4557 5.7751
-0.5825 3.5178 5.7751
-0.5505 3.6193 5.7751
-0.5510 3.6845 5.7751
-0.5506 3.7499 5.7751
-0.5509 3.8170 5.7751
-0.5519 3.8856 5.7751
-3.0239 3.3001 6.2193
-2.9843 3.3144 6.2193
-2.9460 3.3299 6.2193
-2.9280 3.3683 6.2193
-2.9316 3.4325 6.2193
-2.9523 3.5184 6.2193
-2.9673 3.5996 6.2193
-2.9735 3.6720 6.2193
-2.9669 3.7299 6.2193
-2.9663 3.7966 6.2193
-2.9641 3.8628 6.2193
-2.9645 3.9341 6.2193
-2.9658 4.0080 6.2193
-2.9642 4.0799 6.2193
-2.9593 4.1487 6.2193
-2.8616 4.0867 6.2193
-2.7714 4.0324 6.2193
-2.6707 3.9595 6.2193
-2.5996 3.9276 6.2193
-2.5304 3.8965 6.2193
-2.4705 3.8779 6.2193
-2.4117 3.8595 6.2193
-2.3450 3.8266 6.2193
-2.2878 3.8075 6.2193
-2.2174 3.7645 6.2193
-2.1650 3.7499 6.2193
-2.1110 3.7312 6.2193
-2.0590 3.7145 6.2193
-2.0184 3.7174 6.2193
-1.9690 3.7031 6.2193
-1.9153 3.6793 6.2193
-1.8405 3.6121 6.2193
-1.7629 3.5359 6.2193
-1.7303 3.5475 6.2193
-1.6971 3.5580 6.2193
-1.6660 3.5727 6.2193
-1.6239 3.5634 6.2193
-1.5842 3.5583 6.2193
-1.5551 3.5765 6.2193
-1.5199 3.5808 6.2193
-1.4875 3.5911 6.2193
-1.4509 3.5910 6.2193
-1.4118 3.5840 6.2193
-1.3768 3.5868 6.2193
-1.3458 3.5996 6.2193
-1.3048 3.5849 6.2193
-1.2751 3.6009 6.2193
-1.2443 3.6138 6.2193
-1.2150 3.6311 6.2193
-1.1860 3.6502 6.2193
-1.1559 3.6661 6.2193
-1.1248 3.6789 6.2193
-1.0937 3.6924 6.2193
-1.0623 3.7047 6.2193
-1.0326 3.7235 6.2193
-1.0024 3.7410 6.2193
-0.9742 3.7671 6.2193
-0.9442 3.7871 6.2193
-0.9156 3.8136 6.2193
-0.8841 3.8293 6.2193
-0.8573 3.8671 6.2193
-0.8248 3.8803 6.2193
-0.7921 3.8932 6.2193
-0.7611 3.9157 6.2193
-0.7304 3.9409 6.2193
-0.5779 3.2774 6.2193
-0.5456 3.2607 6.2193
-0.5156 3.2554 6.2193
-0.4870 3.2588 6.2193
-0.4515 3.2124 6.2193
-0.4221 3.2063 6.2193
-0.3939 3.2079 6.2193
-0.3680 3.2301 6.2193
-0.4687 4.4594 6.2193
-0.4931 5.1213 6.2193
-0.5008 5.7241 6.2193
-3.0425 3.2094 6.2193
-2.9926 3.2590 6.2193
-2.9486 3.3110 6.2193
-3.0420 3.4313 6.2193
-3.0494 3.5864 6.2193
-3.0240 3.8048 6.2193
-3.0362 3.9700 6.2193
-2.3101 3.7688 6.2193
-2.1303 3.7306 6.2193
-1.9794 3.7074 6.2193
-1.6399 3.5587 6.2193
-1.5794 3.5870 6.2193
-1.5172 3.6135 6.2193
-1.4237 3.6176 6.2193
-1.3616 3.6422 6.2193
-0.5853 3.2152 6.2193
-0.4526 3.1764 6.2193
-0.6188 3.3599 6.2193
-0.5831 3.4557 6.2193
-0.5825 3.5178 6.2193
-0.5827 3.5815 6.2193
-0.8816 3.8922 6.2193
-0.5510 3.6845 6.2193
-0.5506 3.7499 6.2193
-0.5509 3.8170 6.2193
-0.5519 3.8856 6.2193
-0.5527 3.9552 6.2193
-0.5534 4.0258 6.2193
-3.0091 3.2838 6.6636
-2.9830 3.3129 6.6636
-2.9553 3.3403 6.6636
-2.9313 3.3720 6.6636
-2.9336 3.4348 6.6636
-2.9639 3.5322 6.6636
-2.9737 3.6073 6.6636
-2.9742 3.6728 6.6636
-2.9700 3.7338 6.6636
-2.9669 3.7974 6.6636
-2.9671 3.8668 6.6636
-2.9657 3.9357 6.6636
-2.9664 4.0088 6.6636
-2.9624 4.0774 6.6636
-2.9593 4.1487 6.6636
-2.9648 4.2342 6.6636
-2.8949 4.2121 6.6636
-2.8189 4.1792 6.6636
-2.7415 4.1419 6.6636
-2.6595 4.0952 6.6636
-2.5866 4.0601 6.6636
-2.5155 4.0257 6.6636
-2.4427 3.9861 6.6636
-2.3790 3.9593 6.6636
-2.3174 3.9342 6.6636
-2.2565 3.9084 6.6636
-2.2075 3.9018 6.6636
-2.1598 3.8964 6.6636
-2.1028 3.8729 6.6636
-2.0422 3.8408 6.6636
-2.0049 3.8514 6.6636
-1.9608 3.8483 6.6636
-1.9084 3.8276 6.6636
-1.8407 3.7740 6.6636
-1.8043 3.7827 6.6636
-1.7682 3.7920 6.6636
-1.7127 3.7581 6.6636
-1.6725 3.7565 6.6636
-1.6157 3.7159 6.6636
-1.5825 3.7280 6.6636
-1.5380 3.7131 6.6636
-1.5097 3.7366 6.6636
-1.4788 3.7542 6.6636
-1.4471 3.7698 6.6636
-1.4085 3.7673 6.6636
-1.3640 3.7475 6.6636
-1.3332 3.7649 6.6636
-1.2997 3.7745 6.6636
-1.2673 3.7876 6.6636
-1.2345 3.7995 6.6636
-1.2028 3.8149 6.6636
-1.1718 3.8329 6.6636
-1.1412 3.8525 6.6636
-1.1108 3.8739 6.6636
-1.0794 3.8921 6.6636
-1.0461 3.9043 6.6636
-1.0125 3.9152 6.6636
-0.9805 3.9326 6.6636
-0.9445 3.9342 6.6636
-0.9165 3.9696 6.6636
-0.8826 3.9813 6.6636
-0.8508 4.0026 6.6636
-0.8182 4.0216 6.6636
-0.7865 4.0463 6.6636
-0.7492 4.0422 6.6636
-0.5774 3.2745 6.6636
-0.5445 3.2538 6.6636
-0.5169 3.2633 6.6636
-0.4839 3.2380 6.6636
-0.4487 3.1926 6.6636
-0.4206 3.1944 6.6636
-0.3933 3.2029 6.6636
-0.3670 3.2212 6.6636
-0.4699 4.4704 6.6636
-0.5383 5.5901 6.6636
-0.5096 5.8248 6.6636
-3.0416 3.2089 6.6636
-2.9944 3.2598 6.6636
-2.9540 3.3136 6.6636
-3.0476 3.5855 6.6636
-3.0543 3.7433 6.6636
-3.0328 3.9680 6.6636
-3.0169 4.2019 6.6636
-2.6119 4.0316 6.6636
-2.2333 3.8691 6.6636
-2.0810 3.8452 6.6636
-1.8938 3.7951 6.6636
-1.8008 3.8047 6.6636
-1.6792 3.7932 6.6636
-1.6156 3.8200 6.6636
-1.5234 3.8257 6.6636
-0.4842 3.1417 6.6636
-0.5209 3.2269 6.6636
-0.6196 3.3605 6.6636
-1.2073 3.8729 6.6636
-0.5839 3.4563 6.6636
-0.5825 3.5178 6.6636
-0.5827 3.5815 6.6636
-0.5510 3.6845 6.6636
-0.5506 3.7499 6.6636
-0.8535 4.0800 6.6636
-0.5519 3.8856 6.6636
-0.5527 3.9552 6.6636
-0.5534 4.0258 6.6636
-0.5547 4.0981 6.6636
-0.5565 4.1721 6.6636
-0.5566 4.2458 6.6636
-3.0152 3.2905 7.1078
-2.9830 3.3129 7.1078
-2.9500 3.3344 7.1078
-2.9359 3.3773 7.1078
-2.9323 3.4332 7.1078
-2.8951 3.4503 7.1078
-2.9807 3.6158 7.1078
-2.9729 3.6712 7.1078
-2.9731 3.7377 7.1078
-2.9736 3.8061 7.1078
-2.9756 3.8779 7.1078
-2.9682 3.9389 7.1078
-2.9634 4.0048 7.1078
-2.9660 4.0823 7.1078
-2.9668 4.1593 7.1078
-2.9625 4.2309 7.1078
-2.9583 4.3044 7.1078
-2.9609 4.3898 7.1078
-2.9032 4.3862 7.1078
-2.7913 4.2982 7.1078
-2.6919 4.2254 7.1078
-2.6199 4.1927 7.1078
-2.5472 4.1566 7.1078
-2.4835 4.1333 7.1078
-2.4250 4.1169 7.1078
-2.3690 4.1032 7.1078
-2.3134 4.0889 7.1078
-2.2413 4.0434 7.1078
-2.1911 4.0355 7.1078
-2.1389 4.0227 7.1078
-2.0922 4.0190 7.1078
-2.0393 4.0024 7.1078
-1.9932 3.9977 7.1078
-1.9319 3.9610 7.1078
-1.8938 3.9705 7.1078
-1.8481 3.9633 7.1078
-1.8010 3.9520 7.1078
-1.7575 3.9474 7.1078
-1.7158 3.9461 7.1078
-1.6708 3.9361 7.1078
-1.6291 3.9330 7.1078
-1.5910 3.9377 7.1078
-1.5606 3.9617 7.1078
-1.5166 3.9509 7.1078
-1.4817 3.9631 7.1078
-1.4433 3.9655 7.1078
-1.4150 3.9959 7.1078
-1.3697 3.9778 7.1078
-1.3330 3.9839 7.1078
-1.2951 3.9859 7.1078
-1.2666 4.0171 7.1078
-1.2294 4.0213 7.1078
-1.1949 4.0338 7.1078
-1.1588 4.0411 7.1078
-1.1245 4.0550 7.1078
-1.0886 4.0627 7.1078
-1.0536 4.0740 7.1078
-1.0207 4.0937 7.1078
-0.9863 4.1083 7.1078
-0.9511 4.1196 7.1078
-0.9199 4.1493 7.1078
-0.8863 4.1698 7.1078
-0.8561 4.2078 7.1078
-0.8228 4.2328 7.1078
-0.7650 4.1277 7.1078
-0.5758 3.2656 7.1078
-0.5456 3.2607 7.1078
-0.5147 3.2495 7.1078
-0.4833 3.2341 7.1078
-0.4470 3.1807 7.1078
-0.4217 3.2034 7.1078
-0.3939 3.2079 7.1078
-0.3676 3.2261 7.1078
-0.6169 5.8697 7.1078
-0.5669 5.8878 7.1078
-3.0425 3.2094 7.1078
-2.9926 3.2590 7.1078
-2.9432 3.3084 7.1078
-2.8738 3.4950 7.1078
-3.0534 3.7428 7.1078
-2.5875 4.0948 7.1078
-2.4383 4.0772 7.1078
-2.2515 4.0319 7.1078
-2.1258 4.0240 7.1078
-1.9388 3.9716 7.1078
-1.8441 3.9800 7.1078
-1.7196 3.9656 7.1078
-0.5174 3.1658 7.1078
-0.4558 3.1787 7.1078
-0.6499 3.3834 7.1078
-1.3398 3.9746 7.1078
-1.2104 3.9458 7.1078
-1.1123 3.9393 7.1078
-0.9822 3.9049 7.1078
-0.5830 3.6460 7.1078
-0.5839 3.7121 7.1078
-0.6175 3.8071 7.1078
-0.6181 3.8753 7.1078
-2.0210 3.2980 7.5521
-1.9834 3.3010 7.5521
-1.9393 3.2923 7.5521
-1.9000 3.2909 7.5521
-1.8559 3.2804 7.5521
-1.8190 3.2816 7.5521
-1.7822 3.2824 7.5521
-1.7488 3.2890 7.5521
-1.7057 3.2766 7.5521
-1.6716 3.2807 7.5521
-1.6313 3.2719 7.5521
-1.6022 3.2851 7.5521
-1.5692 3.2899 7.5521
-1.5434 3.3098 7.5521
-1.6169 3.5479 7.5521
-1.6127 3.6222 7.5521
-1.5735 3.6187 7.5521
-1.5559 3.6655 7.5521
-1.6662 4.0226 7.5521
-2.0596 5.0977 7.5521
-2.0183 5.1238 7.5521
-1.9972 5.2028 7.5521
-1.7328 4.6347 7.5521
-2.0648 5.6729 7.5521
-1.9932 5.6285 7.5521
-1.7392 5.0510 7.5521
-1.6836 5.0318 7.5521
-1.7929 5.5180 7.5521
-1.3303 4.2192 7.5521
-1.2920 4.2259 7.5521
-1.3187 4.4518 7.5521
-1.3214 4.6083 7.5521
-1.2942 4.6669 7.5521
-1.3805 5.1522 7.5521
-1.3370 5.1699 7.5521
-1.2856 5.1562 7.5521
-1.1670 5.2642 7.5521
-1.1105 5.2243 7.5521
-1.0624 5.2220 7.5521
-1.0143 5.2183 7.5521
-0.9653 5.2083 7.5521
-0.9167 5.1988 7.5521
-0.8718 5.2096 7.5521
-0.8228 5.1952 7.5521
-0.7775 5.2022 7.5521
-0.5006 3.5620 7.5521
-0.4270 3.2430 7.5521
-0.3994 3.2526 7.5521
-0.5943 5.2163 7.5521
-0.5537 5.2680 7.5521
-0.5524 5.7365 7.5521
-2.7592 3.2903 7.5521
-2.7318 3.4943 7.5521
-2.7731 3.5906 7.5521
-2.7616 3.7350 7.5521
-1.8182 3.3998 7.5521
-1.6387 3.4903 7.5521
-1.6709 3.5788 7.5521
-1.6094 3.6069 7.5521
-2.2932 4.1369 7.5521
-1.4245 3.6182 7.5521
-0.8152 3.2596 7.5521
-0.7516 3.2752 7.5521
-1.7899 4.0904 7.5521
-1.6946 4.0954 7.5521
-1.6354 4.1260 7.5521
-0.8138 3.5710 7.5521
-1.4452 4.1292 7.5521
-0.4839 3.4394 7.5521
-1.2161 4.0944 7.5521
-2.4827 5.2120 7.5521
-1.0198 4.0778 7.5521
-0.6510 3.8356 7.5521
-0.9215 4.1391 7.5521
-0.8545 4.1533 7.5521
-2.7453 3.3303 7.9963
-2.7515 3.6514 7.9963
-2.7475 3.7130 7.9963
-2.7012 4.0810 7.9963
-2.6822 4.2102 7.9963
-2.6321 4.2123 7.9963
-2.5801 4.2103 7.9963
-2.5294 4.2095 7.9963
-2.4798 4.2099 7.9963
-2.4335 4.2149 7.9963
-2.3784 4.2038 7.9963
-2.3300 4.2034 7.9963
-2.2689 4.1788 7.9963
-2.2305 4.1949 7.9963
-2.1919 4.2106 7.9963
-2.1347 4.1895 7.9963
-2.0958 4.2035 7.9963
-2.0582 4.2198 7.9963
-1.9976 4.1880 7.9963
-1.9517 4.1853 7.9963
-1.9142 4.2004 7.9963
-1.8661 4.1913 7.9963
-1.8199 4.1855 7.9963
-1.7763 4.1846 7.9963
-1.7393 4.1990 7.9963
-1.6966 4.1992 7.9963
-1.6526 4.1953 7.9963
-1.6048 4.1806 7.9963
-1.5654 4.1869 7.9963
-1.5179 4.1704 7.9963
-1.4814 4.1834 7.9963
-1.4400 4.1820 7.9963
-1.4003 4.1850 7.9963
-1.3584 4.1808 7.9963
-1.3273 4.2097 7.9963
-1.2803 4.1877 7.9963
-1.2414 4.1910 7.9963
-1.2001 4.1853 7.9963
-1.1593 4.1802 7.9963
-1.1230 4.1912 7.9963
-1.0826 4.1863 7.9963
-1.0432 4.1839 7.9963
-0.7909 3.2944 7.9963
-0.7687 3.3294 7.9963
-0.9272 4.1825 7.9963
-0.7728 3.6358 7.9963
-0.7945 3.9050 7.9963
-0.8470 4.3574 7.9963
-0.9668 5.2162 7.9963
-0.9179 5.2057 7.9963
-0.8710 5.2046 7.9963
-0.8228 5.1952 7.9963
-0.7778 5.2042 7.9963
-0.7344 5.2256 7.9963
-0.6870 5.2180 7.9963
-0.6425 5.2327 7.9963
-0.5949 5.2212 7.9963
-0.5548 5.2789 7.9963
-0.5576 5.7912 7.9963
-2.7760 3.1556 7.9963
-2.6493 3.1650 7.9963
-2.5445 3.1832 7.9963
-2.4906 3.2256 7.9963
-2.2165 3.1528 7.9963
-2.2484 3.3058 7.9963
-2.2517 3.3767 7.9963
-1.7285 3.1505 7.9963
-1.6705 3.1815 7.9963
-1.6098 3.2102 7.9963
-1.5482 3.2375 7.9963
-1.4856 3.2635 7.9963
-2.7697 4.1302 7.9963
-1.8244 3.6785 7.9963
-1.8296 3.7526 7.9963
-1.8348 3.8277 7.9963
-2.7202 5.1254 7.9963
-2.6150 5.1345 7.9963
-2.6943 5.1757 8.4405
-2.6436 5.1883 8.4405
-2.5888 5.1924 8.4405
-2.5298 5.1869 8.4405
-2.4741 5.1872 8.4405
-2.4186 5.1868 8.4405
-2.3633 5.1859 8.4405
-2.3050 5.1771 8.4405
-2.2107 5.0842 8.4405
-2.1826 5.1419 8.4405
-2.1369 5.1589 8.4405
-2.0847 5.1598 8.4405
-2.0322 5.1592 8.4405
-1.8721 4.8770 8.4405
-1.8971 5.0740 8.4405
-1.8565 5.1007 8.4405
-1.8233 5.1487 8.4405
-1.7776 5.1625 8.4405
-1.7265 5.1598 8.4405
-1.6730 5.1490 8.4405
-1.5363 4.8725 8.4405
-1.5586 5.0981 8.4405
-1.5263 5.1527 8.4405
-1.4816 5.1668 8.4405
-1.4364 5.1795 8.4405
-1.3824 5.1590 8.4405
-1.3375 5.1718 8.4405
-1.2873 5.1629 8.4405
-1.2380 5.1565 8.4405
-1.2665 5.4857 8.4405
-1.2582 5.6752 8.4405
-1.1369 5.3485 8.4405
-1.0718 5.2681 8.4405
-1.0189 5.2419 8.4405
-0.9719 5.2437 8.4405
-0.9238 5.2392 8.4405
-0.8771 5.2411 8.4405
-0.8307 5.2446 8.4405
-0.7841 5.2467 8.4405
-0.7383 5.2534 8.4405
-0.6910 5.2487 8.4405
-0.6475 5.2734 8.4405
-0.6243 5.4795 8.4405
-0.6203 5.9015 8.4405
-2.7241 5.1285 8.4405
-2.6165 5.1357 8.4405
-2.5132 5.1447 8.4405
-2.3785 5.1262 8.4405
-2.2730 5.1294 8.4405
-1.6152 4.6591 8.4405
-2.0354 5.1074 8.4405
-1.8880 5.0677 8.4405
-1.7470 5.0305 8.4405
-1.5701 4.9575 8.4405
-1.5888 5.0625 8.4405
-1.4864 5.0546 8.4405
-1.3781 5.0391 8.4405
-1.2795 5.1195 8.4405
-1.1799 5.1083 8.4405
-1.1115 5.1275 8.4405
-1.0336 5.1357 8.4405
-0.9354 5.1209 8.4405
-0.8324 5.0990 8.4405
-0.6890 5.1191 8.4405
-0.6199 5.1305 8.4405
-0.4841 5.2455 8.4405
-2.8710 5.1795 8.8848
-2.8109 5.1771 8.8848
-2.7539 5.1794 8.8848
-2.6883 5.1642 8.8848
-2.6350 5.1714 8.8848
-2.5844 5.1835 8.8848
-2.5228 5.1726 8.8848
-2.4621 5.1619 8.8848
-2.4127 5.1741 8.8848
-2.3588 5.1759 8.8848
-2.3005 5.1670 8.8848
-2.2458 5.1649 8.8848
-2.1830 5.1429 8.8848
-2.1136 5.1026 8.8848
-2.0847 5.1598 8.8848
-2.0352 5.1666 8.8848
-1.9682 5.1272 8.8848
-1.8848 5.0412 8.8848
-1.8784 5.1608 8.8848
-1.8283 5.1628 8.8848
-1.7786 5.1654 8.8848
-1.7138 5.1219 8.8848
-1.6369 5.0377 8.8848
-1.6064 5.0948 8.8848
-1.5782 5.1621 8.8848
-1.5311 5.1690 8.8848
-1.4827 5.1706 8.8848
-1.4337 5.1699 8.8848
-1.3847 5.1677 8.8848
-1.3363 5.1670 8.8848
-1.2868 5.1610 8.8848
-1.2387 5.1594 8.8848
-1.1900 5.1544 8.8848
-1.1465 5.1714 8.8848
-1.0965 5.1588 8.8848
-1.0495 5.1583 8.8848
-1.0010 5.1496 8.8848
-0.9575 5.1660 8.8848
-0.9075 5.1466 8.8848
-0.8627 5.1553 8.8848
-0.8153 5.1478 8.8848
-0.7692 5.1468 8.8848
-0.7226 5.1415 8.8848
-0.6787 5.1555 8.8848
-0.6342 5.1652 8.8848
-0.5897 5.1755 8.8848
-0.5437 5.1725 8.8848
-0.4983 5.1751 8.8848
-0.4930 5.6355 8.8848
-2.5973 3.2095 8.8848
-2.5458 3.2537 8.8848
-2.0208 3.2487 8.8848
-1.9052 3.2505 8.8848
-2.0819 3.4190 8.8848
-1.6675 3.2442 8.8848
-1.5464 3.2365 8.8848
-1.7286 3.4124 8.8848
-1.7291 3.4800 8.8848
-2.0688 3.7643 8.8848
-1.0449 3.2332 8.8848
-2.0238 3.9552 8.8848
-2.0667 4.3708 8.8848
-2.9524 5.1184 8.8848
-1.9158 4.4166 8.8848
-1.8455 4.4420 8.8848
-2.2150 4.8164 8.8848
-2.4751 5.1139 8.8848
-2.3731 5.1217 8.8848
-2.2393 5.1012 8.8848
-2.1634 5.1274 8.8848
-2.0392 5.1107 8.8848
-2.6860 2.8304 9.3290
-2.6693 2.8625 9.3290
-2.5868 2.8230 9.3290
-2.5407 2.8217 9.3290
-2.4928 2.8176 9.3290
-2.4517 2.8203 9.3290
-2.4043 2.8150 9.3290
-2.3552 2.8068 9.3290
-2.3147 2.8079 9.3290
-2.2737 2.8078 9.3290
-2.2298 2.8033 9.3290
-2.1868 2.7990 9.3290
-2.1477 2.7990 9.3290
-2.1160 2.8080 9.3290
-2.0694 2.7966 9.3290
-2.0302 2.7943 9.3290
-1.9912 2.7916 9.3290
-1.9599 2.7990 9.3290
-1.9156 2.7872 9.3290
-1.8767 2.7823 9.3290
-1.8396 2.7793 9.3290
-1.8082 2.7844 9.3290
-1.7774 2.7899 9.3290
-1.7387 2.7824 9.3290
-1.7054 2.7830 9.3290
-1.6770 2.7909 9.3290
-1.6404 2.7848 9.3290
-1.6055 2.7808 9.3290
-1.5728 2.7799 9.3290
-1.5422 2.7822 9.3290
-1.5059 2.7735 9.3290
-1.4765 2.7769 9.3290
-1.4467 2.7790 9.3290
-1.4224 2.7915 9.3290
-1.3868 2.7815 9.3290
-1.3572 2.7827 9.3290
-1.3277 2.7836 9.3290
-1.3008 2.7896 9.3290
-1.2685 2.7836 9.3290
-1.2401 2.7854 9.3290
-1.2158 2.7961 9.3290
-1.1863 2.7947 9.3290
-1.1572 2.7938 9.3290
-1.1283 2.7927 9.3290
-1.0995 2.7913 9.3290
-1.0747 2.7998 9.3290
-1.0464 2.7988 9.3290
-1.0179 2.7965 9.3290
-0.9914 2.7996 9.3290
-0.9673 2.8091 9.3290
-0.9373 2.8013 9.3290
-0.9159 2.8189 9.3290
-0.8841 2.8039 9.3290
-0.8631 2.8230 9.3290
-0.8404 2.8371 9.3290
-0.8222 2.8674 9.3290
-0.8071 2.9102 9.3290
-0.7925 2.9577 9.3290
-0.7729 2.9887 9.3290
-0.7611 3.0526 9.3290
-0.7431 3.0951 9.3290
-0.7246 3.1384 9.3290
-0.7153 3.2267 9.3290
-0.7046 3.3149 9.3290
-0.6940 3.4111 9.3290
-0.6800 3.4985 9.3290
-0.6723 3.6272 9.3290
-0.6592 3.7383 9.3290
-0.6503 3.8860 9.3290
-0.6439 4.0653 9.3290
-0.6375 4.2656 9.3290
-0.6362 4.5265 9.3290
-0.6182 4.6955 9.3290
-0.5811 4.7325 9.3290
-0.5444 4.7781 9.3290
-0.5373 5.1118 9.3290
-0.4974 5.1661 9.3290
-0.4925 5.6295 9.3290
-2.7048 2.7781 9.3290
-2.4556 2.7374 9.3290
-2.3273 2.7459 9.3290
-2.1421 2.7262 9.3290
-2.0347 2.7394 9.3290
-1.8652 2.7213 9.3290
-1.7487 2.7258 9.3290
-1.6316 2.7281 9.3290
-1.5105 2.7262 9.3290
-1.4235 2.7400 9.3290
-1.2952 2.7304 9.3290
-1.1991 2.7360 9.3290
-1.1007 2.7387 9.3290
-1.0027 2.7398 9.3290
-0.9353 2.7570 9.3290
-2.9128 4.0575 9.3290
-2.9172 4.2224 9.3290
-2.9053 4.4646 9.3290
-2.8754 4.7022 9.3290
-2.9598 4.9403 9.3290
-3.0113 5.0697 9.3290
-2.7245 2.8710 9.7733
-2.6646 2.8574 9.7733
-2.6003 2.8378 9.7733
-2.5480 2.8299 9.7733
-2.5087 2.8355 9.7733
-2.4609 2.8309 9.7733
-2.4108 2.8226 9.7733
-2.3712 2.8259 9.7733
-2.3204 2.8149 9.7733
-2.2813 2.8172 9.7733
-2.2423 2.8190 9.7733
-2.1942 2.8085 9.7733
-2.1648 2.8212 9.7733
-2.1304 2.8272 9.7733
-2.0902 2.8248 9.7733
-2.0514 2.8235 9.7733
-2.0197 2.8315 9.7733
-1.9771 2.8236 9.7733
-1.9405 2.8235 9.7733
-1.9029 2.8212 9.7733
-1.8711 2.8269 9.7733
-1.8305 2.8188 9.7733
-1.7951 2.8178 9.7733
-1.7583 2.8138 9.7733
-1.7263 2.8171 9.7733
-1.6888 2.8107 9.7733
-1.6581 2.8149 9.7733
-1.6205 2.8068 9.7733
-1.5969 2.8226 9.7733
-1.5596 2.8137 9.7733
-1.5236 2.8061 9.7733
-1.4934 2.8087 9.7733
-1.4656 2.8154 9.7733
-1.4332 2.8129 9.7733
-1.4002 2.8083 9.7733
-1.3673 2.8033 9.7733
-1.3380 2.8052 9.7733
-1.3059 2.8005 9.7733
-1.2735 2.7945 9.7733
-1.2471 2.8009 9.7733
-1.2206 2.8071 9.7733
-1.1913 2.8066 9.7733
-1.1618 2.8049 9.7733
-1.1328 2.8038 9.7733
-1.1083 2.8136 9.7733
-1.0798 2.8129 9.7733
-1.0503 2.8091 9.7733
-1.0220 2.8078 9.7733
-0.9974 2.8166 9.7733
-0.9695 2.8158 9.7733
-0.9408 2.8118 9.7733
-0.9206 2.8332 9.7733
-0.8898 2.8220 9.7733
-0.8645 2.8278 9.7733
-0.8421 2.8429 9.7733
-0.8206 2.8617 9.7733
-0.8076 2.9121 9.7733
-0.7922 2.9567 9.7733
-0.7729 2.9887 9.7733
-0.7594 3.0458 9.7733
-0.7456 3.1057 9.7733
-0.7246 3.1384 9.7733
-0.7125 3.2140 9.7733
-0.7038 3.3110 9.7733
-0.6860 3.3719 9.7733
-0.7033 3.6183 9.7733
-0.7073 3.8160 9.7733
-0.6508 3.8889 9.7733
-0.6412 4.0485 9.7733
-0.6388 4.2745 9.7733
-0.6381 4.5404 9.7733
-0.6196 4.7064 9.7733
-0.5813 4.7344 9.7733
-0.5427 4.7632 9.7733
-0.5094 4.8463 9.7733
-0.5257 5.4597 9.7733
-0.5008 5.7241 9.7733
-2.7296 2.7886 9.7733
-2.5061 2.7593 9.7733
-2.3529 2.7573 9.7733
-2.2486 2.7747 9.7733
-2.0854 2.7631 9.7733
-1.9474 2.7604 9.7733
-1.8341 2.7674 9.7733
-1.7184 2.7713 9.7733
-1.5693 2.7562 9.7733
-1.4475 2.7525 9.7733
-1.3235 2.7455 9.7733
-1.2290 2.7523 9.7733
-1.1357 2.7581 9.7733
-1.0366 2.7590 9.7733
-0.9708 2.7775 9.7733
-0.9059 2.7955 9.7733
-2.9119 4.0570 9.7733
-2.8852 4.2844 9.7733
-2.9061 4.4652 9.7733
-2.8787 4.7045 9.7733
-2.9444 5.3966 9.7733
-3.0015 5.7407 9.7733
-2.6748 2.8684 10.2175
-2.6247 2.8643 10.2175
-2.5728 2.8574 10.2175
-2.5246 2.8535 10.2175
-2.4707 2.8422 10.2175
-2.4270 2.8416 10.2175
-2.3860 2.8436 10.2175
-2.3389 2.8373 10.2175
-2.2976 2.8374 10.2175
-2.2504 2.8291 10.2175
-2.2305 2.8550 10.2175
-2.1885 2.8521 10.2175
-2.1178 2.8104 10.2175
-2.0771 2.8071 10.2175
-2.0390 2.8065 10.2175
-2.0023 2.8071 10.2175
-1.9622 2.8023 10.2175
-1.9252 2.8012 10.2175
-1.8917 2.8046 10.2175
-1.8545 2.8019 10.2175
-1.8185 2.8003 10.2175
-1.7838 2.8001 10.2175
-1.7487 2.7986 10.2175
-1.7117 2.7932 10.2175
-1.6826 2.8004 10.2175
-1.6510 2.8029 10.2175
-1.6160 2.7990 10.2175
-1.5856 2.8025 10.2175
-1.5533 2.8023 10.2175
-1.5202 2.7999 10.2175
-1.4920 2.8060 10.2175
-1.4559 2.7967 10.2175
-1.4219 2.7906 10.2175
-1.3966 2.8011 10.2175
-1.3826 2.8348 10.2175
-1.3544 2.8395 10.2175
-1.3139 2.8177 10.2175
-1.2843 2.8182 10.2175
-1.2597 2.8293 10.2175
-1.2277 2.8236 10.2175
-1.2007 2.8287 10.2175
-1.1714 2.8280 10.2175
-1.1422 2.8270 10.2175
-1.1175 2.8368 10.2175
-1.0837 2.8231 10.2175
-1.0594 2.8334 10.2175
-1.0302 2.8304 10.2175
-1.0038 2.8345 10.2175
-0.9731 2.8262 10.2175
-0.9513 2.8431 10.2175
-0.9252 2.8475 10.2175
-0.8985 2.8497 10.2175
-0.8716 2.8507 10.2175
-0.8452 2.8534 10.2175
-0.8261 2.8809 10.2175
-0.8087 2.9159 10.2175
-0.7935 2.9615 10.2175
-0.7744 2.9945 10.2175
-0.7621 3.0564 10.2175
-0.7466 3.1096 10.2175
-0.7250 3.1404 10.2175
-0.7123 3.2130 10.2175
-0.7023 3.3042 10.2175
-0.6856 3.3700 10.2175
-0.6922 3.9254 10.2175
-0.6620 3.9560 10.2175
-0.6373 4.0238 10.2175
-0.6313 4.2241 10.2175
-0.6257 4.4522 10.2175
-0.6231 4.7332 10.2175
-0.5863 4.7751 10.2175
-0.5499 4.8268 10.2175
-0.5140 4.8901 10.2175
-0.5445 5.6548 10.2175
-2.5565 2.7813 10.2175
-2.4297 2.7914 10.2175
-2.2740 2.7863 10.2175
-2.0583 2.7504 10.2175
-1.9492 2.7613 10.2175
-1.8053 2.7534 10.2175
-1.6907 2.7575 10.2175
-1.5720 2.7575 10.2175
-1.4830 2.7710 10.2175
-1.4215 2.7976 10.2175
-1.2940 2.7876 10.2175
-1.1628 2.7731 10.2175
-1.1010 2.7955 10.2175
-1.0011 2.7950 10.2175
-0.9343 2.8123 10.2175
-2.8682 4.0307 10.2175
-0.8325 2.8633 10.2175
-2.9156 4.2213 10.2175
-2.8986 4.4602 10.2175
-2.8626 4.7809 10.2175
-2.9266 4.9162 10.2175
-2.9732 5.1341 10.2175
-2.6747 2.9189 10.6617
-2.6156 2.9050 10.6617
-2.5637 2.8977 10.6617
-2.5088 2.8860 10.6617
-2.4679 2.8895 10.6617
-2.4182 2.8819 10.6617
-2.3764 2.8828 10.6617
-2.3291 2.8762 10.6617
-2.2877 2.8761 10.6617
-2.2484 2.8778 10.6617
-2.2135 2.8846 10.6617
-2.1695 2.8791 10.6617
-2.1324 2.8818 10.6617
-2.0878 2.8736 10.6617
-2.0487 2.8722 10.6617
-2.0092 2.8695 10.6617
-1.9694 2.8655 10.6617
-1.9376 2.8726 10.6617
-1.8992 2.8694 10.6617
-1.8594 2.8632 10.6617
-1.8225 2.8608 10.6617
-1.7615 2.8189 10.6617
-1.7504 2.8563 10.6617
-1.7156 2.8552 10.6617
-1.6830 2.8572 10.6617
-1.6520 2.8613 10.6617
-1.6151 2.8548 10.6617
-1.5814 2.8530 10.6617
-1.5479 2.8509 10.6617
-1.5230 2.8643 10.6617
-1.4859 2.8544 10.6617
-1.4555 2.8566 10.6617
-1.4229 2.8539 10.6617
-1.4006 2.8716 10.6617
-1.3647 2.8612 10.6617
-1.3325 2.8576 10.6617
-1.3050 2.8636 10.6617
-1.2751 2.8640 10.6617
-1.2453 2.8640 10.6617
-1.2156 2.8637 10.6617
-1.1863 2.8640 10.6617
-1.1575 2.8650 10.6617
-1.1288 2.8657 10.6617
-1.1020 2.8708 10.6617
-1.0769 2.8803 10.6617
-1.0493 2.8830 10.6617
-1.0174 2.8732 10.6617
-0.9891 2.8725 10.6617
-0.9605 2.8706 10.6617
-0.9397 2.8922 10.6617
-0.9147 2.9012 10.6617
-0.8806 2.8804 10.6617
-0.8560 2.8899 10.6617
-0.8341 2.9088 10.6617
-0.8169 2.9458 10.6617
-0.7998 2.9847 10.6617
-0.7807 3.0187 10.6617
-0.7647 3.0671 10.6617
-0.7487 3.1184 10.6617
-0.7282 3.1540 10.6617
-0.7168 3.2335 10.6617
-0.7092 3.3365 10.6617
-0.6908 3.3954 10.6617
-0.7526 3.8715 10.6617
-0.7565 4.0815 10.6617
-0.7295 4.1372 10.6617
-0.6805 4.0665 10.6617
-0.6497 4.1019 10.6617
-0.6369 4.2617 10.6617
-0.6451 4.5899 10.6617
-0.6418 4.8749 10.6617
-0.6109 4.9756 10.6617
-0.5692 4.9957 10.6617
-0.4099 3.8995 10.6617
-0.3328 3.4560 10.6617
-0.3082 3.5225 10.6617
-2.6845 2.9049 10.6617
-2.4806 2.8805 10.6617
-2.3238 2.8742 10.6617
-2.1911 2.8767 10.6617
-2.0534 2.8744 10.6617
-1.9126 2.8682 10.6617
-1.7983 2.8729 10.6617
-1.6816 2.8744 10.6617
-1.5919 2.8882 10.6617
-1.4698 2.8830 10.6617
-1.3762 2.8914 10.6617
-1.2820 2.8979 10.6617
-1.2211 2.9220 10.6617
-1.1204 2.9219 10.6617
-1.0587 2.9434 10.6617
-0.9919 2.9610 10.6617
-0.9243 2.9771 10.6617
-0.8568 2.9922 10.6617
-2.6474 3.2115 11.1060
-2.5922 3.2011 11.1060
-2.5529 3.2095 11.1060
-2.5193 3.2245 11.1060
-2.4728 3.2226 11.1060
-2.4313 3.2265 11.1060
-2.3924 3.2331 11.1060
-2.3382 3.2183 11.1060
-2.2729 3.1864 11.1060
-2.2301 3.1849 11.1060
-2.1892 3.1852 11.1060
-2.1462 3.1818 11.1060
-2.1084 3.1854 11.1060
-2.0625 3.1760 11.1060
-2.0245 3.1779 11.1060
-1.9845 3.1759 11.1060
-1.9583 3.1957 11.1060
-1.9087 3.1767 11.1060
-1.8713 3.1768 11.1060
-1.8330 3.1748 11.1060
-1.7939 3.1707 11.1060
-1.7574 3.1705 11.1060
-1.7211 3.1699 11.1060
-1.6859 3.1707 11.1060
-1.6503 3.1702 11.1060
-1.6171 3.1738 11.1060
-1.5800 3.1690 11.1060
-1.5457 3.1691 11.1060
-1.5124 3.1708 11.1060
-1.4796 3.1730 11.1060
-1.4518 3.1858 11.1060
-1.4305 3.2129 11.1060
-1.3781 3.1694 11.1060
-1.3496 3.1794 11.1060
-1.3138 3.1717 11.1060
-1.2875 3.1867 11.1060
-1.2571 3.1913 11.1060
-1.2192 3.1760 11.1060
-1.1925 3.1894 11.1060
-1.1639 3.1978 11.1060
-1.1333 3.2003 11.1060
-1.1024 3.2015 11.1060
-1.0693 3.1959 11.1060
-1.0420 3.2070 11.1060
-1.0143 3.2169 11.1060
-0.9832 3.2161 11.1060
-0.9577 3.2331 11.1060
-0.9264 3.2308 11.1060
-0.9049 3.2629 11.1060
-0.8823 3.2928 11.1060
-0.8480 3.2791 11.1060
-0.8213 3.2942 11.1060
-0.7970 3.3197 11.1060
-0.7723 3.3450 11.1060
-0.7534 3.3985 11.1060
-0.7237 3.4049 11.1060
-0.7369 3.6218 11.1060
-0.7316 3.7636 11.1060
-0.7140 3.8524 11.1060
-0.6979 3.9579 11.1060
-0.6846 4.0911 11.1060
-0.6627 4.1838 11.1060
-0.6600 4.4160 11.1060
-0.6668 4.7444 11.1060
-0.6582 4.9999 11.1060
-0.6156 5.0134 11.1060
-0.5733 5.0314 11.1060
-0.5678 5.4022 11.1060
-2.3174 4.0755 11.1060
-2.2269 4.0922 11.1060
-2.2997 4.2197 11.1060
-2.1447 4.1905 11.1060
-0.8802 3.3669 11.1060
-1.9930 4.2379 11.1060
-0.7830 3.4208 11.1060
-1.7297 4.1971 11.1060
-1.6349 4.2011 11.1060
-2.7743 5.3561 11.1060
-2.7504 5.6288 11.1060
-2.7673 5.9492 11.1060
-0.9858 4.9107 11.1060
-0.6928 5.9073 11.1060
