-2.5093 4.1761 0.0000
-2.4783 4.2073 0.0000
-2.4505 4.2444 0.0000
-2.4286 4.2926 0.0000
-2.4017 4.3329 0.0000
-2.3667 4.3589 0.0000
-2.3267 4.3759 0.0000
-2.2907 4.4005 0.0000
-2.2591 4.4336 0.0000
-2.2207 4.4541 0.0000
-2.1840 4.4778 0.0000
-2.1457 4.4985 0.0000
-2.1089 4.5225 0.0000
-2.0701 4.5425 0.0000
-2.0284 4.5559 0.0000
-1.9862 4.5679 0.0000
-1.9423 4.5758 0.0000
-1.9023 4.5926 0.0000
-1.8599 4.6035 0.0000
-1.8138 4.6046 0.0000
-1.7707 4.6128 0.0000
-1.7290 4.6244 0.0000
-1.6851 4.6299 0.0000
-1.6397 4.6303 0.0000
-1.5956 4.6340 0.0000
-1.5488 4.6288 0.0000
-1.5040 4.6288 0.0000
-1.4602 4.6312 0.0000
-1.4136 4.6237 0.0000
-1.3707 4.6273 0.0000
-1.3255 4.6227 0.0000
-1.2806 4.6177 0.0000
-1.2395 4.6258 0.0000
-1.1971 4.6287 0.0000
-1.1513 4.6176 0.0000
-1.1086 4.6178 0.0000
-1.0663 4.6185 0.0000
-1.0238 4.6179 0.0000
-0.9793 4.6071 0.0000
-0.9372 4.6066 0.0000
-0.8930 4.5940 0.0000
-0.8489 4.5800 0.0000
-0.8069 4.5764 0.0000
-0.7607 4.5458 0.0000
-0.7190 4.5394 0.0000
-0.6787 4.5416 0.0000
-0.6352 4.5196 0.0000
-0.5905 4.4853 0.0000
-0.5484 4.4665 0.0000
-0.5077 4.4562 0.0000
-0.4646 4.4206 0.0000
-0.4241 4.4046 0.0000
-0.3817 4.3633 0.0000
-0.3407 4.3296 0.0000
-0.3009 4.3035 0.0000
-0.2596 4.2451 0.0000
-0.2183 4.1663 0.0000
-0.1778 4.0721 0.0000
-0.1427 4.0865 0.0000
-0.0832 3.1769 0.0000
-0.0545 3.1215 0.0000
-0.0284 3.2509 0.0000
-2.4623 4.2510 0.0000
-2.3716 4.3494 0.0000
-2.2935 4.3750 0.0000
-2.2333 4.4125 0.0000
-2.1737 4.4499 0.0000
-2.1138 4.4865 0.0000
-2.0253 4.5006 0.0000
-0.1119 3.0875 0.0000
-1.8660 4.5388 0.0000
-1.8029 4.5695 0.0000
-1.7072 4.5728 0.0000
-1.6081 4.5715 0.0000
-1.5095 4.5689 0.0000
-1.4392 4.5891 0.0000
-1.3428 4.5853 0.0000
-1.2728 4.6036 0.0000
-1.1735 4.5940 0.0000
-1.0762 4.5844 0.0000
-0.9736 4.5679 0.0000
-0.8695 4.5479 0.0000
-0.7362 4.4970 0.0000
-0.2202 4.0602 0.0000
-0.2197 4.1311 0.0000
-0.1189 4.0995 0.0000
-2.5846 3.1917 0.4594
-2.5573 3.2150 0.4594
-2.5242 3.2308 0.4594
-2.4545 3.1988 0.4594
-2.4265 3.2201 0.4594
-2.3876 3.2267 0.4594
-2.3470 3.2304 0.4594
-2.3124 3.2418 0.4594
-2.2742 3.2479 0.4594
-2.2367 3.2545 0.4594
-2.2010 3.2631 0.4594
-2.1575 3.2597 0.4594
-2.1214 3.2666 0.4594
-2.1003 3.2968 0.4594
-2.0752 3.3210 0.4594
-2.0487 3.3432 0.4594
-2.0323 3.3824 0.4594
-2.0164 3.4233 0.4594
-1.9850 3.4381 0.4594
-1.9342 3.4188 0.4594
-1.9305 3.4827 0.4594
-1.9048 3.5082 0.4594
-1.8676 3.5124 0.4594
-1.8456 3.5454 0.4594
-1.8437 3.6184 0.4594
-1.9378 3.8867 0.4594
-1.9319 3.9610 0.4594
-1.9050 3.9939 0.4594
-1.8291 3.9225 0.4594
-1.8251 4.0047 0.4594
-1.7815 4.0013 0.4594
-1.7565 4.0396 0.4594
-1.6981 4.0005 0.4594
-1.6639 4.0170 0.4594
-1.6213 4.0129 0.4594
-1.5793 4.0092 0.4594
-1.5356 4.0004 0.4594
-1.4964 4.0024 0.4594
-1.4519 3.9890 0.4594
-1.4080 3.9761 0.4594
-1.3671 3.9702 0.4594
-1.3279 3.9687 0.4594
-1.2874 3.9621 0.4594
-1.2473 3.9560 0.4594
-1.2063 3.9457 0.4594
-1.1682 3.9436 0.4594
-1.1337 3.9537 0.4594
-1.0951 3.9490 0.4594
-1.0568 3.9439 0.4594
-1.0210 3.9481 0.4594
-0.9844 3.9481 0.4594
-0.9492 3.9537 0.4594
-0.9113 3.9472 0.4594
-0.8761 3.9520 0.4594
-0.8418 3.9605 0.4594
-0.8070 3.9667 0.4594
-0.7714 3.9687 0.4594
-0.7353 3.9674 0.4594
-0.7005 3.9727 0.4594
-0.6673 3.9876 0.4594
-0.6309 3.9833 0.4594
-0.5938 3.9729 0.4594
-0.4640 3.3016 0.4594
-0.4297 3.2638 0.4594
-0.3983 3.2436 0.4594
-0.3852 3.3811 0.4594
-0.3368 3.2043 0.4594
-0.3062 3.1803 0.4594
-0.2756 3.1500 0.4594
-0.3185 4.0465 0.4594
-0.2229 3.1872 0.4594
-0.1942 3.1751 0.4594
-0.1650 3.1487 0.4594
-0.1346 3.0831 0.4594
-0.1073 3.0721 0.4594
-0.0807 3.0819 0.4594
-0.0539 3.0875 0.4594
-0.0267 3.0629 0.4594
0.0000 3.0950 0.4594
0.0290 3.3229 0.4594
-2.6205 3.1510 0.4594
-2.4621 3.1421 0.4594
-2.3267 3.1421 0.4594
-2.2165 3.1528 0.4594
-2.0766 3.1459 0.4594
-1.9628 3.1507 0.4594
-1.8765 3.1687 0.4594
-1.7581 3.1673 0.4594
-1.7000 3.1985 0.4594
-1.6081 3.2092 0.4594
-1.5482 3.2375 0.4594
-1.4557 3.2452 0.4594
-1.3950 3.2712 0.4594
-1.2979 3.2732 0.4594
-1.2050 3.3392 0.4594
-1.1384 3.3580 0.4594
-1.0438 3.4197 0.4594
-0.9445 3.4762 0.4594
-0.3177 3.1330 0.4594
-0.1109 3.0316 0.4594
-0.1820 3.1423 0.4594
-0.6822 3.6620 0.4594
-0.2829 3.5213 0.4594
-0.2500 3.6186 0.4594
-0.2503 3.6829 0.4594
-0.2512 3.7489 0.4594
-0.2512 3.8151 0.4594
-0.2511 3.8823 0.4594
-0.2523 3.9519 0.4594
-2.5947 3.2042 0.9187
-2.5641 3.2236 0.9187
-2.5316 3.2403 0.9187
-2.5038 3.2631 0.9187
-2.5240 3.3495 0.9187
-2.5607 3.4606 0.9187
-2.5686 3.5354 0.9187
-2.5417 3.5634 0.9187
-2.5289 3.6116 0.9187
-2.5381 3.6929 0.9187
-2.5583 3.7928 0.9187
-2.5466 3.8475 0.9187
-2.5435 3.9166 0.9187
-2.5377 3.9833 0.9187
-2.5341 4.0554 0.9187
-2.4813 4.0492 0.9187
-2.4258 4.0373 0.9187
-2.3727 4.0281 0.9187
-2.3245 4.0262 0.9187
-2.2720 4.0158 0.9187
-2.2195 4.0040 0.9187
-2.1696 3.9960 0.9187
-2.1187 3.9847 0.9187
-2.0737 3.9836 0.9187
-2.0234 3.9712 0.9187
-1.9762 3.9637 0.9187
-1.9337 3.9646 0.9187
-1.8818 3.9452 0.9187
-1.8346 3.9343 0.9187
-1.7877 3.9228 0.9187
-1.7421 3.9127 0.9187
-1.6975 3.9039 0.9187
-1.6551 3.8993 0.9187
-1.6111 3.8895 0.9187
-1.5666 3.8775 0.9187
-1.5254 3.8724 0.9187
-1.4793 3.8538 0.9187
-1.4383 3.8469 0.9187
-1.3982 3.8415 0.9187
-1.3523 3.8186 0.9187
-1.3137 3.8152 0.9187
-1.2743 3.8085 0.9187
-1.2339 3.7976 0.9187
-1.1929 3.7834 0.9187
-1.1540 3.7745 0.9187
-1.1179 3.7739 0.9187
-1.0810 3.7701 0.9187
-1.0465 3.7736 0.9187
-1.0089 3.7652 0.9187
-0.9765 3.7758 0.9187
-0.9413 3.7754 0.9187
-0.9069 3.7777 0.9187
-0.8699 3.7679 0.9187
-0.8378 3.7792 0.9187
-0.8059 3.7913 0.9187
-0.7743 3.8060 0.9187
-0.7419 3.8166 0.9187
-0.7074 3.8170 0.9187
-0.6753 3.8299 0.9187
-0.6424 3.8386 0.9187
-0.6082 3.8401 0.9187
-0.5751 3.8483 0.9187
-0.5424 3.8591 0.9187
-0.5096 3.8706 0.9187
-0.4765 3.8809 0.9187
-0.4430 3.8878 0.9187
-0.4098 3.8985 0.9187
-0.3750 3.8950 0.9187
-0.3405 3.8921 0.9187
-0.3076 3.9089 0.9187
-0.2235 3.1962 0.9187
-0.1941 3.1741 0.9187
-0.1659 3.1657 0.9187
-0.1381 3.1620 0.9187
-0.1103 3.1591 0.9187
-0.0812 3.1009 0.9187
-0.0541 3.0995 0.9187
-0.0271 3.1059 0.9187
0.0000 3.4990 0.9187
-2.6214 3.1515 0.9187
-2.5704 3.1961 0.9187
-2.6831 3.3237 0.9187
-2.4005 3.5307 0.9187
-2.6543 3.7495 0.9187
-2.6428 3.8952 0.9187
-2.6639 3.9856 0.9187
-2.1189 3.9441 0.9187
-1.9326 3.8937 0.9187
-1.8077 3.8816 0.9187
-1.6516 3.8453 0.9187
-1.4925 3.8036 0.9187
-1.3329 3.7583 0.9187
-1.2042 3.7325 0.9187
-1.1075 3.7282 0.9187
-1.0431 3.7469 0.9187
-0.0780 3.0611 0.9187
-0.1161 3.1468 0.9187
-0.8151 3.7696 0.9187
-0.7496 3.7834 0.9187
-0.1825 3.3753 0.9187
-0.1825 3.4356 0.9187
-0.2173 3.5270 0.9187
-0.2163 3.5888 0.9187
-0.2161 3.6521 0.9187
-0.3853 3.8718 0.9187
-0.1839 3.7524 0.9187
-0.1844 3.8190 0.9187
-0.1847 3.8866 0.9187
-2.6004 3.2112 1.3781
-2.5679 3.2283 1.3781
-2.5341 3.2435 1.3781
-2.5032 3.2623 1.3781
-2.5354 3.3647 1.3781
-2.5958 3.5080 1.3781
-2.5727 3.5411 1.3781
-2.5470 3.5707 1.3781
-2.5278 3.6100 1.3781
-2.5364 3.6904 1.3781
-2.5505 3.7812 1.3781
-2.5455 3.8459 1.3781
-2.5418 3.9141 1.3781
-2.4888 3.9066 1.3781
-2.4307 3.8900 1.3781
-2.3737 3.8735 1.3781
-2.3223 3.8650 1.3781
-2.2692 3.8523 1.3781
-2.2220 3.8486 1.3781
-2.1716 3.8383 1.3781
-2.1215 3.8273 1.3781
-2.0747 3.8211 1.3781
-2.0300 3.8179 1.3781
-1.9703 3.7849 1.3781
-1.9308 3.7895 1.3781
-1.8874 3.7856 1.3781
-1.8355 3.7633 1.3781
-1.7935 3.7602 1.3781
-1.7518 3.7566 1.3781
-1.7052 3.7418 1.3781
-1.6615 3.7318 1.3781
-1.6161 3.7168 1.3781
-1.5739 3.7078 1.3781
-1.5330 3.7011 1.3781
-1.4947 3.6995 1.3781
-1.4524 3.6872 1.3781
-1.4170 3.6914 1.3781
-1.3735 3.6736 1.3781
-1.3352 3.6686 1.3781
-1.2938 3.6537 1.3781
-1.2593 3.6573 1.3781
-1.2204 3.6473 1.3781
-1.1829 3.6406 1.3781
-1.1415 3.6203 1.3781
-1.1116 3.6359 1.3781
-1.0733 3.6234 1.3781
-1.0411 3.6307 1.3781
-1.0051 3.6242 1.3781
-0.9757 3.6415 1.3781
-0.9387 3.6296 1.3781
-0.9070 3.6376 1.3781
-0.8759 3.6483 1.3781
-0.8458 3.6636 1.3781
-0.8088 3.6484 1.3781
-0.7803 3.6710 1.3781
-0.7478 3.6757 1.3781
-0.7153 3.6801 1.3781
-0.6841 3.6911 1.3781
-0.6534 3.7058 1.3781
-0.6193 3.7005 1.3781
-0.5879 3.7117 1.3781
-0.5569 3.7266 1.3781
-0.5233 3.7234 1.3781
-0.4922 3.7387 1.3781
-0.4602 3.7479 1.3781
-0.4285 3.7607 1.3781
-0.3952 3.7603 1.3781
-0.3638 3.7785 1.3781
-0.3305 3.7776 1.3781
-0.2981 3.7883 1.3781
-0.2254 3.2231 1.3781
-0.1947 3.1841 1.3781
-0.1661 3.1687 1.3781
-0.1371 3.1390 1.3781
-0.1091 3.1231 1.3781
-0.0810 3.0919 1.3781
-0.0540 3.0915 1.3781
-0.0271 3.1099 1.3781
0.0000 3.1260 1.3781
-2.6223 3.1519 1.3781
-2.5704 3.1961 1.3781
-2.6599 3.3119 1.3781
-2.6426 3.4469 1.3781
-2.6553 3.5267 1.3781
-2.6180 3.7285 1.3781
-2.3075 3.7672 1.3781
-2.2252 3.7900 1.3781
-2.1025 3.7858 1.3781
-1.9208 3.7411 1.3781
-1.7670 3.7112 1.3781
-1.6126 3.6778 1.3781
-1.4558 3.6397 1.3781
-1.3297 3.6198 1.3781
-1.2018 3.5963 1.3781
-1.1063 3.5937 1.3781
-1.0089 3.5880 1.3781
-0.9446 3.6055 1.3781
-0.8797 3.6215 1.3781
-0.1142 3.0894 1.3781
-0.0464 3.0914 1.3781
-0.6822 3.6620 1.3781
-0.6161 3.6734 1.3781
-0.1476 3.4057 1.3781
-0.2173 3.5270 1.3781
-0.2171 3.5894 1.3781
-0.2161 3.6521 1.3781
-0.2843 3.7793 1.3781
-0.1839 3.7524 1.3781
-2.6111 3.2244 1.8375
-2.5741 3.2361 1.8375
-2.5371 3.2474 1.8375
-2.5117 3.2734 1.8375
-2.5288 3.3559 1.8375
-2.5994 3.5129 1.8375
-2.5710 3.5386 1.8375
-2.5499 3.5748 1.8375
-2.5243 3.6051 1.8375
-2.5415 3.6979 1.8375
-2.5482 3.7779 1.8375
-2.5190 3.8059 1.8375
-2.4547 3.7799 1.8375
-2.4028 3.7716 1.8375
-2.3428 3.7492 1.8375
-2.2922 3.7405 1.8375
-2.2384 3.7252 1.8375
-2.1885 3.7153 1.8375
-2.1370 3.7014 1.8375
-2.0825 3.6807 1.8375
-2.0343 3.6699 1.8375
-1.9864 3.6585 1.8375
-1.9399 3.6483 1.8375
-1.8913 3.6332 1.8375
-1.8405 3.6121 1.8375
-1.7933 3.5967 1.8375
-1.7570 3.6024 1.8375
-1.7109 3.5869 1.8375
-1.6706 3.5826 1.8375
-1.6277 3.5716 1.8375
-1.5846 3.5592 1.8375
-1.5463 3.5564 1.8375
-1.5067 3.5495 1.8375
-1.4626 3.5311 1.8375
-1.4250 3.5270 1.8375
-1.3854 3.5170 1.8375
-1.3507 3.5187 1.8375
-1.3112 3.5069 1.8375
-1.2744 3.5013 1.8375
-1.2391 3.4991 1.8375
-1.2043 3.4975 1.8375
-1.1674 3.4889 1.8375
-1.1316 3.4828 1.8375
-1.1009 3.4916 1.8375
-1.0689 3.4963 1.8375
-1.0347 3.4930 1.8375
-1.0028 3.4971 1.8375
-0.9717 3.5038 1.8375
-0.9398 3.5073 1.8375
-0.9089 3.5144 1.8375
-0.8789 3.5251 1.8375
-0.8495 3.5385 1.8375
-0.8177 3.5418 1.8375
-0.7889 3.5586 1.8375
-0.7558 3.5556 1.8375
-0.7267 3.5718 1.8375
-0.6963 3.5820 1.8375
-0.6646 3.5859 1.8375
-0.6343 3.5975 1.8375
-0.6034 3.6059 1.8375
-0.5719 3.6110 1.8375
-0.5414 3.6228 1.8375
-0.5103 3.6313 1.8375
-0.4803 3.6485 1.8375
-0.4493 3.6595 1.8375
-0.4168 3.6583 1.8375
-0.3860 3.6728 1.8375
-0.3554 3.6909 1.8375
-0.3238 3.7009 1.8375
-0.2538 3.2250 1.8375
-0.2254 3.2231 1.8375
-0.1957 3.1990 1.8375
-0.1667 3.1816 1.8375
-0.1343 3.0771 1.8375
-0.1076 3.0801 1.8375
-0.0809 3.0889 1.8375
-0.0541 3.0975 1.8375
-0.0270 3.0979 1.8375
0.0000 3.1100 1.8375
0.0298 3.4119 1.8375
-2.6493 3.1650 1.8375
-2.5722 3.1970 1.8375
-2.6581 3.3110 1.8375
-2.6470 3.4492 1.8375
-2.5946 3.7150 1.8375
-2.6076 3.7979 1.8375
-2.2733 3.6733 1.8375
-2.0338 3.5995 1.8375
-1.8529 3.5573 1.8375
-1.7002 3.5295 1.8375
-1.5778 3.5184 1.8375
-1.4227 3.4833 1.8375
-1.2652 3.4435 1.8375
-1.1699 3.4432 1.8375
-1.1060 3.4633 1.8375
-1.0089 3.4587 1.8375
-0.9445 3.4762 1.8375
-0.8480 3.5327 1.8375
-0.1458 3.0584 1.8375
-0.0764 3.0598 1.8375
-0.2515 3.2545 1.8375
-0.5505 3.6193 1.8375
-0.1833 3.3759 1.8375
-0.1810 3.4343 1.8375
-0.2166 3.5263 1.8375
-0.2163 3.5888 1.8375
-0.2161 3.6521 1.8375
-2.6243 3.2407 2.2968
-2.5722 3.2337 2.2968
-2.5538 3.2687 2.2968
-2.5142 3.2765 2.2968
-2.5240 3.3495 2.2968
-2.6071 3.5233 2.2968
-2.5833 3.5556 2.2968
-2.5516 3.5772 2.2968
-2.5323 3.6166 2.2968
-2.5403 3.6962 2.2968
-2.5449 3.7729 2.2968
-2.4721 3.7350 2.2968
-2.4149 3.7187 2.2968
-2.3561 3.6983 2.2968
-2.2882 3.6619 2.2968
-2.2274 3.6348 2.2968
-2.1755 3.6207 2.2968
-2.1180 3.5956 2.2968
-2.0660 3.5784 2.2968
-2.0170 3.5650 2.2968
-1.9664 3.5475 2.2968
-1.9096 3.5170 2.2968
-1.8727 3.5221 2.2968
-1.8239 3.5037 2.2968
-1.7751 3.4838 2.2968
-1.7335 3.4768 2.2968
-1.6869 3.4586 2.2968
-1.6437 3.4461 2.2968
-1.6005 3.4322 2.2968
-1.5601 3.4233 2.2968
-1.5196 3.4130 2.2968
-1.4814 3.4069 2.2968
-1.4426 3.3985 2.2968
-1.4044 3.3906 2.2968
-1.3688 3.3879 2.2968
-1.3311 3.3793 2.2968
-1.2926 3.3674 2.2968
-1.2628 3.3776 2.2968
-1.2306 3.3810 2.2968
-1.1950 3.3747 2.2968
-1.1610 3.3717 2.2968
-1.1363 3.3959 2.2968
-1.1007 3.3877 2.2968
-1.0711 3.3971 2.2968
-1.0403 3.4025 2.2968
-1.0108 3.4124 2.2968
-0.9821 3.4250 2.2968
-0.9524 3.4344 2.2968
-0.9183 3.4271 2.2968
-0.8899 3.4408 2.2968
-0.8608 3.4523 2.2968
-0.8322 3.4665 2.2968
-0.8040 3.4824 2.2968
-0.7723 3.4834 2.2968
-0.7439 3.4998 2.2968
-0.7139 3.5091 2.2968
-0.6827 3.5123 2.2968
-0.6540 3.5289 2.2968
-0.6258 3.5492 2.2968
-0.5948 3.5546 2.2968
-0.5647 3.5656 2.2968
-0.5329 3.5654 2.2968
-0.5024 3.5749 2.2968
-0.4735 3.5970 2.2968
-0.4417 3.5970 2.2968
-0.4119 3.6156 2.2968
-0.3794 3.6101 2.2968
-0.3496 3.6312 2.2968
-0.3171 3.6242 2.2968
-0.2515 3.1951 2.2968
-0.2294 3.2800 2.2968
-0.1963 3.2100 2.2968
-0.1653 3.1537 2.2968
-0.1354 3.1020 2.2968
-0.1089 3.1171 2.2968
-0.0825 3.1489 2.2968
-0.0546 3.1285 2.2968
-0.0274 3.1449 2.2968
0.0000 3.1530 2.2968
0.0277 3.1759 2.2968
-2.6493 3.1650 2.2968
-2.5973 3.2095 2.2968
-2.5458 3.2537 2.2968
-2.6417 3.4464 2.2968
-2.5937 3.7145 2.2968
-2.2069 3.5619 2.2968
-1.9390 3.4724 2.2968
-1.7286 3.4124 2.2968
-1.5460 3.3655 2.2968
-1.3916 3.3329 2.2968
-1.2985 3.3370 2.2968
-1.2033 3.3381 2.2968
-1.1400 3.3591 2.2968
-1.0751 3.3780 2.2968
-1.0110 3.3967 2.2968
-0.9462 3.4140 2.2968
-0.8798 3.4291 2.2968
-0.8135 3.4434 2.2968
-0.1799 3.0846 2.2968
-0.2514 3.1965 2.2968
-0.0809 3.1188 2.2968
-0.5501 3.5550 2.2968
-0.4834 3.5639 2.2968
-2.5519 5.3634 2.2968
-0.1476 3.4057 2.2968
-0.1834 3.4975 2.2968
-0.2171 3.5894 2.2968
-0.2168 3.6528 2.2968
-2.5352 5.8418 2.2968
-2.6526 3.2757 2.7562
-2.5859 3.2510 2.7562
-2.5495 3.2632 2.7562
-2.5245 3.2900 2.7562
-2.5210 3.3455 2.7562
-2.6148 3.5338 2.7562
-2.5810 3.5524 2.7562
-2.5563 3.5837 2.7562
-2.5306 3.6141 2.7562
-2.5364 3.6904 2.7562
-2.5337 3.7564 2.7562
-2.4605 3.7175 2.7562
-2.3964 3.6902 2.7562
-2.3265 3.6519 2.7562
-2.2659 3.6263 2.7562
-2.2013 3.5922 2.7562
-2.1472 3.5735 2.7562
-2.0941 3.5551 2.7562
-2.0330 3.5213 2.7562
-1.9776 3.4953 2.7562
-1.9271 3.4766 2.7562
-1.8767 3.4564 2.7562
-1.8342 3.4497 2.7562
-1.7879 3.4345 2.7562
-1.7370 3.4090 2.7562
-1.6947 3.3990 2.7562
-1.6430 3.3687 2.7562
-1.6045 3.3639 2.7562
-1.5641 3.3542 2.7562
-1.5236 3.3432 2.7562
-1.4858 3.3372 2.7562
-1.4475 3.3289 2.7562
-1.4101 3.3221 2.7562
-1.3754 3.3204 2.7562
-1.3400 3.3165 2.7562
-1.3033 3.3086 2.7562
-1.2736 3.3179 2.7562
-1.2418 3.3214 2.7562
-1.2104 3.3256 2.7562
-1.1797 3.3313 2.7562
-1.1473 3.3320 2.7562
-1.1207 3.3495 2.7562
-1.0933 3.3648 2.7562
-1.0618 3.3676 2.7562
-1.0315 3.3738 2.7562
-1.0071 3.4000 2.7562
-0.9749 3.4000 2.7562
-0.9455 3.4093 2.7562
-0.9129 3.4068 2.7562
-0.8861 3.4263 2.7562
-0.8547 3.4281 2.7562
-0.8259 3.4402 2.7562
-0.7968 3.4512 2.7562
-0.7688 3.4678 2.7562
-0.7379 3.4714 2.7562
-0.7105 3.4925 2.7562
-0.6783 3.4897 2.7562
-0.6504 3.5092 2.7562
-0.6203 3.5177 2.7562
-0.5899 3.5250 2.7562
-0.5613 3.5438 2.7562
-0.5311 3.5535 2.7562
-0.5012 3.5660 2.7562
-0.4695 3.5662 2.7562
-0.4395 3.5791 2.7562
-0.4096 3.5947 2.7562
-0.3783 3.5992 2.7562
-0.3465 3.5984 2.7562
-0.3164 3.6162 2.7562
-0.2526 3.2101 2.7562
-0.2305 3.2969 2.7562
-0.1967 3.2160 2.7562
-0.1631 3.1127 2.7562
-0.1368 3.1330 2.7562
-0.1100 3.1491 2.7562
-0.0823 3.1439 2.7562
-0.0549 3.1425 2.7562
-0.0275 3.1559 2.7562
0.0000 3.1800 2.7562
0.0278 3.1899 2.7562
-2.5991 3.2104 2.7562
-2.6572 3.3105 2.7562
-2.5243 3.3130 2.7562
-2.5954 3.7155 2.7562
-1.9967 3.4381 2.7562
-1.6973 3.3271 2.7562
-1.4847 3.2630 2.7562
-1.3925 3.2696 2.7562
-1.2988 3.2738 2.7562
-1.2365 3.2967 2.7562
-1.1725 3.3177 2.7562
-1.1094 3.3384 2.7562
-1.0446 3.3571 2.7562
-0.9791 3.3744 2.7562
-0.9128 3.3901 2.7562
-0.8466 3.4050 2.7562
-0.7498 3.4586 2.7562
-0.6829 3.4705 2.7562
-0.1465 3.1146 2.7562
-0.0770 3.1157 2.7562
-0.5159 3.5273 2.7562
-0.4169 3.5720 2.7562
-0.1483 3.4064 2.7562
-0.1501 3.4686 2.7562
-0.2493 3.6179 2.7562
-2.5213 5.7278 2.7562
-2.5367 5.8432 2.7562
-2.5853 3.2502 3.2156
-2.5538 3.2687 3.2156
-2.5331 3.3011 3.2156
-2.5126 3.3343 3.2156
-2.6119 3.5297 3.2156
-2.5880 3.5621 3.2156
-2.5661 3.5976 3.2156
-2.5300 3.6133 3.2156
-2.5392 3.6946 3.2156
-2.5415 3.7680 3.2156
-2.4959 3.7708 3.2156
-2.4138 3.7170 3.2156
-2.3566 3.6991 3.2156
-2.2866 3.6593 3.2156
-2.2238 3.6288 3.2156
-2.1647 3.6027 3.2156
-2.1109 3.5835 3.2156
-2.0555 3.5602 3.2156
-1.9973 3.5302 3.2156
-1.9421 3.5037 3.2156
-1.8919 3.4845 3.2156
-1.8328 3.4470 3.2156
-1.7884 3.4354 3.2156
-1.7374 3.4099 3.2156
-1.6920 3.3936 3.2156
-1.6439 3.3705 3.2156
-1.6028 3.3603 3.2156
-1.5586 3.3425 3.2156
-1.5169 3.3286 3.2156
-1.4797 3.3235 3.2156
-1.4491 3.3326 3.2156
-1.4070 3.3147 3.2156
-1.3700 3.3075 3.2156
-1.3362 3.3073 3.2156
-1.3073 3.3188 3.2156
-1.2736 3.3179 3.2156
-1.2390 3.3139 3.2156
-1.2097 3.3237 3.2156
-1.1803 3.3332 3.2156
-1.1512 3.3434 3.2156
-1.1169 3.3381 3.2156
-1.0908 3.3572 3.2156
-1.0606 3.3638 3.2156
-1.0341 3.3824 3.2156
-1.0006 3.3779 3.2156
-0.9713 3.3875 3.2156
-0.9447 3.4064 3.2156
-0.9160 3.4184 3.2156
-0.8841 3.4185 3.2156
-0.8564 3.4348 3.2156
-0.8259 3.4402 3.2156
-0.7981 3.4571 3.2156
-0.7688 3.4678 3.2156
-0.7389 3.4763 3.2156
-0.7094 3.4866 3.2156
-0.6797 3.4966 3.2156
-0.6486 3.4994 3.2156
-0.6178 3.5039 3.2156
-0.5896 3.5230 3.2156
-0.5599 3.5349 3.2156
-0.5287 3.5377 3.2156
-0.4985 3.5471 3.2156
-0.4686 3.5593 3.2156
-0.4385 3.5712 3.2156
-0.4087 3.5868 3.2156
-0.3770 3.5872 3.2156
-0.3475 3.6093 3.2156
-0.3150 3.6002 3.2156
-0.2526 3.2101 3.2156
-0.2294 3.2800 3.2156
-0.1951 3.1890 3.2156
-0.1646 3.1407 3.2156
-0.1380 3.1600 3.2156
-0.1102 3.1551 3.2156
-0.0826 3.1529 3.2156
-0.0551 3.1545 3.2156
-0.0275 3.1549 3.2156
0.0000 3.1670 3.2156
0.0278 3.1829 3.2156
-2.5991 3.2104 3.2156
-2.6572 3.3105 3.2156
-2.6680 3.3878 3.2156
-2.5031 3.3727 3.2156
-2.5946 3.7150 3.2156
-2.0570 3.4736 3.2156
-1.6973 3.3271 3.2156
-1.5163 3.2823 3.2156
-1.3925 3.2696 3.2156
-1.2988 3.2738 3.2156
-1.2365 3.2967 3.2156
-1.1733 3.3182 3.2156
-1.1094 3.3384 3.2156
-1.0446 3.3571 3.2156
-0.9791 3.3744 3.2156
-0.9136 3.3907 3.2156
-0.8466 3.4050 3.2156
-0.7490 3.4580 3.2156
-0.2132 3.1102 3.2156
-0.2474 3.1934 3.2156
-0.1161 3.1468 3.2156
-0.0481 3.1485 3.2156
-0.4487 3.5353 3.2156
-0.1802 3.3733 3.2156
-0.1501 3.4686 3.2156
-0.2171 3.5894 3.2156
-2.5859 3.2510 3.6749
-2.5624 3.2797 3.6749
-2.5300 3.2972 3.6749
-2.5096 3.3303 3.6749
-2.6089 3.5257 3.6749
-2.5957 3.5726 3.6749
-2.5655 3.5968 3.6749
-2.5392 3.6264 3.6749
-2.5318 3.6838 3.6749
-2.4800 3.6768 3.6749
-2.4269 3.6666 3.6749
-2.3496 3.6180 3.6749
-2.2862 3.5886 3.6749
-2.2198 3.5525 3.6749
-2.1684 3.5385 3.6749
-2.1081 3.5084 3.6749
-2.0520 3.4836 3.6749
-2.0030 3.4693 3.6749
-1.9490 3.4449 3.6749
-1.9053 3.4373 3.6749
-1.8581 3.4221 3.6749
-1.8089 3.4020 3.6749
-1.7630 3.3866 3.6749
-1.7138 3.3635 3.6749
-1.6746 3.3587 3.6749
-1.6307 3.3435 3.6749
-1.5925 3.3387 3.6749
-1.5535 3.3316 3.6749
-1.5128 3.3195 3.6749
-1.4777 3.3189 3.6749
-1.4443 3.3216 3.6749
-1.4059 3.3120 3.6749
-1.3761 3.3223 3.6749
-1.3403 3.3175 3.6749
-1.3121 3.3309 3.6749
-1.2779 3.3291 3.6749
-1.2446 3.3289 3.6749
-1.2210 3.3547 3.6749
-1.1877 3.3539 3.6749
-1.1574 3.3613 3.6749
-1.1306 3.3789 3.6749
-1.0982 3.3801 3.6749
-1.0678 3.3866 3.6749
-1.0397 3.4006 3.6749
-1.0111 3.4134 3.6749
-0.9810 3.4211 3.6749
-0.9530 3.4363 3.6749
-0.9250 3.4522 3.6749
-0.8931 3.4534 3.6749
-0.8646 3.4678 3.6749
-0.8343 3.4753 3.6749
-0.8073 3.4970 3.6749
-0.7740 3.4912 3.6749
-0.7429 3.4949 3.6749
-0.7137 3.5081 3.6749
-0.6850 3.5240 3.6749
-0.6551 3.5348 3.6749
-0.6244 3.5414 3.6749
-0.5940 3.5496 3.6749
-0.5636 3.5586 3.6749
-0.5346 3.5773 3.6749
-0.5044 3.5887 3.6749
-0.4724 3.5880 3.6749
-0.4419 3.5990 3.6749
-0.4107 3.6047 3.6749
-0.3802 3.6171 3.6749
-0.3499 3.6342 3.6749
-0.3197 3.6540 3.6749
-0.2526 3.2101 3.6749
-0.2285 3.2680 3.6749
-0.1933 3.1611 3.6749
-0.1656 3.1597 3.6749
-0.1381 3.1630 3.6749
-0.1100 3.1511 3.6749
-0.0824 3.1469 3.6749
-0.0547 3.1335 3.6749
-0.0274 3.1359 3.6749
0.0000 3.1390 3.6749
-2.6250 3.2233 3.6749
-2.5726 3.2674 3.6749
-2.5261 3.3140 3.6749
-2.1425 3.4540 3.6749
-1.8175 3.3325 3.6749
-1.6373 3.2911 3.6749
-1.4847 3.2630 3.6749
-1.3925 3.2696 3.6749
-1.3308 3.2942 3.6749
-1.2683 3.3174 3.6749
-1.2033 3.3381 3.6749
-1.1400 3.3591 3.6749
-1.0767 3.3792 3.6749
-1.0110 3.3967 3.6749
-0.9454 3.4134 3.6749
-0.8798 3.4291 3.6749
-0.8135 3.4434 3.6749
-0.7162 3.4961 3.6749
-0.1828 3.1430 3.6749
-0.0770 3.1157 3.6749
-0.5501 3.5550 3.6749
-0.2149 3.3426 3.6749
-0.3833 3.6070 3.6749
-0.1486 3.4673 3.6749
-0.2171 3.5894 3.6749
-0.2168 3.6528 3.6749
-2.5522 5.8574 3.6749
-2.6866 3.3176 4.1343
-2.5971 3.2650 4.1343
-2.5624 3.2797 4.1343
-2.5331 3.3011 4.1343
-2.5108 3.3319 4.1343
-2.5803 3.4871 4.1343
-2.5910 3.5661 4.1343
-2.5638 3.5943 4.1343
-2.5427 3.6313 4.1343
-2.5222 3.6698 4.1343
-2.4470 3.6279 4.1343
-2.3761 3.5899 4.1343
-2.3229 3.5769 4.1343
-2.2593 3.5465 4.1343
-2.1992 3.5194 4.1343
-2.1428 3.4967 4.1343
-2.0838 3.4681 4.1343
-2.0302 3.4465 4.1343
-1.9705 3.4130 4.1343
-1.9224 3.3979 4.1343
-1.8714 3.3760 4.1343
-1.8242 3.3597 4.1343
-1.7760 3.3402 4.1343
-1.7297 3.3227 4.1343
-1.6888 3.3145 4.1343
-1.6474 3.3041 4.1343
-1.6062 3.2932 4.1343
-1.5701 3.2917 4.1343
-1.5295 3.2799 4.1343
-1.5016 3.2950 4.1343
-1.4630 3.2860 4.1343
-1.4275 3.2831 4.1343
-1.3996 3.2972 4.1343
-1.3673 3.3010 4.1343
-1.3329 3.2989 4.1343
-1.2985 3.2965 4.1343
-1.2668 3.3002 4.1343
-1.2411 3.3196 4.1343
-1.2111 3.3275 4.1343
-1.1777 3.3256 4.1343
-1.1473 3.3320 4.1343
-1.1214 3.3514 4.1343
-1.0911 3.3582 4.1343
-1.0603 3.3628 4.1343
-1.0303 3.3700 4.1343
-1.0037 3.3885 4.1343
-0.9733 3.3942 4.1343
-0.9450 3.4074 4.1343
-0.9180 3.4261 4.1343
-0.8873 3.4311 4.1343
-0.8583 3.4426 4.1343
-0.8264 3.4422 4.1343
-0.8011 3.4697 4.1343
-0.7725 3.4844 4.1343
-0.7452 3.5057 4.1343
-0.7143 3.5111 4.1343
-0.6844 3.5211 4.1343
-0.6540 3.5289 4.1343
-0.6269 3.5552 4.1343
-0.5945 3.5526 4.1343
-0.5661 3.5744 4.1343
-0.5351 3.5802 4.1343
-0.5055 3.5967 4.1343
-0.4749 3.6069 4.1343
-0.4449 3.6238 4.1343
-0.4142 3.6355 4.1343
-0.3836 3.6499 4.1343
-0.3527 3.6631 4.1343
-0.3216 3.6760 4.1343
-0.2902 3.6876 4.1343
-0.2313 3.3079 4.1343
-0.1929 3.1531 4.1343
-0.1644 3.1377 4.1343
-0.1367 3.1300 4.1343
-0.1092 3.1281 4.1343
-0.0815 3.1119 4.1343
-0.0541 3.0995 4.1343
-0.0271 3.1059 4.1343
-2.6259 3.2238 4.1343
-2.5735 3.2678 4.1343
-2.4761 3.4293 4.1343
-1.8758 3.3000 4.1343
-1.6977 3.2619 4.1343
-1.5464 3.2365 4.1343
-1.4549 3.2447 4.1343
-1.3611 3.2500 4.1343
-1.3005 3.2748 4.1343
-1.2365 3.2967 4.1343
-1.1742 3.3188 4.1343
-1.1085 3.3378 4.1343
-1.0429 3.3560 4.1343
-0.9774 3.3732 4.1343
-0.9120 3.3896 4.1343
-0.8135 3.4434 4.1343
-0.2132 3.1102 4.1343
-0.0764 3.0598 4.1343
-0.1826 3.1997 4.1343
-0.2478 3.3102 4.1343
-2.2844 5.0486 4.1343
-0.4498 3.5996 4.1343
-0.1494 3.4679 4.1343
-0.2168 3.6528 4.1343
-0.2172 3.7178 4.1343
-2.6002 3.2690 4.5937
-2.5655 3.2836 4.5937
-2.5355 3.3043 4.5937
-2.5168 3.3399 4.5937
-2.5875 3.4968 4.5937
-2.5933 3.5694 4.5937
-2.5731 3.6073 4.5937
-2.5438 3.6329 4.5937
-2.5324 3.6847 4.5937
-2.4867 3.6867 4.5937
-2.4247 3.6633 4.5937
-2.3496 3.6180 4.5937
-2.2846 3.5861 4.5937
-2.2283 3.5660 4.5937
-2.1699 3.5410 4.5937
-2.1117 3.5144 4.5937
-2.0510 3.4818 4.5937
-2.0040 3.4710 4.5937
-1.9520 3.4501 4.5937
-1.9043 3.4355 4.5937
-1.8452 3.3984 4.5937
-1.7990 3.3835 4.5937
-1.7565 3.3742 4.5937
-1.7106 3.3573 4.5937
-1.6625 3.3345 4.5937
-1.6224 3.3264 4.5937
-1.5869 3.3269 4.5937
-1.5493 3.3225 4.5937
-1.5074 3.3077 4.5937
-1.4699 3.3016 4.5937
-1.4387 3.3088 4.5937
-1.4043 3.3083 4.5937
-1.3681 3.3029 4.5937
-1.3400 3.3165 4.5937
-1.3069 3.3179 4.5937
-1.2754 3.3226 4.5937
-1.2418 3.3214 4.5937
-1.2121 3.3303 4.5937
-1.1750 3.3181 4.5937
-1.1506 3.3415 4.5937
-1.1201 3.3476 4.5937
-1.0908 3.3572 4.5937
-1.0657 3.3800 4.5937
-1.0344 3.3834 4.5937
-1.0037 3.3885 4.5937
-0.9724 3.3913 4.5937
-0.9476 3.4170 4.5937
-0.9198 3.4329 4.5937
-0.8888 3.4369 4.5937
-0.8583 3.4426 4.5937
-0.8301 3.4577 4.5937
-0.8024 3.4756 4.5937
-0.7710 3.4776 4.5937
-0.7425 3.4930 4.5937
-0.7123 3.5013 4.5937
-0.6842 3.5201 4.5937
-0.6553 3.5358 4.5937
-0.6237 3.5374 4.5937
-0.5942 3.5506 4.5937
-0.5655 3.5705 4.5937
-0.5336 3.5703 4.5937
-0.5046 3.5907 4.5937
-0.4749 3.6069 4.5937
-0.4447 3.6218 4.5937
-0.4140 3.6335 4.5937
-0.3824 3.6380 4.5937
-0.3522 3.6581 4.5937
-0.3214 3.6740 4.5937
-0.2898 3.6826 4.5937
-0.2340 3.3458 4.5937
-0.1979 3.2360 4.5937
-0.1640 3.1287 4.5937
-0.1360 3.1160 4.5937
-0.1091 3.1231 4.5937
-0.0816 3.1179 4.5937
-0.0544 3.1155 4.5937
-0.0273 3.1229 4.5937
0.0000 3.1340 4.5937
-2.6259 3.2238 4.5937
-2.5735 3.2678 4.5937
-2.6689 3.3883 4.5937
-2.4581 3.4911 4.5937
-2.1425 3.4540 4.5937
-1.7873 3.3147 4.5937
-1.6073 3.2731 4.5937
-1.4856 3.2635 4.5937
-1.3933 3.2701 4.5937
-1.2979 3.2732 4.5937
-1.2373 3.2972 4.5937
-1.1733 3.3182 4.5937
-1.1085 3.3378 4.5937
-1.0438 3.3565 4.5937
-0.9774 3.3732 4.5937
-0.9120 3.3896 4.5937
-0.8143 3.4440 4.5937
-0.2132 3.1102 4.5937
-0.1497 3.1171 4.5937
-0.0824 3.1200 4.5937
-0.2486 3.3109 4.5937
-0.4506 3.6003 4.5937
-0.1486 3.4673 4.5937
-0.2168 3.6528 4.5937
-2.6021 3.2713 5.0530
-2.5735 3.2939 5.0530
-2.5422 3.3130 5.0530
-2.5168 3.3399 5.0530
-2.5684 3.4711 5.0530
-2.6015 3.5807 5.0530
-2.5743 3.6090 5.0530
-2.5444 3.6338 5.0530
-2.5233 3.6715 5.0530
-2.5343 3.7572 5.0530
-2.4892 3.7608 5.0530
-2.4068 3.7061 5.0530
-2.3464 3.6831 5.0530
-2.2887 3.6627 5.0530
-2.2253 3.6314 5.0530
-2.1729 3.6164 5.0530
-2.1195 3.5982 5.0530
-2.0645 3.5758 5.0530
-2.0160 3.5632 5.0530
-1.9533 3.5238 5.0530
-1.9096 3.5170 5.0530
-1.8629 3.5035 5.0530
-1.8068 3.4709 5.0530
-1.7538 3.4420 5.0530
-1.7094 3.4285 5.0530
-1.6662 3.4163 5.0530
-1.6200 3.3964 5.0530
-1.5785 3.3851 5.0530
-1.5369 3.3723 5.0530
-1.5025 3.3746 5.0530
-1.4634 3.3656 5.0530
-1.4230 3.3525 5.0530
-1.3868 3.3481 5.0530
-1.3527 3.3481 5.0530
-1.3172 3.3439 5.0530
-1.2858 3.3497 5.0530
-1.2502 3.3439 5.0530
-1.2200 3.3519 5.0530
-1.1890 3.3577 5.0530
-1.1610 3.3717 5.0530
-1.1277 3.3703 5.0530
-1.0982 3.3801 5.0530
-1.0678 3.3866 5.0530
-1.0379 3.3949 5.0530
-1.0085 3.4048 5.0530
-0.9802 3.4182 5.0530
-0.9498 3.4247 5.0530
-0.9235 3.4464 5.0530
-0.8929 3.4524 5.0530
-0.8658 3.4727 5.0530
-0.8348 3.4772 5.0530
-0.8053 3.4882 5.0530
-0.7746 3.4942 5.0530
-0.7472 3.5155 5.0530
-0.7167 3.5228 5.0530
-0.6881 3.5397 5.0530
-0.6586 3.5535 5.0530
-0.6296 3.5709 5.0530
-0.5980 3.5733 5.0530
-0.5672 3.5814 5.0530
-0.5374 3.5961 5.0530
-0.5073 3.6095 5.0530
-0.4771 3.6237 5.0530
-0.4449 3.6238 5.0530
-0.4141 3.6345 5.0530
-0.3844 3.6569 5.0530
-0.3527 3.6631 5.0530
-0.3215 3.6750 5.0530
-0.2897 3.6816 5.0530
-0.2347 3.3558 5.0530
-0.1997 3.2649 5.0530
-0.1652 3.1517 5.0530
-0.1359 3.1130 5.0530
-0.1086 3.1091 5.0530
-0.0818 3.1219 5.0530
-0.0543 3.1115 5.0530
-0.0272 3.1209 5.0530
0.0000 3.1550 5.0530
-2.6277 3.2247 5.0530
-2.5761 3.2692 5.0530
-2.6680 3.3878 5.0530
-2.5928 3.7140 5.0530
-2.2061 3.5614 5.0530
-1.8182 3.3998 5.0530
-1.5760 3.3189 5.0530
-1.4544 3.3083 5.0530
-1.3291 3.2931 5.0530
-1.2667 3.3163 5.0530
-1.2042 3.3387 5.0530
-1.1400 3.3591 5.0530
-1.0767 3.3792 5.0530
-1.0110 3.3967 5.0530
-0.9454 3.4134 5.0530
-0.8790 3.4286 5.0530
-0.7817 3.4827 5.0530
-0.1791 3.0840 5.0530
-0.1127 3.0882 5.0530
-0.1803 3.1979 5.0530
-0.2493 3.3115 5.0530
-0.5166 3.5913 5.0530
-0.4498 3.5996 5.0530
-0.1486 3.4673 5.0530
-0.2176 3.6535 5.0530
-2.6152 3.2877 5.5124
-2.5784 3.3002 5.5124
-2.5385 3.3083 5.5124
-2.5180 3.3415 5.5124
-2.5482 3.4437 5.5124
-2.5980 3.5759 5.5124
-2.5708 3.6041 5.5124
-2.5507 3.6428 5.5124
-2.5262 3.6756 5.5124
-2.5371 3.7613 5.5124
-2.5417 3.8400 5.5124
-2.4885 3.8319 5.5124
-2.4184 3.7961 5.5124
-2.3475 3.7569 5.5124
-2.2948 3.7448 5.5124
-2.2394 3.7270 5.5124
-2.1875 3.7136 5.5124
-2.1380 3.7031 5.5124
-2.0810 3.6781 5.5124
-2.0265 3.6559 5.5124
-1.9702 3.6286 5.5124
-1.9215 3.6139 5.5124
-1.8645 3.5817 5.5124
-1.8187 3.5694 5.5124
-1.7701 3.5502 5.5124
-1.7224 3.5314 5.5124
-1.6755 3.5129 5.5124
-1.6338 3.5038 5.5124
-1.5862 3.4806 5.5124
-1.5456 3.4715 5.5124
-1.4989 3.4472 5.5124
-1.4574 3.4335 5.5124
-1.4186 3.4248 5.5124
-1.3808 3.4176 5.5124
-1.3418 3.4063 5.5124
-1.3066 3.4038 5.5124
-1.2730 3.4048 5.5124
-1.2395 3.4054 5.5124
-1.2077 3.4105 5.5124
-1.1714 3.4020 5.5124
-1.1423 3.4140 5.5124
-1.1094 3.4143 5.5124
-1.0765 3.4143 5.5124
-1.0482 3.4284 5.5124
-1.0216 3.4489 5.5124
-0.9893 3.4500 5.5124
-0.9594 3.4594 5.5124
-0.9292 3.4677 5.5124
-0.9001 3.4805 5.5124
-0.8692 3.4863 5.5124
-0.8397 3.4976 5.5124
-0.8109 3.5126 5.5124
-0.7826 3.5303 5.5124
-0.7512 3.5340 5.5124
-0.7215 3.5463 5.5124
-0.6928 3.5643 5.5124
-0.6619 3.5712 5.5124
-0.6312 3.5798 5.5124
-0.6013 3.5930 5.5124
-0.5713 3.6070 5.5124
-0.5417 3.6247 5.5124
-0.5084 3.6174 5.5124
-0.4782 3.6327 5.5124
-0.4474 3.6436 5.5124
-0.4165 3.6554 5.5124
-0.3850 3.6628 5.5124
-0.3542 3.6790 5.5124
-0.3223 3.6839 5.5124
-0.2915 3.7035 5.5124
-0.2363 3.3787 5.5124
-0.2002 3.2729 5.5124
-0.1671 3.1886 5.5124
-0.1366 3.1280 5.5124
-0.1089 3.1181 5.5124
-0.0820 3.1329 5.5124
-0.0546 3.1265 5.5124
-0.0274 3.1389 5.5124
0.0000 3.1640 5.5124
-2.6545 3.2381 5.5124
-2.5770 3.2696 5.5124
-2.6680 3.3878 5.5124
-2.5911 3.7130 5.5124
-2.2433 3.6552 5.5124
-1.9418 3.5431 5.5124
-1.6375 3.4227 5.5124
-1.4843 3.3920 5.5124
-1.3287 3.3566 5.5124
-1.2342 3.3585 5.5124
-1.1715 3.3803 5.5124
-1.1072 3.4001 5.5124
-1.0438 3.4197 5.5124
-0.9771 3.4360 5.5124
-0.9130 3.4532 5.5124
-0.8457 3.4672 5.5124
-0.7488 3.5211 5.5124
-0.1103 3.0863 5.5124
-0.1787 3.1966 5.5124
-0.2501 3.3121 5.5124
-0.5158 3.5907 5.5124
-0.4175 3.6363 5.5124
-0.1486 3.4673 5.5124
-0.3175 3.6782 5.5124
-0.2176 3.6535 5.5124
-0.2172 3.7178 5.5124
-2.6096 3.2807 5.9718
-2.5784 3.3002 5.9718
-2.5495 3.3226 5.9718
-2.5192 3.3431 5.9718
-2.5292 3.4180 5.9718
-2.6033 3.5831 5.9718
-2.5841 3.6228 5.9718
-2.5490 3.6403 5.9718
-2.5262 3.6756 5.9718
-2.5326 3.7547 5.9718
-2.5483 3.8501 5.9718
-2.5489 3.9250 5.9718
-2.5146 3.9471 5.9718
-2.4413 3.9070 5.9718
-2.3774 3.8795 5.9718
-2.3156 3.8538 5.9718
-2.2641 3.8437 5.9718
-2.2060 3.8209 5.9718
-2.1588 3.8156 5.9718
-2.1016 3.7915 5.9718
-2.0494 3.7745 5.9718
-1.9953 3.7525 5.9718
-1.9523 3.7503 5.9718
-1.8954 3.7200 5.9718
-1.8419 3.6943 5.9718
-1.7899 3.6698 5.9718
-1.7418 3.6519 5.9718
-1.6926 3.6298 5.9718
-1.6451 3.6098 5.9718
-1.6029 3.6003 5.9718
-1.5599 3.5875 5.9718
-1.5172 3.5743 5.9718
-1.4699 3.5486 5.9718
-1.4295 3.5381 5.9718
-1.3938 3.5384 5.9718
-1.3503 3.5177 5.9718
-1.3101 3.5041 5.9718
-1.2771 3.5088 5.9718
-1.2404 3.5029 5.9718
-1.2023 3.4918 5.9718
-1.1651 3.4822 5.9718
-1.1338 3.4894 5.9718
-1.0991 3.4858 5.9718
-1.0672 3.4905 5.9718
-1.0355 3.4959 5.9718
-1.0064 3.5096 5.9718
-0.9725 3.5067 5.9718
-0.9418 3.5150 5.9718
-0.9086 3.5134 5.9718
-0.8811 3.5338 5.9718
-0.8500 3.5404 5.9718
-0.8213 3.5574 5.9718
-0.7876 3.5527 5.9718
-0.7599 3.5751 5.9718
-0.7293 3.5846 5.9718
-0.6993 3.5977 5.9718
-0.6659 3.5928 5.9718
-0.6354 3.6034 5.9718
-0.6075 3.6305 5.9718
-0.5763 3.6386 5.9718
-0.5444 3.6425 5.9718
-0.5140 3.6571 5.9718
-0.4833 3.6713 5.9718
-0.4525 3.6853 5.9718
-0.4198 3.6842 5.9718
-0.3887 3.6986 5.9718
-0.3568 3.7059 5.9718
-0.3259 3.7248 5.9718
-0.2933 3.7265 5.9718
-0.2361 3.3768 5.9718
-0.2012 3.2889 5.9718
-0.1691 3.2276 5.9718
-0.1369 3.1350 5.9718
-0.1093 3.1291 5.9718
-0.0822 3.1399 5.9718
-0.0547 3.1325 5.9718
-0.0274 3.1389 5.9718
0.0000 3.2190 5.9718
-2.6554 3.2385 5.9718
-2.5779 3.2701 5.9718
-2.6698 3.3888 5.9718
-2.5911 3.7130 5.9718
-2.5768 3.8556 5.9718
-2.3433 3.7892 5.9718
-2.0692 3.6925 5.9718
-1.7939 3.5892 5.9718
-1.5778 3.5184 5.9718
-1.3910 3.4623 5.9718
-1.2967 3.4648 5.9718
-1.1699 3.4432 5.9718
-1.1060 3.4633 5.9718
-1.0089 3.4587 5.9718
-0.9437 3.4756 5.9718
-0.8480 3.5327 5.9718
-0.7821 3.5466 5.9718
-0.1111 3.0869 5.9718
-0.1826 3.1997 5.9718
-0.1841 3.2586 5.9718
-0.5498 3.6186 5.9718
-2.6507 5.4463 5.9718
-0.1803 3.4336 5.9718
-0.2151 3.5250 5.9718
-0.1497 3.5298 5.9718
-0.2837 3.7130 5.9718
-0.2172 3.7178 5.9718
-2.5864 3.3104 6.4312
-2.5538 3.3281 6.4312
-2.5276 3.3543 6.4312
-2.5185 3.4035 6.4312
-2.6115 3.5945 6.4312
-2.5812 3.6187 6.4312
-2.5501 3.6419 6.4312
-2.5296 3.6805 6.4312
-2.5354 3.7589 6.4312
-2.5439 3.8434 6.4312
-2.5505 3.9275 6.4312
-2.5511 4.0044 6.4312
-2.5436 4.0706 6.4312
-2.4845 4.0543 6.4312
-2.4238 4.0338 6.4312
-2.3656 4.0161 6.4312
-2.3065 3.9950 6.4312
-2.2514 3.9793 6.4312
-2.1972 3.9638 6.4312
-2.1448 3.9503 6.4312
-2.0948 3.9397 6.4312
-2.0432 3.9250 6.4312
-1.9885 3.9026 6.4312
-1.9374 3.8858 6.4312
-1.8885 3.8720 6.4312
-1.8366 3.8504 6.4312
-1.7839 3.8255 6.4312
-1.7326 3.8018 6.4312
-1.6880 3.7912 6.4312
-1.6361 3.7627 6.4312
-1.5868 3.7382 6.4312
-1.5430 3.7251 6.4312
-1.4996 3.7115 6.4312
-1.4601 3.7068 6.4312
-1.4177 3.6932 6.4312
-1.3760 3.6802 6.4312
-1.3387 3.6780 6.4312
-1.2952 3.6574 6.4312
-1.2586 3.6554 6.4312
-1.2207 3.6482 6.4312
-1.1851 3.6473 6.4312
-1.1475 3.6394 6.4312
-1.1125 3.6387 6.4312
-1.0747 3.6282 6.4312
-1.0419 3.6336 6.4312
-1.0072 3.6319 6.4312
-0.9734 3.6328 6.4312
-0.9359 3.6189 6.4312
-0.9096 3.6483 6.4312
-0.8738 3.6396 6.4312
-0.8418 3.6461 6.4312
-0.8110 3.6582 6.4312
-0.7774 3.6573 6.4312
-0.7464 3.6688 6.4312
-0.7106 3.6556 6.4312
-0.6806 3.6725 6.4312
-0.6491 3.6812 6.4312
-0.6193 3.7005 6.4312
-0.5866 3.7038 6.4312
-0.5561 3.7207 6.4312
-0.5244 3.7313 6.4312
-0.4918 3.7358 6.4312
-0.4602 3.7479 6.4312
-0.4270 3.7478 6.4312
-0.3958 3.7663 6.4312
-0.3626 3.7656 6.4312
-0.3307 3.7796 6.4312
-0.2981 3.7873 6.4312
-0.2340 3.3468 6.4312
-0.2012 3.2899 6.4312
-0.1711 3.2645 6.4312
-0.1371 3.1400 6.4312
-0.1094 3.1321 6.4312
-0.0822 3.1399 6.4312
-0.0547 3.1315 6.4312
-0.0275 3.1479 6.4312
0.0000 3.4240 6.4312
-2.6020 3.2824 6.4312
-2.5500 3.3264 6.4312
-2.6146 3.6518 6.4312
-2.5759 3.8551 6.4312
-2.5966 3.9443 6.4312
-2.2982 3.9105 6.4312
-2.1129 3.8658 6.4312
-1.8955 3.7962 6.4312
-1.6449 3.6996 6.4312
-1.4880 3.6618 6.4312
-1.3297 3.6198 6.4312
-1.2018 3.5963 6.4312
-1.1063 3.5937 6.4312
-1.0097 3.5886 6.4312
-0.9446 3.6055 6.4312
-0.8797 3.6215 6.4312
-0.1450 3.1134 6.4312
-0.0824 3.1200 6.4312
-0.1833 3.2580 6.4312
-0.6169 3.6740 6.4312
-0.2147 3.4023 6.4312
-0.4505 3.7297 6.4312
-0.1497 3.5298 6.4312
-0.2495 3.6822 6.4312
-0.2843 3.7793 6.4312
-0.2176 3.7837 6.4312
-2.5852 3.3089 6.8905
-2.5507 3.3242 6.8905
-2.5385 3.3686 6.8905
-2.5155 3.3995 6.8905
-2.6104 3.5928 6.8905
-2.5795 3.6163 6.8905
-2.5627 3.6600 6.8905
-2.5313 3.6830 6.8905
-2.5343 3.7572 6.8905
-2.5483 3.8501 6.8905
-2.5560 3.9359 6.8905
-2.5516 4.0053 6.8905
-2.5479 4.0774 6.8905
-2.5404 4.1455 6.8905
-2.5268 4.2053 6.8905
-2.4824 4.2142 6.8905
-2.4200 4.1916 6.8905
-2.3602 4.1716 6.8905
-2.2941 4.1387 6.8905
-2.2398 4.1252 6.8905
-2.1901 4.1190 6.8905
-2.1296 4.0909 6.8905
-2.0834 4.0888 6.8905
-2.0342 4.0800 6.8905
-1.9814 4.0625 6.8905
-1.9300 4.0463 6.8905
-1.8819 4.0358 6.8905
-1.8263 4.0075 6.8905
-1.7799 3.9977 6.8905
-1.7350 3.9901 6.8905
-1.6829 3.9646 6.8905
-1.6341 3.9450 6.8905
-1.5872 3.9285 6.8905
-1.5364 3.9003 6.8905
-1.4933 3.8902 6.8905
-1.4418 3.8563 6.8905
-1.4047 3.8593 6.8905
-1.3619 3.8460 6.8905
-1.3156 3.8208 6.8905
-1.2791 3.8227 6.8905
-1.2388 3.8128 6.8905
-1.2001 3.8063 6.8905
-1.1645 3.8090 6.8905
-1.1273 3.8056 6.8905
-1.0890 3.7979 6.8905
-1.0532 3.7977 6.8905
-1.0177 3.7980 6.8905
-0.9832 3.8019 6.8905
-0.9493 3.8074 6.8905
-0.9151 3.8117 6.8905
-0.8784 3.8049 6.8905
-0.8448 3.8105 6.8905
-0.8117 3.8187 6.8905
-0.7769 3.8188 6.8905
-0.7432 3.8234 6.8905
-0.7107 3.8347 6.8905
-0.6731 3.8171 6.8905
-0.6402 3.8258 6.8905
-0.6098 3.8500 6.8905
-0.5756 3.8512 6.8905
-0.5426 3.8611 6.8905
-0.5081 3.8597 6.8905
-0.4765 3.8809 6.8905
-0.4430 3.8878 6.8905
-0.4083 3.8846 6.8905
-0.3742 3.8860 6.8905
-0.3400 3.8862 6.8905
-0.3071 3.9019 6.8905
-0.2344 3.3518 6.8905
-0.2013 3.2909 6.8905
-0.1715 3.2725 6.8905
-0.1385 3.1720 6.8905
-0.1105 3.1651 6.8905
-0.0831 3.1719 6.8905
-0.0551 3.1595 6.8905
-0.0277 3.1789 6.8905
0.0000 3.4580 6.8905
-2.6038 3.2833 6.8905
-2.5500 3.3264 6.8905
-2.6322 3.5876 6.8905
-2.5759 3.8551 6.8905
-2.5923 3.9417 6.8905
-2.1274 4.0251 6.8905
-1.9388 3.9716 6.8905
-1.7794 3.9347 6.8905
-1.5568 3.8495 6.8905
-1.3968 3.8047 6.8905
-1.2685 3.7801 6.8905
-1.1403 3.7529 6.8905
-1.0431 3.7469 6.8905
-0.1796 3.1405 6.8905
-0.1106 3.1425 6.8905
-0.1825 3.2574 6.8905
-0.2488 3.3706 6.8905
-0.6835 3.7957 6.8905
-0.6175 3.8071 6.8905
-0.1811 3.4955 6.8905
-0.1834 3.5596 6.8905
-0.2172 3.7178 6.8905
-0.2176 3.7837 6.8905
-0.2185 3.8513 6.8905
-2.6725 3.3597 7.3499
-2.5870 3.3112 7.3499
-2.5641 3.3416 7.3499
-2.5379 3.3678 7.3499
-2.5155 3.3995 7.3499
-2.5216 3.4707 7.3499
-2.5342 3.5528 7.3499
-2.5278 3.6100 7.3499
-2.5358 3.6896 7.3499
-2.5359 3.7597 7.3499
-2.5400 3.8375 7.3499
-2.5239 3.8864 7.3499
-2.4238 3.8045 7.3499
-2.4456 3.9137 7.3499
-2.4646 4.0219 7.3499
-2.4346 4.0518 7.3499
-2.4174 4.1039 7.3499
-2.3935 4.1457 7.3499
-2.3745 4.1969 7.3499
-2.2975 4.1448 7.3499
-2.2942 4.2254 7.3499
-2.2506 4.2329 7.3499
-2.2095 4.2443 7.3499
-2.1633 4.2456 7.3499
-2.1114 4.2348 7.3499
-2.0582 4.2198 7.3499
-2.0101 4.2142 7.3499
-1.9529 4.1880 7.3499
-1.8993 4.1676 7.3499
-1.8462 4.1466 7.3499
-1.7992 4.1378 7.3499
-1.7466 4.1147 7.3499
-1.6991 4.1020 7.3499
-1.6509 4.0861 7.3499
-1.5994 4.0603 7.3499
-1.5503 4.0387 7.3499
-1.5048 4.0249 7.3499
-1.4591 4.0087 7.3499
-1.4200 4.0100 7.3499
-1.3736 3.9891 7.3499
-1.3301 3.9754 7.3499
-1.2889 3.9669 7.3499
-1.2497 3.9636 7.3499
-1.2087 3.9534 7.3499
-1.1721 3.9570 7.3499
-1.1315 3.9460 7.3499
-1.0965 3.9538 7.3499
-1.0549 3.9371 7.3499
-1.0190 3.9404 7.3499
-0.9817 3.9375 7.3499
-0.9476 3.9468 7.3499
-0.9088 3.9365 7.3499
-0.8714 3.9306 7.3499
-0.8339 3.9234 7.3499
-0.8003 3.9334 7.3499
-0.7657 3.9393 7.3499
-0.7311 3.9448 7.3499
-0.6951 3.9422 7.3499
-0.6632 3.9629 7.3499
-0.6265 3.9557 7.3499
-0.5920 3.9610 7.3499
-0.5568 3.9621 7.3499
-0.5228 3.9707 7.3499
-0.4881 3.9751 7.3499
-0.4535 3.9802 7.3499
-0.4194 3.9900 7.3499
-0.3849 3.9975 7.3499
-0.3498 3.9977 7.3499
-0.3090 3.9259 7.3499
-0.2334 3.3378 7.3499
-0.2028 3.3158 7.3499
-0.1727 3.2955 7.3499
-0.1432 3.2799 7.3499
-0.1119 3.2050 7.3499
-0.0833 3.1829 7.3499
-0.0557 3.1905 7.3499
-0.0278 3.1909 7.3499
0.0000 3.2000 7.3499
0.0311 3.5659 7.3499
-2.6055 3.2842 7.3499
-2.5527 3.3278 7.3499
-2.5768 3.8556 7.3499
-2.1455 4.1911 7.3499
-1.9508 4.1305 7.3499
-1.7236 4.0422 7.3499
-1.5314 3.9746 7.3499
-1.4022 3.9503 7.3499
-1.2732 3.9235 7.3499
-1.1442 3.8941 7.3499
-0.1106 3.1425 7.3499
-0.1506 3.2316 7.3499
-0.8831 3.8934 7.3499
-0.2499 3.4318 7.3499
-0.2487 3.4921 7.3499
-0.2490 3.5545 7.3499
-0.2493 3.6179 7.3499
-0.2503 3.6829 7.3499
-0.2504 3.7482 7.3499
-0.2848 3.8465 7.3499
-0.3186 3.9463 7.3499
-2.3727 3.4523 7.8093
-2.3671 3.5093 7.8093
-2.3645 3.5724 7.8093
-2.3583 3.6314 7.8093
-2.3609 3.7059 7.8093
-2.3597 3.7764 7.8093
-2.3549 3.8428 7.8093
-2.3496 3.9104 7.8093
-2.3403 3.9730 7.8093
-2.3414 4.3124 7.8093
-2.3239 4.3706 7.8093
-2.2806 4.3809 7.8093
-2.2268 4.3704 7.8093
-2.1819 4.3762 7.8093
-2.1353 4.3780 7.8093
-2.0970 4.3965 7.8093
-2.0374 4.3693 7.8093
-1.9926 4.3724 7.8093
-1.9479 4.3750 7.8093
-1.9068 4.3854 7.8093
-1.4641 3.4491 7.8093
-1.4178 3.4230 7.8093
-1.3857 3.4297 7.8093
-1.3465 3.4184 7.8093
-1.3138 3.4225 7.8093
-1.2849 3.4367 7.8093
-1.2737 3.4994 7.8093
-1.2551 3.5443 7.8093
-1.2515 3.6346 7.8093
-1.2480 3.7298 7.8093
-1.2345 3.7995 7.8093
-1.2906 4.0934 7.8093
-1.3309 4.3531 7.8093
-1.2999 4.3885 7.8093
-1.2550 4.3766 7.8093
-1.2111 4.3672 7.8093
-1.1693 4.3641 7.8093
-1.1257 4.3528 7.8093
-1.0872 4.3605 7.8093
-1.0491 4.3698 7.8093
-1.0116 4.3817 7.8093
-0.9658 4.3562 7.8093
-0.9271 4.3616 7.8093
-0.8886 4.3675 7.8093
-0.8520 4.3830 7.8093
-0.8131 4.3873 7.8093
-0.7703 4.3686 7.8093
-0.7336 4.3840 7.8093
-0.6927 4.3735 7.8093
-0.6548 4.3813 7.8093
-0.6150 4.3760 7.8093
-0.5746 4.3643 7.8093
-0.5360 4.3652 7.8093
-0.3950 3.4666 7.8093
-0.3678 3.4997 7.8093
-0.4162 4.3220 7.8093
-0.3767 4.3056 7.8093
-0.1373 5.2432 7.8093
-0.0614 3.5205 7.8093
-0.0303 3.4689 7.8093
-1.4531 3.3721 7.8093
-1.3598 3.3768 7.8093
-1.5160 3.5451 7.8093
-1.5164 3.6129 7.8093
-1.5185 3.6828 7.8093
-1.5197 3.7529 7.8093
-1.5543 3.8477 7.8093
-2.1249 4.3337 7.8093
-2.0330 4.3458 7.8093
-1.9421 4.3571 7.8093
-1.8103 4.3356 7.8093
-1.7446 4.3632 7.8093
-1.6187 4.3420 7.8093
-1.3855 4.2316 7.8093
-1.4240 4.3393 7.8093
-1.3545 4.3587 7.8093
-2.1687 5.1319 7.8093
-2.6038 5.9047 7.8093
-0.6271 4.3138 7.8093
-0.5593 4.3232 7.8093
-0.4246 4.2646 7.8093
-1.9735 3.9583 8.2686
-1.9306 3.9583 8.2686
-2.0367 4.2701 8.2686
-2.4491 5.2521 8.2686
-2.3878 5.2396 8.2686
-2.3302 5.2337 8.2686
-2.2741 5.2300 8.2686
-1.9931 4.6955 8.2686
-1.8135 4.3783 8.2686
-1.7685 4.3772 8.2686
-1.7262 4.3823 8.2686
-1.6868 4.3944 8.2686
-1.6414 4.3902 8.2686
-1.5962 4.3855 8.2686
-1.5545 4.3899 8.2686
-1.5103 4.3863 8.2686
-1.4666 4.3832 8.2686
-1.4224 4.3777 8.2686
-1.3793 4.3747 8.2686
-1.3364 4.3713 8.2686
-1.2997 4.3876 8.2686
-1.2580 4.3872 8.2686
-1.2122 4.3710 8.2686
-1.1748 4.3843 8.2686
-1.1305 4.3712 8.2686
-0.8772 3.5183 8.2686
-0.8080 3.3654 8.2686
-0.8080 3.4999 8.2686
-0.9675 4.3640 8.2686
-0.8741 4.1121 8.2686
-0.8342 4.1000 8.2686
-1.0084 5.1879 8.2686
-0.9589 5.1739 8.2686
-0.9214 5.2254 8.2686
-0.8675 5.1839 8.2686
-0.8221 5.1903 8.2686
-0.7767 5.1973 8.2686
-0.7294 5.1900 8.2686
-0.6808 5.1714 8.2686
-0.6368 5.1861 8.2686
-0.5900 5.1785 8.2686
-0.5448 5.1834 8.2686
-0.4981 5.1731 8.2686
-0.4536 5.1842 8.2686
-0.4078 5.1810 8.2686
-0.3623 5.1813 8.2686
-0.3169 5.1813 8.2686
-0.2724 5.1969 8.2686
-0.2263 5.1821 8.2686
-0.1819 5.2098 8.2686
-0.1344 5.1322 8.2686
-0.1011 5.7911 8.2686
-2.0556 3.9022 8.2686
-1.9651 3.9898 8.2686
-0.8501 3.3454 8.2686
-1.9445 4.3589 8.2686
-1.7431 4.3620 8.2686
-1.6218 4.3445 8.2686
-1.5231 4.3429 8.2686
-1.4256 4.3406 8.2686
-1.3584 4.3620 8.2686
-1.2616 4.3571 8.2686
-1.1600 4.3464 8.2686
-1.0619 4.3368 8.2686
-0.9934 4.3520 8.2686
-0.9258 4.3670 8.2686
-1.6685 5.2274 8.2686
-0.7047 4.6247 8.2686
-0.2698 5.1668 8.2686
-0.1657 5.2203 8.2686
-0.0941 5.2207 8.2686
-2.6332 3.9039 8.7280
-2.6388 3.9868 8.7280
-2.6328 4.0541 8.7280
-2.6269 4.1233 8.7280
-2.6226 4.1970 8.7280
-2.6245 4.2828 8.7280
-2.6112 4.3458 8.7280
-2.5950 4.4055 8.7280
-2.5690 4.4496 8.7280
-2.6010 4.5972 8.7280
-2.5932 4.6783 8.7280
-2.5938 4.7772 8.7280
-2.5877 4.8668 8.7280
-2.5729 4.9424 8.7280
-2.5451 4.9950 8.7280
-2.5857 5.1861 8.7280
-2.5881 5.3065 8.7280
-2.5254 5.2946 8.7280
-2.5754 5.5230 8.7280
-2.4172 5.3042 8.7280
-2.3554 5.2903 8.7280
-2.2976 5.2841 8.7280
-2.2416 5.2809 8.7280
-2.1809 5.2652 8.7280
-2.1311 5.2747 8.7280
-2.0718 5.2597 8.7280
-2.0176 5.2561 8.7280
-1.9643 5.2538 8.7280
-1.9009 5.2228 8.7280
-1.8413 5.1996 8.7280
-1.8225 5.2930 8.7280
-1.7350 5.1854 8.7280
-1.6721 5.1462 8.7280
-1.4247 4.5187 8.7280
-1.5800 5.1679 8.7280
-1.5348 5.1815 8.7280
-1.4595 5.0899 8.7280
-1.3971 5.0379 8.7280
-1.3479 5.0305 8.7280
-1.2421 4.8030 8.7280
-1.1844 4.7506 8.7280
-1.2148 5.0602 8.7280
-1.1904 5.1564 8.7280
-1.1478 5.1773 8.7280
-1.1009 5.1793 8.7280
-1.0553 5.1867 8.7280
-1.0054 5.1722 8.7280
-0.9584 5.1709 8.7280
-0.9268 5.2559 8.7280
-0.9393 5.6130 8.7280
-0.8219 5.1893 8.7280
-0.7770 5.1993 8.7280
-0.7284 5.1831 8.7280
-0.6838 5.1942 8.7280
-0.6363 5.1821 8.7280
-0.5897 5.1755 8.7280
-0.5449 5.1844 8.7280
-0.4995 5.1880 8.7280
-0.4529 5.1772 8.7280
-0.4092 5.1989 8.7280
-0.3625 5.1833 8.7280
-0.2282 3.7310 8.7280
-0.1788 3.4123 8.7280
-0.1566 3.5866 8.7280
-0.1493 4.2754 8.7280
-0.1292 4.9333 8.7280
-0.1015 5.8131 8.7280
-2.6312 4.2024 8.7280
-2.5535 4.3125 8.7280
-2.6436 4.6247 8.7280
-2.6313 4.8765 8.7280
-2.6041 5.2183 8.7280
-2.2577 5.2079 8.7280
-0.2151 3.5250 8.7280
-0.2156 3.5881 8.7280
-1.9023 5.1704 8.7280
-0.1833 3.6867 8.7280
-1.3204 4.8122 8.7280
-0.1844 3.8190 8.7280
-0.1847 3.8866 8.7280
-0.1856 3.9559 8.7280
-1.0546 4.8946 8.7280
-0.1860 4.0969 8.7280
-0.1869 4.1700 8.7280
-0.1876 4.2442 8.7280
-0.1899 4.3979 8.7280
-0.1922 4.4782 8.7280
-0.1927 4.5581 8.7280
-0.1967 4.6437 8.7280
-0.1983 4.7282 8.7280
-0.1993 4.8138 8.7280
-0.1997 4.9006 8.7280
-0.2021 4.9916 8.7280
-0.2723 5.1699 8.7280
-0.2006 5.1717 8.7280
-0.0306 5.3274 8.7280
-2.4131 2.2112 9.1874
-2.3579 2.1988 9.1874
-2.3241 2.2055 9.1874
-2.2774 2.1993 9.1874
-2.2382 2.1995 9.1874
-2.1934 2.1934 9.1874
-2.1686 2.2068 9.1874
-2.1479 2.2242 9.1874
-2.1043 2.2175 9.1874
-2.0705 2.2204 9.1874
-2.0288 2.2140 9.1874
-1.9940 2.2146 9.1874
-1.9587 2.2139 9.1874
-1.9190 2.2075 9.1874
-1.9022 2.2272 9.1874
-1.8802 2.2407 9.1874
-1.8764 2.2763 9.1874
-1.9956 2.4643 9.1874
-2.1178 2.6624 9.1874
-2.0760 2.6572 9.1874
-1.9931 2.5974 9.1874
-1.8855 2.5021 9.1874
-1.8457 2.4944 9.1874
-1.8057 2.4853 9.1874
-1.7688 2.4798 9.1874
-1.7425 2.4886 9.1874
-1.7077 2.4847 9.1874
-1.6748 2.4830 9.1874
-1.6508 2.4942 9.1874
-1.6187 2.4925 9.1874
-1.5926 2.4998 9.1874
-1.5670 2.5077 9.1874
-1.5372 2.5085 9.1874
-1.5147 2.5209 9.1874
-1.4795 2.5116 9.1874
-1.4585 2.5262 9.1874
-1.4261 2.5206 9.1874
-1.3992 2.5242 9.1874
-1.3714 2.5257 9.1874
-1.3375 2.5155 9.1874
-1.2693 2.4384 9.1874
-1.1736 2.3033 9.1874
-1.1195 2.2454 9.1874
-1.0819 2.2182 9.1874
-1.0405 2.1815 9.1874
-1.0164 2.1797 9.1874
-0.9948 2.1830 9.1874
-0.9697 2.1779 9.1874
-0.9486 2.1817 9.1874
-0.9256 2.1807 9.1874
-0.9035 2.1813 9.1874
-0.8826 2.1844 9.1874
-0.8591 2.1809 9.1874
-0.8321 2.1678 9.1874
-0.8160 2.1824 9.1874
-0.7928 2.1782 9.1874
-0.7701 2.1747 9.1874
-0.7514 2.1823 9.1874
-0.7235 2.1622 9.1874
-0.7015 2.1589 9.1874
-0.6781 2.1506 9.1874
-0.6599 2.1584 9.1874
-0.6385 2.1554 9.1874
-0.6202 2.1628 9.1874
-0.5997 2.1624 9.1874
-0.5816 2.1704 9.1874
-0.5634 2.1783 9.1874
-0.5436 2.1803 9.1874
-0.5203 2.1674 9.1874
-0.5010 2.1699 9.1874
-0.4801 2.1654 9.1874
-0.4611 2.1695 9.1874
-0.4414 2.1696 9.1874
-0.4242 2.1822 9.1874
-0.4007 2.1622 9.1874
-0.3930 2.2286 9.1874
-0.3806 2.2744 9.1874
-0.3723 2.3507 9.1874
-0.3614 2.4181 9.1874
-0.3613 2.5707 9.1874
-0.3395 2.5787 9.1874
-0.3202 2.6074 9.1874
-0.3028 2.6578 9.1874
-0.2889 2.7489 9.1874
-0.2738 2.8438 9.1874
-0.2589 2.9597 9.1874
-0.2469 3.1373 9.1874
-0.2310 3.3029 9.1874
-0.2123 3.4715 9.1874
-0.1941 3.7029 9.1874
-0.1845 4.2250 9.1874
-0.1628 4.6612 9.1874
-0.1331 5.0823 9.1874
-0.0984 5.6401 9.1874
-2.3853 2.1435 9.1874
-2.2136 2.1437 9.1874
-2.0829 2.1558 9.1874
-1.9514 2.1653 9.1874
-1.8959 2.2018 9.1874
-1.8290 2.2331 9.1874
-1.7602 2.2626 9.1874
-2.5597 2.6508 9.1874
-1.6527 2.3315 9.1874
-1.0874 2.1425 9.1874
-0.9744 2.1435 9.1874
-0.8672 2.1452 9.1874
-0.7432 2.1372 9.1874
-0.6143 2.1246 9.1874
-0.5407 2.1366 9.1874
-0.4691 2.1484 9.1874
-2.6029 3.2828 9.1874
-2.6130 3.3592 9.1874
-2.6196 3.4347 9.1874
-2.5990 3.5692 9.1874
-2.6102 3.6494 9.1874
-2.6231 3.7315 9.1874
-2.6076 3.8741 9.1874
-2.6315 3.9658 9.1874
-2.6229 4.1173 9.1874
-2.6126 4.2709 9.1874
-2.6129 4.4350 9.1874
-2.6078 4.5992 9.1874
-2.5802 4.8380 9.1874
-2.5799 5.0158 9.1874
-2.5854 5.2032 9.1874
-2.6174 5.5151 9.1874
-2.6090 5.9094 9.1874
-2.3716 2.3305 9.6467
-2.3299 2.3299 9.6467
-2.2716 2.3116 9.6467
-2.2333 2.3127 9.6467
-2.1910 2.3089 9.6467
-2.1544 2.3103 9.6467
-2.1328 2.3276 9.6467
-2.0937 2.3253 9.6467
-2.0488 2.3158 9.6467
-2.0134 2.3162 9.6467
-1.9776 2.3154 9.6467
-1.9386 2.3104 9.6467
-1.8987 2.3033 9.6467
-1.8640 2.3019 9.6467
-1.8370 2.3095 9.6467
-1.8008 2.3049 9.6467
-1.7636 2.2983 9.6467
-1.7404 2.3097 9.6467
-1.7060 2.3055 9.6467
-1.6658 2.2928 9.6467
-1.6312 2.2869 9.6467
-1.6112 2.3010 9.6467
-1.5757 2.2927 9.6467
-1.5423 2.2865 9.6467
-1.5145 2.2882 9.6467
-1.4880 2.2912 9.6467
-1.4561 2.2856 9.6467
-1.4313 2.2906 9.6467
-1.3998 2.2842 9.6467
-1.3736 2.2861 9.6467
-1.3485 2.2893 9.6467
-1.3215 2.2889 9.6467
-1.2946 2.2882 9.6467
-1.2678 2.2871 9.6467
-1.2411 2.2858 9.6467
-1.2164 2.2877 9.6467
-1.1927 2.2911 9.6467
-1.1717 2.2997 9.6467
-1.1400 2.2866 9.6467
-1.1152 2.2865 9.6467
-1.0892 2.2835 9.6467
-1.0675 2.2893 9.6467
-1.0413 2.2849 9.6467
-1.0209 2.2930 9.6467
-0.9905 2.2780 9.6467
-0.9745 2.2957 9.6467
-0.9479 2.2884 9.6467
-0.9245 2.2883 9.6467
-0.9005 2.2860 9.6467
-0.8798 2.2919 9.6467
-0.8552 2.2874 9.6467
-0.8338 2.2910 9.6467
-0.8118 2.2925 9.6467
-0.7911 2.2976 9.6467
-0.7657 2.2883 9.6467
-0.7432 2.2873 9.6467
-0.7154 2.2689 9.6467
-0.6958 2.2760 9.6467
-0.6757 2.2810 9.6467
-0.6497 2.2657 9.6467
-0.6312 2.2761 9.6467
-0.6103 2.2777 9.6467
-0.5896 2.2800 9.6467
-0.5683 2.2792 9.6467
-0.5465 2.2763 9.6467
-0.5280 2.2868 9.6467
-0.5082 2.2923 9.6467
-0.4863 2.2879 9.6467
-0.4691 2.3058 9.6467
-0.4574 2.3530 9.6467
-0.4567 2.4640 9.6467
-0.4449 2.5231 9.6467
-0.4240 2.5338 9.6467
-0.4002 2.5265 9.6467
-0.3769 2.5220 9.6467
-0.3543 2.5212 9.6467
-0.3370 2.5599 9.6467
-0.3205 2.6104 9.6467
-0.3037 2.6658 9.6467
-0.2879 2.7389 9.6467
-0.2735 2.8409 9.6467
-0.2574 2.9418 9.6467
-0.2439 3.0984 9.6467
-0.2351 3.3628 9.6467
-0.2176 3.5584 9.6467
-0.1980 3.7788 9.6467
-0.1727 3.9562 9.6467
-0.1541 4.4123 9.6467
-0.1276 4.8733 9.6467
-0.1025 5.8721 9.6467
-2.3667 2.2590 9.6467
-2.1969 2.2571 9.6467
-2.0369 2.2559 9.6467
-1.8449 2.2393 9.6467
-1.7009 2.2386 9.6467
-1.5878 2.2483 9.6467
-1.4593 2.2494 9.6467
-1.3331 2.2493 9.6467
-1.1991 2.2436 9.6467
-1.0647 2.2352 9.6467
-0.9961 2.2551 9.6467
-0.9356 2.2778 9.6467
-0.7519 2.2396 9.6467
-0.6857 2.2564 9.6467
-0.5625 2.2432 9.6467
-2.5834 3.4154 9.6467
-2.6016 3.5706 9.6467
-2.6154 3.6523 9.6467
-2.6266 3.7335 9.6467
-2.6343 3.8136 9.6467
-2.6488 3.8988 9.6467
-2.6374 4.0475 9.6467
-2.6278 4.2003 9.6467
-2.6315 4.3651 9.6467
-2.6264 4.5278 9.6467
-2.6313 4.7017 9.6467
-2.6250 4.8717 9.6467
-2.6528 4.9821 9.6467
-2.6185 5.3240 9.6467
-2.6273 5.5236 9.6467
-2.6209 5.8174 9.6467
-2.4574 2.5896 10.1061
-2.4115 2.5861 10.1061
-2.3470 2.5613 10.1061
-2.2971 2.5512 10.1061
-2.2595 2.5539 10.1061
-2.2273 2.5622 10.1061
-2.1860 2.5595 10.1061
-2.1456 2.5571 10.1061
-2.0997 2.5471 10.1061
-2.0541 2.5366 10.1061
-2.0138 2.5317 10.1061
-1.9812 2.5358 10.1061
-1.9340 2.5205 10.1061
-1.9035 2.5261 10.1061
-1.8677 2.5241 10.1061
-1.8333 2.5233 10.1061
-1.7944 2.5156 10.1061
-1.7655 2.5213 10.1061
-1.7298 2.5169 10.1061
-1.6949 2.5128 10.1061
-1.6713 2.5250 10.1061
-1.6317 2.5127 10.1061
-1.5952 2.5040 10.1061
-1.5664 2.5068 10.1061
-1.5367 2.5076 10.1061
-1.5019 2.4995 10.1061
-1.4724 2.4996 10.1061
-1.4430 2.4993 10.1061
-1.4167 2.5040 10.1061
-1.3880 2.5040 10.1061
-1.3580 2.5011 10.1061
-1.3310 2.5032 10.1061
-1.3017 2.5005 10.1061
-1.2734 2.4993 10.1061
-1.2449 2.4969 10.1061
-1.2204 2.5022 10.1061
-1.1955 2.5065 10.1061
-1.1652 2.4987 10.1061
-1.1400 2.5015 10.1061
-1.1141 2.5022 10.1061
-1.0894 2.5054 10.1061
-1.0601 2.4973 10.1061
-1.0340 2.4963 10.1061
-1.0084 2.4960 10.1061
-0.9841 2.4982 10.1061
-0.9586 2.4973 10.1061
-0.9354 2.5019 10.1061
-0.9094 2.4986 10.1061
-0.8843 2.4971 10.1061
-0.8618 2.5028 10.1061
-0.8345 2.4941 10.1061
-0.8112 2.4965 10.1061
-0.7909 2.5083 10.1061
-0.7654 2.5036 10.1061
-0.7410 2.5016 10.1061
-0.7269 2.5348 10.1061
-0.6980 2.5170 10.1061
-0.6750 2.5191 10.1061
-0.6487 2.5085 10.1061
-0.6256 2.5092 10.1061
-0.6014 2.5048 10.1061
-0.5817 2.5197 10.1061
-0.5571 2.5130 10.1061
-0.5364 2.5236 10.1061
-0.5138 2.5253 10.1061
-0.4911 2.5267 10.1061
-0.4680 2.5250 10.1061
-0.4484 2.5428 10.1061
-0.4268 2.5505 10.1061
-0.4022 2.5393 10.1061
-0.3819 2.5556 10.1061
-0.3603 2.5638 10.1061
-0.3451 2.6214 10.1061
-0.3284 2.6749 10.1061
-0.3129 2.7462 10.1061
-0.2952 2.8085 10.1061
-0.2810 2.9185 10.1061
-0.2609 2.9816 10.1061
-0.2499 3.1752 10.1061
-0.2217 3.6252 10.1061
-0.2041 3.8947 10.1061
-0.1758 4.0272 10.1061
-0.1542 4.4143 10.1061
-0.1283 4.9013 10.1061
-0.1032 5.9151 10.1061
-2.3415 2.4975 10.1061
-2.1865 2.4962 10.1061
-1.9785 2.4698 10.1061
-1.8366 2.4683 10.1061
-1.6924 2.4632 10.1061
-1.5433 2.4533 10.1061
-1.4202 2.4529 10.1061
-1.3255 2.4638 10.1061
-1.1968 2.4566 10.1061
-1.1000 2.4630 10.1061
-1.0008 2.4665 10.1061
-0.9011 2.4680 10.1061
-0.7911 2.4624 10.1061
-0.6136 2.4687 10.1061
-0.4719 2.4895 10.1061
-2.5233 3.8994 10.1061
-2.6408 4.0496 10.1061
-2.6600 4.1410 10.1061
-2.3910 4.2029 10.1061
-2.6288 4.5295 10.1061
-2.6249 4.6970 10.1061
-2.6281 4.8741 10.1061
-2.6504 4.9803 10.1061
-2.6123 5.3189 10.1061
-2.6227 5.5197 10.1061
-2.6098 5.8074 10.1061
-2.4080 2.7217 10.5655
-2.3343 2.6853 10.5655
-2.2926 2.6842 10.5655
-2.2375 2.6666 10.5655
-2.2110 2.6822 10.5655
-2.1756 2.6866 10.5655
-2.1371 2.6867 10.5655
-2.0779 2.6595 10.5655
-2.0430 2.6625 10.5655
-2.0004 2.6547 10.5655
-1.9605 2.6495 10.5655
-1.9273 2.6528 10.5655
-1.8815 2.6377 10.5655
-1.8492 2.6409 10.5655
-1.8159 2.6421 10.5655
-1.7794 2.6380 10.5655
-1.7452 2.6367 10.5655
-1.7069 2.6284 10.5655
-1.6758 2.6305 10.5655
-1.6417 2.6273 10.5655
-1.6098 2.6270 10.5655
-1.6007 2.6641 10.5655
-1.5515 2.6340 10.5655
-1.5085 2.6128 10.5655
-1.5068 2.6633 10.5655
-1.4578 2.6300 10.5655
-1.4195 2.6145 10.5655
-1.3962 2.6259 10.5655
-1.3640 2.6202 10.5655
-1.3393 2.6285 10.5655
-1.3100 2.6275 10.5655
-1.2726 2.6092 10.5655
-1.2455 2.6112 10.5655
-1.2201 2.6165 10.5655
-1.1939 2.6198 10.5655
-1.1633 2.6127 10.5655
-1.1372 2.6155 10.5655
-1.1077 2.6096 10.5655
-1.0822 2.6127 10.5655
-1.0564 2.6147 10.5655
-1.0291 2.6126 10.5655
-1.0041 2.6159 10.5655
-0.9778 2.6152 10.5655
-0.9525 2.6170 10.5655
-0.9330 2.6347 10.5655
-0.9064 2.6323 10.5655
-0.8796 2.6288 10.5655
-0.8563 2.6354 10.5655
-0.8309 2.6351 10.5655
-0.8064 2.6375 10.5655
-0.7805 2.6348 10.5655
-0.7558 2.6358 10.5655
-0.7349 2.6500 10.5655
-0.7118 2.6563 10.5655
-0.6865 2.6547 10.5655
-0.6619 2.6547 10.5655
-0.6357 2.6478 10.5655
-0.6107 2.6454 10.5655
-0.5876 2.6506 10.5655
-0.5653 2.6596 10.5655
-0.5427 2.6674 10.5655
-0.5152 2.6504 10.5655
-0.4960 2.6764 10.5655
-0.4713 2.6728 10.5655
-0.4488 2.6817 10.5655
-0.4250 2.6835 10.5655
-0.4026 2.6941 10.5655
-0.3784 2.6925 10.5655
-0.3586 2.7235 10.5655
-0.3409 2.7762 10.5655
-0.3236 2.8406 10.5655
-0.3064 2.9149 10.5655
-0.2921 3.0340 10.5655
-0.2719 3.1081 10.5655
-0.2572 3.2679 10.5655
-0.2357 3.3708 10.5655
-0.2126 3.4755 10.5655
-0.2120 4.0444 10.5655
-0.1827 4.1840 10.5655
-0.1624 4.6512 10.5655
-0.1402 5.3522 10.5655
0.0295 3.3829 10.5655
-2.3568 2.6304 10.5655
-2.1246 2.5935 10.5655
-1.9893 2.5954 10.5655
-1.8818 2.6076 10.5655
-1.7057 2.5860 10.5655
-1.6206 2.6046 10.5655
-1.4674 2.5886 10.5655
-1.3757 2.6004 10.5655
-1.2432 2.5900 10.5655
-1.1503 2.5978 10.5655
-1.0533 2.6018 10.5655
-0.9179 2.5833 10.5655
-0.8497 2.5995 10.5655
-0.7851 2.6167 10.5655
-0.6763 2.6075 10.5655
-0.6060 2.6189 10.5655
-0.5333 2.6277 10.5655
-2.5467 3.9908 10.5655
-2.6170 4.1136 10.5655
-2.6412 4.2090 10.5655
-2.4058 4.1340 10.5655
-2.4217 4.2236 10.5655
-2.6338 4.5330 10.5655
-2.6085 4.7717 10.5655
-2.6052 4.9456 10.5655
-2.6430 5.0650 10.5655
-2.6239 5.3284 10.5655
-2.5718 5.6727 10.5655
-2.3736 3.0933 11.0248
-2.3266 3.0875 11.0248
-2.2794 3.0804 11.0248
-2.2746 3.1889 11.0248
-2.1538 3.0759 11.0248
-2.1218 3.0872 11.0248
-2.0780 3.0807 11.0248
-2.0549 3.1046 11.0248
-2.0364 3.1358 11.0248
-2.0385 3.1998 11.0248
-2.0100 3.2166 11.0248
-1.9541 3.1889 11.0248
-1.9206 3.1964 11.0248
-1.8759 3.1846 11.0248
-1.8380 3.1835 11.0248
-1.7949 3.1724 11.0248
-1.7090 3.0830 11.0248
-1.6691 3.0741 11.0248
-1.6441 3.0921 11.0248
-1.6170 3.1063 11.0248
-1.5940 3.1283 11.0248
-1.5599 3.1287 11.0248
-1.5229 3.1224 11.0248
-1.4909 3.1257 11.0248
-1.4597 3.1304 11.0248
-1.4187 3.1130 11.0248
-1.3902 3.1225 11.0248
-1.3561 3.1189 11.0248
-1.3254 3.1224 11.0248
-1.2954 3.1273 11.0248
-1.2695 3.1422 11.0248
-1.2186 3.0936 11.0248
-1.1729 3.0556 11.0248
-1.1375 3.0423 11.0248
-1.1143 3.0615 11.0248
-1.1259 3.1795 11.0248
-1.0962 3.1836 11.0248
-1.0684 3.1930 11.0248
-1.0371 3.1917 11.0248
-1.0056 3.1892 11.0248
-0.9675 3.1644 11.0248
-0.9259 3.1258 11.0248
-0.8864 3.0914 11.0248
-0.8514 3.0701 11.0248
-0.8176 3.0514 11.0248
-0.7869 3.0429 11.0248
-0.7565 3.0341 11.0248
-0.7281 3.0328 11.0248
-0.7012 3.0371 11.0248
-0.6703 3.0236 11.0248
-0.6435 3.0274 11.0248
-0.6168 3.0319 11.0248
-0.5900 3.0352 11.0248
-0.5631 3.0383 11.0248
-0.5366 3.0431 11.0248
-0.5097 3.0456 11.0248
-0.4890 3.0875 11.0248
-0.4625 3.0946 11.0248
-0.4378 3.1154 11.0248
-0.4123 3.1320 11.0248
-0.3901 3.1771 11.0248
-0.3882 3.4070 11.0248
-0.4021 3.8259 11.0248
-0.3731 3.8751 11.0248
-0.3407 3.8941 11.0248
-0.3088 3.9239 11.0248
-0.2755 3.9394 11.0248
-0.2502 4.0914 11.0248
-0.2304 4.3970 11.0248
-0.2162 4.9523 11.0248
-0.1944 5.5676 11.0248
-2.3509 3.0195 11.0248
-2.4863 3.1542 11.0248
-2.1333 3.0436 11.0248
-2.0764 3.0799 11.0248
-1.9919 3.1009 11.0248
-1.7326 3.0257 11.0248
-1.6430 3.0393 11.0248
-1.5527 3.0511 11.0248
-1.4618 3.0610 11.0248
-1.3685 3.0681 11.0248
-1.1830 3.0181 11.0248
-1.2750 3.1345 11.0248
-0.8560 2.9917 11.0248
-0.7576 2.9857 11.0248
-0.6938 3.0009 11.0248
-0.6260 3.0124 11.0248
-0.8526 3.2251 11.0248
-0.7522 3.2155 11.0248
-0.4551 3.1206 11.0248
-2.5314 4.7146 11.0248
-2.5547 4.8187 11.0248
-2.5413 4.9856 11.0248
-2.5703 5.0990 11.0248
-2.5457 5.3583 11.0248
-2.5389 5.6435 11.0248
