-2.7321 4.4585 0.0000
-2.6720 4.4470 0.0000
-2.6341 4.4719 0.0000
-2.5915 4.4886 0.0000
-2.5532 4.5128 0.0000
-2.5108 4.5297 0.0000
-2.4712 4.5514 0.0000
-2.4356 4.5807 0.0000
-2.3919 4.5947 0.0000
-2.3462 4.6047 0.0000
-2.2975 4.6080 0.0000
-2.2559 4.6252 0.0000
-2.2102 4.6339 0.0000
-2.1693 4.6521 0.0000
-2.1203 4.6526 0.0000
-2.0756 4.6618 0.0000
-2.0276 4.6633 0.0000
-1.9822 4.6697 0.0000
-1.9326 4.6656 0.0000
-1.8828 4.6600 0.0000
-1.8351 4.6586 0.0000
-1.7897 4.6623 0.0000
-1.7426 4.6609 0.0000
-1.6971 4.6628 0.0000
-1.6503 4.6604 0.0000
-1.6070 4.6671 0.0000
-1.5589 4.6591 0.0000
-1.5145 4.6611 0.0000
-1.4662 4.6503 0.0000
-1.4230 4.6543 0.0000
-1.3778 4.6512 0.0000
-1.3333 4.6496 0.0000
-1.2849 4.6331 0.0000
-1.2387 4.6229 0.0000
-1.1921 4.6094 0.0000
-1.1455 4.5944 0.0000
-1.1016 4.5886 0.0000
-1.0568 4.5776 0.0000
-1.0127 4.5681 0.0000
-0.9645 4.5376 0.0000
-0.9173 4.5086 0.0000
-0.8709 4.4801 0.0000
-0.8257 4.4551 0.0000
-0.7767 4.4050 0.0000
-0.5800 3.4658 0.0000
-0.6899 4.3557 0.0000
-0.6449 4.3151 0.0000
-0.6172 4.3918 0.0000
-2.8791 4.1986 0.0000
-2.8869 4.2855 0.0000
-2.8014 4.3130 0.0000
-2.7485 4.3609 0.0000
-2.6970 4.4092 0.0000
-2.6434 4.4559 0.0000
-2.5600 4.4814 0.0000
-2.4995 4.5219 0.0000
-0.4567 3.1217 0.0000
-2.3208 4.5587 0.0000
-0.4527 3.2348 0.0000
-2.1633 4.6065 0.0000
-2.0685 4.6162 0.0000
-1.9685 4.6203 0.0000
-1.8720 4.6255 0.0000
-1.7713 4.6256 0.0000
-1.6732 4.6261 0.0000
-1.5452 4.5994 0.0000
-1.4739 4.6193 0.0000
-1.3428 4.5853 0.0000
-0.5869 3.9860 0.0000
-0.5203 3.9954 0.0000
-0.6242 4.1629 0.0000
-0.6225 4.2348 0.0000
-3.0381 3.3155 0.4438
-2.9375 3.2624 0.4438
-2.8884 3.2647 0.4438
-2.8539 3.2830 0.4438
-2.8069 3.2865 0.4438
-2.7576 3.2863 0.4438
-2.7129 3.2910 0.4438
-2.6627 3.2881 0.4438
-2.6114 3.2830 0.4438
-2.5698 3.2892 0.4438
-2.5124 3.2742 0.4438
-2.4650 3.2712 0.4438
-2.4174 3.2669 0.4438
-2.3782 3.2733 0.4438
-2.3350 3.2736 0.4438
-2.3585 3.3684 0.4438
-2.2430 3.2635 0.4438
-2.1937 3.2523 0.4438
-2.1487 3.2463 0.4438
-2.0979 3.2306 0.4438
-2.0600 3.2336 0.4438
-2.0269 3.2438 0.4438
-1.9824 3.2349 0.4438
-1.9438 3.2349 0.4438
-1.9038 3.2320 0.4438
-1.8695 3.2381 0.4438
-1.8239 3.2238 0.4438
-1.7865 3.2230 0.4438
-1.7497 3.2226 0.4438
-1.7159 3.2272 0.4438
-1.6780 3.2234 0.4438
-1.6389 3.2165 0.4438
-1.6014 3.2119 0.4438
-1.5659 3.2105 0.4438
-1.5287 3.2051 0.4438
-1.4956 3.2074 0.4438
-1.4622 3.2085 0.4438
-1.4293 3.2102 0.4438
-1.3936 3.2051 0.4438
-1.3640 3.2135 0.4438
-1.3287 3.2077 0.4438
-1.2991 3.2155 0.4438
-1.2630 3.2062 0.4438
-1.2324 3.2106 0.4438
-1.1988 3.2062 0.4438
-1.1707 3.2166 0.4438
-1.1363 3.2088 0.4438
-1.1034 3.2044 0.4438
-1.0722 3.2044 0.4438
-1.0423 3.2079 0.4438
-1.0113 3.2074 0.4438
-0.9797 3.2046 0.4438
-0.9497 3.2063 0.4438
-0.9193 3.2058 0.4438
-0.8902 3.2099 0.4438
-0.8580 3.2020 0.4438
-0.8303 3.2104 0.4438
-0.7993 3.2059 0.4438
-0.7685 3.2010 0.4438
-0.7367 3.1911 0.4438
-0.7110 3.2071 0.4438
-0.6811 3.2044 0.4438
-0.6515 3.2024 0.4438
-0.6215 3.1972 0.4438
-0.5919 3.1936 0.4438
-0.5725 3.2469 0.4438
-0.5372 3.2104 0.4438
-0.5051 3.1892 0.4438
-0.4663 3.1203 0.4438
-0.4376 3.1134 0.4438
-0.4112 3.1231 0.4438
-0.3830 3.1196 0.4438
-0.3601 3.1606 0.4438
-0.3559 3.3863 0.4438
-2.9854 3.1827 0.4438
-2.8852 3.2077 0.4438
-2.8156 3.3184 0.4438
-2.7282 3.4924 0.4438
-2.6799 3.5400 0.4438
-2.6304 3.5866 0.4438
-2.9479 3.8404 0.4438
-2.5565 3.6930 0.4438
-2.4876 3.8020 0.4438
-2.3704 4.0331 0.4438
-2.2610 4.1931 0.4438
-2.1775 4.2135 0.4438
-0.5212 3.1108 0.4438
-0.4567 3.1217 0.4438
-1.8312 4.1965 0.4438
-0.6164 3.3581 0.4438
-1.6413 4.2059 0.4438
-1.5744 4.2302 0.4438
-0.5841 3.5191 0.4438
-0.5843 3.5827 0.4438
-0.5837 3.6466 0.4438
-0.5839 3.7121 0.4438
-0.5840 3.7785 0.4438
-0.5849 3.8465 0.4438
-0.5856 3.9154 0.4438
-0.5869 3.9860 0.4438
-0.5874 4.0569 0.4438
-0.6235 4.1622 0.4438
-0.6573 4.2678 0.4438
-2.9922 3.2654 0.8876
-2.9535 3.2802 0.8876
-2.9076 3.2864 0.8876
-2.8630 3.2936 0.8876
-2.8667 3.3564 0.8876
-2.8983 3.4541 0.8876
-2.8929 3.5093 0.8876
-2.8949 3.5749 0.8876
-2.8903 3.6336 0.8876
-2.8899 3.6989 0.8876
-2.8904 3.7668 0.8876
-2.8923 3.8382 0.8876
-2.8849 3.8987 0.8876
-2.8843 3.9698 0.8876
-2.8844 4.0437 0.8876
-2.8839 4.1187 0.8876
-2.8632 4.1660 0.8876
-2.8491 4.2239 0.8876
-2.7873 4.2111 0.8876
-2.7352 4.2118 0.8876
-2.6741 4.1976 0.8876
-2.6120 4.1800 0.8876
-2.5613 4.1796 0.8876
-2.5093 4.1761 0.8876
-2.4550 4.1677 0.8876
-2.3970 4.1517 0.8876
-2.3400 4.1359 0.8876
-2.2883 4.1282 0.8876
-2.2369 4.1199 0.8876
-2.1849 4.1092 0.8876
-2.1379 4.1069 0.8876
-2.0870 4.0960 0.8876
-2.0458 4.1033 0.8876
-2.0003 4.1012 0.8876
-1.9584 4.1059 0.8876
-1.9128 4.1019 0.8876
-1.8661 4.0948 0.8876
-1.8149 4.0762 0.8876
-1.7653 4.0598 0.8876
-1.7235 4.0603 0.8876
-1.6834 4.0641 0.8876
-1.6434 4.0676 0.8876
-1.6027 4.0687 0.8876
-1.5686 4.0863 0.8876
-1.5336 4.1017 0.8876
-1.4892 4.0914 0.8876
-1.4447 4.0798 0.8876
-1.4068 4.0856 0.8876
-1.3650 4.0797 0.8876
-1.3241 4.0753 0.8876
-1.2831 4.0695 0.8876
-1.2467 4.0777 0.8876
-1.2088 4.0807 0.8876
-1.1693 4.0777 0.8876
-1.1328 4.0848 0.8876
-1.0982 4.0984 0.8876
-1.0619 4.1059 0.8876
-1.0214 4.0966 0.8876
-0.9868 4.1102 0.8876
-0.9504 4.1167 0.8876
-0.9151 4.1278 0.8876
-0.8774 4.1278 0.8876
-0.8445 4.1510 0.8876
-0.8086 4.1601 0.8876
-0.6963 3.7570 0.8876
-0.5729 3.2489 0.8876
-0.5382 3.2163 0.8876
-0.5076 3.2050 0.8876
-0.4742 3.1728 0.8876
-0.4415 3.1411 0.8876
-0.4118 3.1280 0.8876
-0.3850 3.1355 0.8876
-0.3643 3.1973 0.8876
-0.3723 3.5425 0.8876
-0.4873 5.0606 0.8876
-0.4808 5.4960 0.8876
-2.9872 3.1836 0.8876
-3.0169 3.2706 0.8876
-2.9180 3.2961 0.8876
-3.0130 3.7209 0.8876
-3.0219 3.8823 0.8876
-3.0036 4.1121 0.8876
-2.6433 4.0512 0.8876
-2.5242 4.0545 0.8876
-2.3729 4.0347 0.8876
-2.2173 4.0093 0.8876
-2.0934 4.0021 0.8876
-1.9709 3.9937 0.8876
-1.7810 3.9359 0.8876
-1.7196 3.9656 0.8876
-0.4551 3.1206 0.8876
-0.6166 3.2977 0.8876
-1.4677 3.9997 0.8876
-0.5853 3.3957 0.8876
-1.2419 3.9704 0.8876
-0.5841 3.5191 0.8876
-0.5835 3.5821 0.8876
-0.5837 3.6466 0.8876
-0.5839 3.7121 0.8876
-0.5840 3.7785 0.8876
-0.5849 3.8465 0.8876
-0.5856 3.9154 0.8876
-0.5862 3.9853 0.8876
-0.5881 4.0576 0.8876
-3.0861 3.3679 1.3314
-2.9576 3.2847 1.3314
-2.9248 3.3059 1.3314
-2.9037 3.3403 1.3314
-2.9011 3.3967 1.3314
-2.8983 3.4541 1.3314
-2.8973 3.5147 1.3314
-2.8949 3.5749 1.3314
-2.8928 3.6368 1.3314
-2.8936 3.7037 1.3314
-2.8965 3.7748 1.3314
-2.8887 3.8335 1.3314
-2.8813 3.8939 1.3314
-2.8772 3.9601 1.3314
-2.8611 4.0111 1.3314
-2.8025 4.0024 1.3314
-2.7380 3.9838 1.3314
-2.6724 3.9620 1.3314
-2.6316 3.9760 1.3314
-2.5729 3.9619 1.3314
-2.5264 3.9656 1.3314
-2.4615 3.9392 1.3314
-2.4145 3.9401 1.3314
-2.3666 3.9387 1.3314
-2.3139 3.9282 1.3314
-2.2550 3.9058 1.3314
-2.2090 3.9044 1.3314
-2.1516 3.8816 1.3314
-2.1019 3.8712 1.3314
-2.0666 3.8867 1.3314
-2.0280 3.8958 1.3314
-1.9894 3.9044 1.3314
-1.9361 3.8831 1.3314
-1.8876 3.8702 1.3314
-1.8422 3.8622 1.3314
-1.7978 3.8554 1.3314
-1.7566 3.8546 1.3314
-1.7148 3.8515 1.3314
-1.6684 3.8370 1.3314
-1.6282 3.8357 1.3314
-1.5962 3.8535 1.3314
-1.5584 3.8571 1.3314
-1.5254 3.8724 1.3314
-1.4819 3.8604 1.3314
-1.4404 3.8525 1.3314
-1.3982 3.8415 1.3314
-1.3603 3.8413 1.3314
-1.3270 3.8539 1.3314
-1.2860 3.8436 1.3314
-1.2450 3.8318 1.3314
-1.2061 3.8254 1.3314
-1.1718 3.8329 1.3314
-1.1375 3.8401 1.3314
-1.1042 3.8508 1.3314
-1.0706 3.8603 1.3314
-1.0376 3.8724 1.3314
-1.0038 3.8813 1.3314
-0.9694 3.8880 1.3314
-0.9359 3.8982 1.3314
-0.9005 3.9004 1.3314
-0.8625 3.8905 1.3314
-0.8267 3.8891 1.3314
-0.7919 3.8923 1.3314
-0.7592 3.9059 1.3314
-0.7237 3.9045 1.3314
-0.5899 3.3454 1.3314
-0.5395 3.2242 1.3314
-0.4989 3.1497 1.3314
-0.4655 3.1144 1.3314
-0.4384 3.1193 1.3314
-0.4102 3.1161 1.3314
-0.3857 3.1414 1.3314
-0.5579 4.8963 1.3314
-0.5200 4.9477 1.3314
-0.4903 5.0915 1.3314
-0.5159 5.8965 1.3314
-0.4704 5.9765 1.3314
-3.0126 3.1954 1.3314
-2.9619 3.2443 1.3314
-2.9225 3.2983 1.3314
-3.0134 3.4170 1.3314
-2.9975 3.6356 1.3314
-2.7308 3.8705 1.3314
-2.5553 3.8427 1.3314
-2.3757 3.8090 1.3314
-2.1939 3.7704 1.3314
-2.1042 3.7869 1.3314
-2.0173 3.8038 1.3314
-1.8304 3.7532 1.3314
-1.7079 3.7421 1.3314
-1.6462 3.7706 1.3314
-1.5214 3.7541 1.3314
-0.4878 3.0870 1.3314
-0.5546 3.1928 1.3314
-0.5876 3.2763 1.3314
-0.6156 3.3575 1.3314
-1.0756 3.7719 1.3314
-0.5847 3.4569 1.3314
-0.6154 3.5440 1.3314
-0.8485 3.7967 1.3314
-0.5837 3.6466 1.3314
-0.5839 3.7121 1.3314
-0.5840 3.7785 1.3314
-0.5849 3.8465 1.3314
-2.9629 3.2906 1.7752
-2.9321 3.3141 1.7752
-2.9031 3.3396 1.7752
-2.9037 3.3998 1.7752
-2.8970 3.4526 1.7752
-2.8980 3.5155 1.7752
-2.8993 3.5803 1.7752
-2.8941 3.6383 1.7752
-2.8942 3.7044 1.7752
-2.8941 3.7716 1.7752
-2.8713 3.8103 1.7752
-2.8177 3.8079 1.7752
-2.7644 3.8048 1.7752
-2.7078 3.7962 1.7752
-2.6551 3.7919 1.7752
-2.6055 3.7910 1.7752
-2.5538 3.7862 1.7752
-2.4975 3.7733 1.7752
-2.4509 3.7740 1.7752
-2.3974 3.7632 1.7752
-2.3518 3.7636 1.7752
-2.3027 3.7576 1.7752
-2.2600 3.7613 1.7752
-2.2093 3.7507 1.7752
-2.1580 3.7378 1.7752
-2.1041 3.7190 1.7752
-2.0614 3.7189 1.7752
-2.0193 3.7192 1.7752
-1.9708 3.7066 1.7752
-1.9232 3.6944 1.7752
-1.8654 3.6611 1.7752
-1.8111 3.6325 1.7752
-1.7688 3.6266 1.7752
-1.7147 3.5950 1.7752
-1.6808 3.6044 1.7752
-1.6438 3.6071 1.7752
-1.6160 3.6295 1.7752
-1.5759 3.6242 1.7752
-1.5410 3.6305 1.7752
-1.5005 3.6225 1.7752
-1.4572 3.6067 1.7752
-1.4180 3.5998 1.7752
-1.3865 3.6120 1.7752
-1.3553 3.6249 1.7752
-1.3253 3.6413 1.7752
-1.2898 3.6424 1.7752
-1.2580 3.6535 1.7752
-1.2248 3.6605 1.7752
-1.1891 3.6597 1.7752
-1.1442 3.6289 1.7752
-1.1113 3.6349 1.7752
-1.0784 3.6406 1.7752
-1.0482 3.6557 1.7752
-1.0152 3.6608 1.7752
-0.9817 3.6638 1.7752
-0.9464 3.6596 1.7752
-0.9130 3.6619 1.7752
-0.8782 3.6581 1.7752
-0.8458 3.6636 1.7752
-0.8103 3.6553 1.7752
-0.7795 3.6671 1.7752
-0.7484 3.6786 1.7752
-0.7169 3.6880 1.7752
-0.6868 3.7059 1.7752
-0.6005 3.4055 1.7752
-0.5376 3.2123 1.7752
-0.4967 3.1359 1.7752
-0.4674 3.1273 1.7752
-0.4394 3.1263 1.7752
-0.4096 3.1112 1.7752
-0.3830 3.1196 1.7752
-0.3617 3.1745 1.7752
-0.5384 5.1228 1.7752
-0.4990 5.1820 1.7752
-2.9619 3.2443 1.7752
-2.8835 3.4258 1.7752
-2.9900 3.5555 1.7752
-2.6790 3.6883 1.7752
-2.5348 3.6805 1.7752
-2.3896 3.6695 1.7752
-2.1825 3.6187 1.7752
-2.0023 3.5802 1.7752
-1.7605 3.4996 1.7752
-1.6690 3.5096 1.7752
-1.5158 3.4781 1.7752
-1.4535 3.5037 1.7752
-1.3912 3.5285 1.7752
-1.2968 3.5304 1.7752
-0.5188 3.1091 1.7752
-0.4203 3.0953 1.7752
-0.6190 3.2995 1.7752
-0.6172 3.3587 1.7752
-0.6155 3.4188 1.7752
-0.6154 3.4809 1.7752
-0.6154 3.5440 1.7752
-0.6488 3.6350 1.7752
-0.5837 3.6466 1.7752
-2.9649 3.2929 2.2190
-2.9268 3.3081 2.2190
-2.9103 3.3479 2.2190
-2.9082 3.4051 2.2190
-2.9054 3.4625 2.2190
-2.9031 3.5217 2.2190
-2.9005 3.5819 2.2190
-2.9003 3.6462 2.2190
-2.8844 3.6918 2.2190
-2.8332 3.6923 2.2190
-2.7720 3.6785 2.2190
-2.7177 3.6728 2.2190
-2.6644 3.6673 2.2190
-2.6201 3.6733 2.2190
-2.5679 3.6673 2.2190
-2.5137 3.6575 2.2190
-2.4582 3.6444 2.2190
-2.3987 3.6241 2.2190
-2.3463 3.6130 2.2190
-2.2851 3.5869 2.2190
-2.2294 3.5677 2.2190
-2.1736 3.5470 2.2190
-2.1137 3.5178 2.2190
-2.0697 3.5137 2.2190
-2.0345 3.5239 2.2190
-1.9894 3.5162 2.2190
-1.9514 3.5203 2.2190
-1.9077 3.5135 2.2190
-1.8554 3.4894 2.2190
-1.8064 3.4700 2.2190
-1.7601 3.4544 2.2190
-1.7125 3.4348 2.2190
-1.6759 3.4361 2.2190
-1.6381 3.4343 2.2190
-1.6017 3.4349 2.2190
-1.5626 3.4287 2.2190
-1.5240 3.4231 2.2190
-1.4837 3.4124 2.2190
-1.4496 3.4151 2.2190
-1.4163 3.4193 2.2190
-1.3883 3.4361 2.2190
-1.3594 3.4509 2.2190
-1.3227 3.4458 2.2190
-1.2919 3.4554 2.2190
-1.2569 3.4534 2.2190
-1.2231 3.4538 2.2190
-1.1877 3.4493 2.2190
-1.1471 3.4282 2.2190
-1.1075 3.4086 2.2190
-1.0729 3.4029 2.2190
-1.0420 3.4083 2.2190
-1.0085 3.4048 2.2190
-0.9802 3.4182 2.2190
-0.9500 3.4257 2.2190
-0.9227 3.4435 2.2190
-0.8931 3.4534 2.2190
-0.8627 3.4601 2.2190
-0.8334 3.4714 2.2190
-0.8055 3.4892 2.2190
-0.7746 3.4942 2.2190
-0.7468 3.5135 2.2190
-0.7155 3.5169 2.2190
-0.6877 3.5378 2.2190
-0.6025 3.2506 2.2190
-0.5828 3.3050 2.2190
-0.5348 3.1956 2.2190
-0.5025 3.1725 2.2190
-0.4749 3.1777 2.2190
-0.4469 3.1798 2.2190
-0.4191 3.1835 2.2190
-0.3916 3.1891 2.2190
-0.3630 3.1864 2.2190
-0.3354 3.1914 2.2190
-0.4841 5.0277 2.2190
-0.4960 5.6693 2.2190
-2.9655 3.2461 2.2190
-3.0206 3.4206 2.2190
-2.8492 3.5567 2.2190
-2.7476 3.5768 2.2190
-2.5473 3.5406 2.2190
-2.3752 3.5164 2.2190
-1.9650 3.3515 2.2190
-1.8769 3.3675 2.2190
-1.7582 3.3637 2.2190
-1.6979 3.3936 2.2190
-1.5765 3.3846 2.2190
-1.4219 3.3522 2.2190
-1.3296 3.3572 2.2190
-1.1400 3.2962 2.2190
-1.0762 3.3160 2.2190
-0.9799 3.3749 2.2190
-0.5546 3.1346 2.2190
-0.4858 3.1429 2.2190
-0.4180 3.1508 2.2190
-0.5860 3.3353 2.2190
-0.6155 3.4188 2.2190
-0.6178 3.4828 2.2190
-2.9027 5.6578 2.2190
-2.9252 5.8809 2.2190
-3.0273 3.3037 2.6628
-2.9663 3.2944 2.6628
-2.9414 3.3246 2.6628
-2.9063 3.3434 2.6628
-2.9050 3.4013 2.6628
-2.9099 3.4679 2.6628
-2.9094 3.5294 2.6628
-2.9062 3.5889 2.6628
-2.8710 3.6094 2.6628
-2.8154 3.6036 2.6628
-2.7680 3.6074 2.6628
-2.7046 3.5891 2.6628
-2.6452 3.5748 2.6628
-2.5945 3.5710 2.6628
-2.5423 3.5642 2.6628
-2.4801 3.5420 2.6628
-2.4203 3.5215 2.6628
-2.3721 3.5168 2.6628
-2.3231 3.5098 2.6628
-2.2793 3.5098 2.6628
-2.2185 3.4824 2.6628
-2.1186 3.3905 2.6628
-2.0670 3.3730 2.6628
-2.0251 3.3704 2.6628
-1.9865 3.3724 2.6628
-1.9465 3.3714 2.6628
-1.8845 3.3309 2.6628
-1.8374 3.3148 2.6628
-1.7979 3.3114 2.6628
-1.7600 3.3102 2.6628
-1.7154 3.2952 2.6628
-1.6689 3.2753 2.6628
-1.6371 3.2835 2.6628
-1.6022 3.2851 2.6628
-1.5705 3.2926 2.6628
-1.5345 3.2908 2.6628
-1.4937 3.2777 2.6628
-1.4618 3.2833 2.6628
-1.4315 3.2922 2.6628
-1.3902 3.2752 2.6628
-1.3528 3.2659 2.6628
-1.3216 3.2711 2.6628
-1.2923 3.2807 2.6628
-1.2579 3.2769 2.6628
-1.2135 3.2456 2.6628
-1.1834 3.2513 2.6628
-1.1566 3.2663 2.6628
-1.1274 3.2743 2.6628
-1.0944 3.2708 2.6628
-1.0621 3.2688 2.6628
-1.0302 3.2674 2.6628
-0.9979 3.2639 2.6628
-0.9728 3.2840 2.6628
-0.9443 3.2933 2.6628
-0.9185 3.3120 2.6628
-0.8883 3.3151 2.6628
-0.8623 3.3343 2.6628
-0.8339 3.3446 2.6628
-0.8040 3.3488 2.6628
-0.7763 3.3626 2.6628
-0.7491 3.3790 2.6628
-0.7198 3.3863 2.6628
-0.6916 3.3994 2.6628
-0.6621 3.4062 2.6628
-0.6101 3.2919 2.6628
-0.5765 3.2696 2.6628
-0.5382 3.2163 2.6628
-0.5051 3.1892 2.6628
-0.4777 3.1965 2.6628
-0.4493 3.1966 2.6628
-0.4215 3.2014 2.6628
-0.3923 3.1950 2.6628
-0.3658 3.2102 2.6628
-0.3404 3.2392 2.6628
-0.3407 3.5386 2.6628
-0.5115 5.8467 2.6628
-2.9664 3.2465 2.6628
-3.0394 3.3553 2.6628
-2.7362 3.4966 2.6628
-2.5402 3.4642 2.6628
-2.1651 3.3287 2.6628
-1.8460 3.2170 2.6628
-1.7277 3.2145 2.6628
-1.6684 3.2447 2.6628
-1.5782 3.2556 2.6628
-1.3330 3.1700 2.6628
-1.2381 3.1732 2.6628
-1.1419 3.1738 2.6628
-1.0469 3.1736 2.6628
-0.9824 3.1919 2.6628
-0.8513 3.2849 2.6628
-0.4842 3.1417 2.6628
-0.6833 3.3471 2.6628
-0.5860 3.3353 2.6628
-2.8911 5.7489 2.6628
-2.9230 5.8789 2.6628
-3.0672 3.3472 3.1066
-2.9770 3.3063 3.1066
-2.9434 3.3269 3.1066
-2.9182 3.3569 3.1066
-2.9147 3.4127 3.1066
-2.9144 3.4732 3.1066
-2.9088 3.5286 3.1066
-2.8546 3.5251 3.1066
-2.7945 3.5131 3.1066
-2.7292 3.4933 3.1066
-2.6755 3.4868 3.1066
-2.6197 3.4765 3.1066
-2.5720 3.4759 3.1066
-2.5216 3.4707 3.1066
-2.4691 3.4616 3.1066
-2.4193 3.4552 3.1066
-2.3727 3.4523 3.1066
-2.3184 3.4372 3.1066
-2.2376 3.3806 3.1066
-2.1796 3.3564 3.1066
-2.1325 3.3474 3.1066
-2.0752 3.3210 3.1066
-2.0257 3.3057 3.1066
-1.9777 3.2915 3.1066
-1.9408 3.2949 3.1066
-1.9125 3.3125 3.1066
-1.8372 3.2473 3.1066
-1.7972 3.2422 3.1066
-1.7540 3.2305 3.1066
-1.7056 3.2077 3.1066
-1.6632 3.1950 3.1066
-1.6217 3.1827 3.1066
-1.5907 3.1904 3.1066
-1.5540 3.1862 3.1066
-1.5094 3.1645 3.1066
-1.4813 3.1766 3.1066
-1.4518 3.1858 3.1066
-1.4191 3.1874 3.1066
-1.3801 3.1739 3.1066
-1.3472 3.1739 3.1066
-1.3195 3.1855 3.1066
-1.2890 3.1904 3.1066
-1.2597 3.1978 3.1066
-1.2303 3.2050 3.1066
-1.1995 3.2081 3.1066
-1.1714 3.2184 3.1066
-1.1373 3.2116 3.1066
-1.1089 3.2204 3.1066
-1.0782 3.2224 3.1066
-1.0460 3.2193 3.1066
-1.0074 3.1950 3.1066
-0.9786 3.2008 3.1066
-0.9441 3.1871 3.1066
-0.9137 3.1866 3.1066
-0.8867 3.1973 3.1066
-0.8619 3.2165 3.1066
-0.8353 3.2297 3.1066
-0.8090 3.2447 3.1066
-0.7827 3.2604 3.1066
-0.7565 3.2768 3.1066
-0.7279 3.2833 3.1066
-0.7013 3.2993 3.1066
-0.6765 3.3249 3.1066
-0.6495 3.3415 3.1066
-0.6138 3.3116 3.1066
-0.5751 3.2617 3.1066
-0.5450 3.2567 3.1066
-0.5079 3.2070 3.1066
-0.4791 3.2054 3.1066
-0.4502 3.2035 3.1066
-0.4221 3.2063 3.1066
-0.3928 3.1990 3.1066
-0.3671 3.2222 3.1066
-0.3425 3.2590 3.1066
-0.4706 5.3795 3.1066
-2.9700 3.2482 3.1066
-3.0304 3.3509 3.1066
-2.6964 3.4026 3.1066
-2.5040 3.3732 3.1066
-2.1351 3.2442 3.1066
-1.8756 3.1682 3.1066
-1.7285 3.1505 3.1066
-1.5796 3.1290 3.1066
-1.4564 3.1198 3.1066
-1.3656 3.1278 3.1066
-1.3031 3.1517 3.1066
-1.2390 3.1737 3.1066
-1.1436 3.1749 3.1066
-1.0478 3.1742 3.1066
-0.9482 3.1692 3.1066
-0.8863 3.1880 3.1066
-0.8196 3.2025 3.1066
-0.4842 3.1417 3.1066
-0.6166 3.2977 3.1066
-2.9017 5.4594 3.1066
-2.8400 5.5065 3.1066
-2.7419 5.5228 3.1066
-2.6189 5.5164 3.1066
-2.9770 3.3063 3.5504
-2.9447 3.3284 3.5504
-2.9208 3.3600 3.5504
-2.9180 3.4165 3.5504
-2.9228 3.4832 3.5504
-2.9005 3.5186 3.5504
-2.8250 3.4886 3.5504
-2.7665 3.4779 3.5504
-2.7095 3.4680 3.5504
-2.6505 3.4543 3.5504
-2.6071 3.4597 3.5504
-2.5488 3.4445 3.5504
-2.4934 3.4319 3.5504
-2.4395 3.4201 3.5504
-2.3889 3.4118 3.5504
-2.3126 3.3649 3.5504
-2.2563 3.3452 3.5504
-2.2105 3.3397 3.5504
-2.1709 3.3429 3.5504
-2.1175 3.3238 3.5504
-2.0598 3.2964 3.5504
-2.0215 3.2989 3.5504
-1.9793 3.2941 3.5504
-1.9200 3.2595 3.5504
-1.8815 3.2589 3.5504
-1.8397 3.2516 3.5504
-1.8016 3.2501 3.5504
-1.7550 3.2323 3.5504
-1.7004 3.1980 3.5504
-1.6614 3.1915 3.5504
-1.6294 3.1978 3.5504
-1.5916 3.1922 3.5504
-1.5580 3.1943 3.5504
-1.5244 3.1961 3.5504
-1.4897 3.1947 3.5504
-1.4531 3.1885 3.5504
-1.4187 3.1864 3.5504
-1.3884 3.1932 3.5504
-1.3629 3.2107 3.5504
-1.3302 3.2114 3.5504
-1.2980 3.2127 3.5504
-1.2622 3.2044 3.5504
-1.2274 3.1975 3.5504
-1.1925 3.1894 3.5504
-1.1608 3.1893 3.5504
-1.1353 3.2059 3.5504
-1.1086 3.2195 3.5504
-1.0788 3.2243 3.5504
-1.0488 3.2279 3.5504
-1.0191 3.2321 3.5504
-0.9844 3.2199 3.5504
-0.9532 3.2178 3.5504
-0.9239 3.2221 3.5504
-0.8971 3.2349 3.5504
-0.8673 3.2368 3.5504
-0.8373 3.2375 3.5504
-0.8066 3.2350 3.5504
-0.7769 3.2360 3.5504
-0.7471 3.2359 3.5504
-0.7201 3.2481 3.5504
-0.6936 3.2631 3.5504
-0.6683 3.2847 3.5504
-0.6423 3.3042 3.5504
-0.6134 3.3096 3.5504
-0.5734 3.2518 3.5504
-0.5471 3.2695 3.5504
-0.5076 3.2050 3.5504
-0.4788 3.2034 3.5504
-0.4505 3.2055 3.5504
-0.4223 3.2073 3.5504
-0.3941 3.2099 3.5504
-0.3668 3.2192 3.5504
-0.3413 3.2471 3.5504
-0.4857 5.0437 3.5504
-0.5041 5.7620 3.5504
-2.9899 3.2577 3.5504
-2.9441 3.3088 3.5504
-2.8622 3.4149 3.5504
-2.6698 3.3888 3.5504
-2.5040 3.3732 3.5504
-2.2203 3.2905 3.5504
-1.9334 3.2002 3.5504
-1.6989 3.1338 3.5504
-1.6090 3.1460 3.5504
-1.5176 3.1559 3.5504
-1.4256 3.1639 3.5504
-1.2724 3.1329 3.5504
-1.2101 3.1557 3.5504
-1.1419 3.1738 3.5504
-1.0134 3.1518 3.5504
-0.9157 3.1477 3.5504
-0.8213 3.2036 3.5504
-0.7190 3.2519 3.5504
-0.5198 3.1676 3.5504
-0.4534 3.1769 3.5504
-2.7871 4.9939 3.5504
-2.9040 5.7600 3.5504
-2.9116 5.8691 3.5504
-2.9863 3.3167 3.9943
-2.9487 3.3329 3.9943
-2.9201 3.3592 3.9943
-2.9180 3.4165 3.9943
-2.9202 3.4801 3.9943
-2.9234 3.5464 3.9943
-2.9163 3.6013 3.9943
-2.8897 3.6329 3.9943
-2.8247 3.6154 3.9943
-2.7601 3.5971 3.9943
-2.6955 3.5771 3.9943
-2.6291 3.5530 3.9943
-2.5669 3.5330 3.9943
-2.5203 3.5333 3.9943
-2.4675 3.5240 3.9943
-2.4078 3.5034 3.9943
-2.3274 3.4505 3.9943
-2.2850 3.4523 3.9943
-2.2210 3.4201 3.9943
-2.1594 3.3896 3.9943
-2.1032 3.3659 3.9943
-2.0503 3.3458 3.9943
-1.9953 3.3207 3.9943
-1.9429 3.2983 3.9943
-1.8860 3.2666 3.9943
-1.8037 3.1881 3.9943
-1.7574 3.1705 3.9943
-1.7240 3.1752 3.9943
-1.6934 3.1848 3.9943
-1.6660 3.2003 3.9943
-1.6335 3.2058 3.9943
-1.5960 3.2012 3.9943
-1.5531 3.1844 3.9943
-1.5231 3.1933 3.9943
-1.4918 3.1993 3.9943
-1.4576 3.1985 3.9943
-1.4240 3.1983 3.9943
-1.3944 3.2070 3.9943
-1.3578 3.1988 3.9943
-1.3260 3.2012 3.9943
-1.2980 3.2127 3.9943
-1.2699 3.2239 3.9943
-1.2353 3.2181 3.9943
-1.2037 3.2193 3.9943
-1.1666 3.2053 3.9943
-1.1319 3.1965 3.9943
-1.0981 3.1892 3.9943
-1.0690 3.1949 3.9943
-1.0414 3.2051 3.9943
-1.0125 3.2112 3.9943
-0.9856 3.2237 3.9943
-0.9551 3.2245 3.9943
-0.9220 3.2154 3.9943
-0.8936 3.2224 3.9943
-0.8676 3.2378 3.9943
-0.8415 3.2539 3.9943
-0.8165 3.2747 3.9943
-0.7874 3.2798 3.9943
-0.7583 3.2846 3.9943
-0.7294 3.2901 3.9943
-0.7011 3.2983 3.9943
-0.6727 3.3063 3.9943
-0.6447 3.3169 3.9943
-0.6158 3.3224 3.9943
-0.5741 3.2558 3.9943
-0.5508 3.2912 3.9943
-0.5073 3.2031 3.9943
-0.4768 3.1906 3.9943
-0.4477 3.1857 3.9943
-0.4209 3.1974 3.9943
-0.3923 3.1950 3.9943
-0.3649 3.2023 3.9943
-0.5270 5.0144 3.9943
-0.4898 5.0865 3.9943
-0.5061 5.7849 3.9943
-2.9944 3.2598 3.9943
-2.9486 3.3110 3.9943
-2.8545 3.5595 3.9943
-2.5675 3.4790 3.9943
-1.9920 3.2327 3.9943
-1.7590 3.1678 3.9943
-1.6393 3.1635 3.9943
-1.4875 3.1381 3.9943
-1.3356 3.1098 3.9943
-1.2741 3.1339 3.9943
-1.2059 3.1530 3.9943
-1.0803 3.1346 3.9943
-1.0151 3.1529 3.9943
-0.9162 3.2081 3.9943
-0.8177 3.2614 3.9943
-0.7500 3.2740 3.9943
-0.4842 3.1417 3.9943
-0.4204 3.1526 3.9943
-2.7919 4.9975 3.9943
-2.8866 5.6443 3.9943
-2.9474 5.7970 3.9943
-2.9830 3.3129 4.4381
-2.9526 3.3373 4.4381
-2.9254 3.3653 4.4381
-2.9212 3.4203 4.4381
-2.9247 3.4855 4.4381
-2.9183 3.5402 4.4381
-2.9188 3.6044 4.4381
-2.9165 3.6665 4.4381
-2.8622 3.6635 4.4381
-2.7991 3.6478 4.4381
-2.7328 3.6266 4.4381
-2.6791 3.6206 4.4381
-2.6250 3.6131 4.4381
-2.5679 3.6000 4.4381
-2.5123 3.5879 4.4381
-2.4554 3.5726 4.4381
-2.4079 3.5698 4.4381
-2.3501 3.5507 4.4381
-2.2902 3.5266 4.4381
-2.2115 3.4714 4.4381
-2.1271 3.4041 4.4381
-2.0884 3.4080 4.4381
-2.0493 3.4107 4.4381
-2.0033 3.4009 4.4381
-1.9615 3.3974 4.4381
-1.9170 3.3883 4.4381
-1.8651 3.3647 4.4381
-1.7994 3.3140 4.4381
-1.7436 3.2793 4.4381
-1.7057 3.2766 4.4381
-1.6752 3.2878 4.4381
-1.6335 3.2764 4.4381
-1.6022 3.2851 4.4381
-1.5671 3.2854 4.4381
-1.5278 3.2763 4.4381
-1.4941 3.2786 4.4381
-1.4545 3.2668 4.4381
-1.4291 3.2867 4.4381
-1.3933 3.2825 4.4381
-1.3570 3.2761 4.4381
-1.3209 3.2693 4.4381
-1.2776 3.2434 4.4381
-1.2367 3.2218 4.4381
-1.2019 3.2147 4.4381
-1.1745 3.2269 4.4381
-1.1476 3.2408 4.4381
-1.1219 3.2583 4.4381
-1.0944 3.2708 4.4381
-1.0683 3.2878 4.4381
-1.0338 3.2789 4.4381
-1.0031 3.2811 4.4381
-0.9719 3.2811 4.4381
-0.9405 3.2798 4.4381
-0.9102 3.2821 4.4381
-0.8802 3.2851 4.4381
-0.8535 3.3004 4.4381
-0.8288 3.3242 4.4381
-0.8003 3.3333 4.4381
-0.7741 3.3528 4.4381
-0.7461 3.3653 4.4381
-0.7185 3.3805 4.4381
-0.6882 3.3827 4.4381
-0.6591 3.3905 4.4381
-0.6293 3.3952 4.4381
-0.6006 3.4065 4.4381
-0.5542 3.3119 4.4381
-0.5076 3.2050 4.4381
-0.4764 3.1876 4.4381
-0.4490 3.1946 4.4381
-0.4209 3.1974 4.4381
-0.3927 3.1980 4.4381
-0.3656 3.2092 4.4381
-0.6218 5.9164 4.4381
-0.5565 5.7793 4.4381
-0.5138 5.8726 4.4381
-2.9953 3.2603 4.4381
-3.0268 3.3492 4.4381
-2.9311 3.3759 4.4381
-2.7169 3.5601 4.4381
-2.4870 3.5071 4.4381
-2.0514 3.3332 4.4381
-1.8169 3.2660 4.4381
-1.6382 3.2269 4.4381
-1.5782 3.2556 4.4381
-1.4856 3.2635 4.4381
-1.2720 3.1944 4.4381
-1.2060 3.2147 4.4381
-1.1083 3.2752 4.4381
-0.9469 3.2288 4.4381
-0.8505 3.2843 4.4381
-0.5182 3.1664 4.4381
-0.4534 3.1769 4.4381
-0.5852 3.3347 4.4381
-0.5845 3.3951 4.4381
-2.9897 3.3204 4.8819
-2.9612 3.3471 4.8819
-2.9293 3.3698 4.8819
-2.9219 3.4211 4.8819
-2.9208 3.4809 4.8819
-2.9171 3.5387 4.8819
-2.9238 3.6106 4.8819
-2.9171 3.6673 4.8819
-2.9127 3.7281 4.8819
-2.9014 3.7811 4.8819
-2.8345 3.7616 4.8819
-2.7665 3.7387 4.8819
-2.7091 3.7288 4.8819
-2.6590 3.7278 4.8819
-2.5972 3.7091 4.8819
-2.5352 3.6888 4.8819
-2.4761 3.6710 4.8819
-2.4191 3.6549 4.8819
-2.3670 3.6449 4.8819
-2.2932 3.5996 4.8819
-2.2278 3.5652 4.8819
-2.1658 3.5342 4.8819
-2.0988 3.4930 4.8819
-2.0433 3.4689 4.8819
-1.9840 3.4364 4.8819
-1.9411 3.4309 4.8819
-1.8942 3.4171 4.8819
-1.8566 3.4195 4.8819
-1.8093 3.4029 4.8819
-1.7593 3.3795 4.8819
-1.7056 3.3475 4.8819
-1.6353 3.2799 4.8819
-1.5992 3.2788 4.8819
-1.5615 3.2737 4.8819
-1.5231 3.2663 4.8819
-1.4829 3.2540 4.8819
-1.4496 3.2559 4.8819
-1.4187 3.2629 4.8819
-1.3832 3.2586 4.8819
-1.3486 3.2558 4.8819
-1.3171 3.2600 4.8819
-1.2820 3.2546 4.8819
-1.2546 3.2685 4.8819
-1.2285 3.2858 4.8819
-1.2032 3.3058 4.8819
-1.1743 3.3162 4.8819
-1.1493 3.3377 4.8819
-1.1236 3.3580 4.8819
-1.0942 3.3677 4.8819
-1.0627 3.3704 4.8819
-1.0344 3.3834 4.8819
-1.0060 3.3961 4.8819
-0.9763 3.4048 4.8819
-0.9463 3.4122 4.8819
-0.9157 3.4174 4.8819
-0.8878 3.4331 4.8819
-0.8593 3.4465 4.8819
-0.8301 3.4577 4.8819
-0.8002 3.4658 4.8819
-0.7701 3.4737 4.8819
-0.7412 3.4871 4.8819
-0.7115 3.4974 4.8819
-0.6848 3.5231 4.8819
-0.6522 3.5191 4.8819
-0.6178 3.5039 4.8819
-0.5579 3.3336 4.8819
-0.5089 3.2130 4.8819
-0.4823 3.2272 4.8819
-0.4522 3.2174 4.8819
-0.4234 3.2162 4.8819
-0.3955 3.2208 4.8819
-0.3690 3.2390 4.8819
-0.3433 3.2660 4.8819
-2.9953 3.2603 4.8819
-3.0295 3.3505 4.8819
-2.9338 3.3773 4.8819
-2.9928 3.7099 4.8819
-2.5258 3.6016 4.8819
-2.3529 3.5755 4.8819
-1.5779 3.1914 4.8819
-1.4864 3.2004 4.8819
-1.3927 3.2066 4.8819
-1.3005 3.2748 4.8819
-1.2042 3.3387 4.8819
-1.1392 3.3585 4.8819
-1.0430 3.4191 4.8819
-0.9763 3.4354 4.8819
-0.5530 3.1917 4.8819
-0.4510 3.1752 4.8819
-0.5852 3.3347 4.8819
-0.5845 3.3951 4.8819
-0.5831 3.4557 4.8819
-0.5833 3.5185 4.8819
-2.6834 5.7714 4.8819
-2.6023 5.8007 4.8819
-2.9877 3.3181 5.3257
-2.9639 3.3501 5.3257
-2.9293 3.3698 5.3257
-2.9193 3.4180 5.3257
-2.9157 3.4748 5.3257
-2.9209 3.5433 5.3257
-2.9163 3.6013 5.3257
-2.9165 3.6665 5.3257
-2.9145 3.7304 5.3257
-2.9184 3.8033 5.3257
-2.9050 3.8550 5.3257
-2.9010 3.9204 5.3257
-2.8302 3.8954 5.3257
-2.7560 3.8638 5.3257
-2.6906 3.8426 5.3257
-2.6310 3.8281 5.3257
-2.5611 3.7970 5.3257
-2.5080 3.7892 5.3257
-2.4394 3.7564 5.3257
-2.3786 3.7337 5.3257
-2.3200 3.7128 5.3257
-2.2786 3.7184 5.3257
-2.2136 3.6841 5.3257
-2.1621 3.6705 5.3257
-2.1130 3.6598 5.3257
-2.0628 3.6459 5.3257
-2.0178 3.6402 5.3257
-1.9573 3.6049 5.3257
-1.8929 3.5600 5.3257
-1.8442 3.5427 5.3257
-1.7855 3.5043 5.3257
-1.7277 3.4652 5.3257
-1.6518 3.3867 5.3257
-1.6166 3.3892 5.3257
-1.5738 3.3751 5.3257
-1.5356 3.3696 5.3257
-1.4960 3.3600 5.3257
-1.4622 3.3629 5.3257
-1.4324 3.3746 5.3257
-1.4029 3.3869 5.3257
-1.3737 3.4000 5.3257
-1.3436 3.4109 5.3257
-1.3116 3.4169 5.3257
-1.2828 3.4310 5.3257
-1.2532 3.4430 5.3257
-1.2227 3.4529 5.3257
-1.1948 3.4701 5.3257
-1.1661 3.4851 5.3257
-1.1350 3.4932 5.3257
-1.1051 3.5049 5.3257
-1.0765 3.5211 5.3257
-1.0483 3.5390 5.3257
-1.0188 3.5528 5.3257
-0.9904 3.5712 5.3257
-0.9631 3.5942 5.3257
-0.9329 3.6073 5.3257
-0.9036 3.6241 5.3257
-0.8747 3.6435 5.3257
-0.8465 3.6666 5.3257
-0.8158 3.6797 5.3257
-0.7853 3.6945 5.3257
-0.7566 3.7188 5.3257
-0.7190 3.6988 5.3257
-0.6859 3.7010 5.3257
-0.6515 3.6950 5.3257
-0.5602 3.3475 5.3257
-0.5150 3.2515 5.3257
-0.4813 3.2202 5.3257
-0.4527 3.2213 5.3257
-0.4249 3.2272 5.3257
-0.3958 3.2238 5.3257
-0.3687 3.2361 5.3257
-0.3448 3.2809 5.3257
-3.0215 3.2727 5.3257
-2.9711 3.3220 5.3257
-2.9364 3.3786 5.3257
-2.9672 3.7733 5.3257
-2.7825 3.8235 5.3257
-2.5455 3.7614 5.3257
-2.2433 3.6552 5.3257
-1.6067 3.3377 5.3257
-1.5460 3.3655 5.3257
-1.4540 3.3726 5.3257
-1.3908 3.3969 5.3257
-1.3276 3.4204 5.3257
-1.2652 3.4435 5.3257
-1.1708 3.5086 5.3257
-1.1058 3.5278 5.3257
-0.5174 3.1658 5.3257
-0.4534 3.1769 5.3257
-0.5852 3.3347 5.3257
-0.5853 3.3957 5.3257
-0.5839 3.4563 5.3257
-0.5833 3.5185 5.3257
-0.5835 3.5821 5.3257
-0.5837 3.6466 5.3257
-0.5839 3.7121 5.3257
-2.9877 3.3181 5.7695
-2.9652 3.3516 5.7695
-2.9346 3.3758 5.7695
-2.9245 3.4241 5.7695
-2.9183 3.4778 5.7695
-2.9126 3.5333 5.7695
-2.9150 3.5997 5.7695
-2.9215 3.6728 5.7695
-2.9164 3.7328 5.7695
-2.9099 3.7922 5.7695
-2.9068 3.8574 5.7695
-2.9027 3.9228 5.7695
-2.8984 3.9893 5.7695
-2.8965 4.0608 5.7695
-2.8725 4.1023 5.7695
-2.8077 4.0852 5.7695
-2.7406 4.0631 5.7695
-2.6752 4.0418 5.7695
-2.6159 4.0281 5.7695
-2.5602 4.0188 5.7695
-2.4986 3.9985 5.7695
-2.4317 3.9682 5.7695
-2.3553 3.9198 5.7695
-2.2941 3.8946 5.7695
-2.2150 3.8365 5.7695
-2.1612 3.8200 5.7695
-2.1094 3.8055 5.7695
-2.0594 3.7930 5.7695
-2.0192 3.7976 5.7695
-1.9717 3.7875 5.7695
-1.8886 3.7066 5.7695
-1.8102 3.6307 5.7695
-1.7719 3.6329 5.7695
-1.7337 3.6347 5.7695
-1.6905 3.6252 5.7695
-1.6426 3.6044 5.7695
-1.5765 3.5409 5.7695
-1.5256 3.5087 5.7695
-1.4887 3.5071 5.7695
-1.4550 3.5126 5.7695
-1.4198 3.5140 5.7695
-1.3890 3.5263 5.7695
-1.3546 3.5289 5.7695
-1.3231 3.5387 5.7695
-1.2908 3.5464 5.7695
-1.2591 3.5556 5.7695
-1.2297 3.5712 5.7695
-1.1972 3.5780 5.7695
-1.1693 3.5988 5.7695
-1.1394 3.6136 5.7695
-1.1096 3.6292 5.7695
-1.0778 3.6387 5.7695
-1.0485 3.6566 5.7695
-1.0176 3.6695 5.7695
-0.9858 3.6792 5.7695
-0.9539 3.6886 5.7695
-0.9241 3.7065 5.7695
-0.8927 3.7183 5.7695
-0.8629 3.7377 5.7695
-0.8352 3.7675 5.7695
-0.8063 3.7933 5.7695
-0.7724 3.7962 5.7695
-0.7382 3.7979 5.7695
-0.7074 3.8170 5.7695
-0.6760 3.8339 5.7695
-0.5589 3.3396 5.7695
-0.5194 3.2791 5.7695
-0.4788 3.2034 5.7695
-0.4531 3.2243 5.7695
-0.4238 3.2192 5.7695
-0.3957 3.2228 5.7695
-0.3689 3.2381 5.7695
-0.3449 3.2819 5.7695
-0.5127 5.3244 5.7695
-0.4744 5.4223 5.7695
-0.4722 5.9994 5.7695
-2.9989 3.2620 5.7695
-3.0304 3.3509 5.7695
-2.9094 3.4390 5.7695
-2.9750 3.7776 5.7695
-2.9385 4.0729 5.7695
-2.6622 3.9846 5.7695
-2.2244 3.7895 5.7695
-1.6075 3.4704 5.7695
-1.5468 3.4982 5.7695
-1.4227 3.4833 5.7695
-1.3597 3.5073 5.7695
-1.2968 3.5304 5.7695
-1.2338 3.5527 5.7695
-1.1701 3.5736 5.7695
-0.5174 3.1658 5.7695
-0.4510 3.1752 5.7695
-0.5860 3.3353 5.7695
-0.5853 3.3957 5.7695
-0.9125 3.7131 5.7695
-0.5841 3.5191 5.7695
-0.5835 3.5821 5.7695
-0.5837 3.6466 5.7695
-0.5839 3.7121 5.7695
-0.5840 3.7785 5.7695
-0.5849 3.8465 5.7695
-2.9830 3.3129 6.2133
-2.9659 3.3523 6.2133
-2.9339 3.3751 6.2133
-2.9134 3.4112 6.2133
-2.9105 3.4686 6.2133
-2.9113 3.5317 6.2133
-2.9144 3.5990 6.2133
-2.9071 3.6548 6.2133
-2.9115 3.7265 6.2133
-2.9056 3.7867 6.2133
-2.9116 3.8638 6.2133
-2.9057 3.9268 6.2133
-2.9031 3.9957 6.2133
-2.9012 4.0673 6.2133
-2.8989 4.1400 6.2133
-2.8853 4.1981 6.2133
-2.8552 4.2331 6.2133
-2.7873 4.2111 6.2133
-2.7128 4.1774 6.2133
-2.6322 4.1318 6.2133
-2.5632 4.1020 6.2133
-2.4923 4.0671 6.2133
-2.4258 4.0373 6.2133
-2.3575 4.0023 6.2133
-2.2980 3.9803 6.2133
-2.2282 3.9384 6.2133
-2.1758 3.9253 6.2133
-2.1219 3.9081 6.2133
-2.0774 3.9070 6.2133
-2.0368 3.9126 6.2133
-1.9944 3.9142 6.2133
-1.8888 3.7883 6.2133
-1.8328 3.7579 6.2133
-1.7922 3.7575 6.2133
-1.7471 3.7467 6.2133
-1.6144 3.5425 6.2133
-1.5834 3.5564 6.2133
-1.5432 3.5490 6.2133
-1.5172 3.5743 6.2133
-1.4821 3.5782 6.2133
-1.4482 3.5845 6.2133
-1.4158 3.5942 6.2133
-1.3829 3.6027 6.2133
-1.3497 3.6099 6.2133
-1.3188 3.6235 6.2133
-1.2832 3.6235 6.2133
-1.2505 3.6317 6.2133
-1.2159 3.6340 6.2133
-1.1851 3.6473 6.2133
-1.1508 3.6499 6.2133
-1.1210 3.6665 6.2133
-1.0855 3.6646 6.2133
-1.0573 3.6874 6.2133
-1.0267 3.7023 6.2133
-0.9977 3.7236 6.2133
-0.9660 3.7351 6.2133
-0.9362 3.7550 6.2133
-0.9058 3.7728 6.2133
-0.8775 3.8010 6.2133
-0.8450 3.8115 6.2133
-0.8115 3.8177 6.2133
-0.7793 3.8305 6.2133
-0.7480 3.8480 6.2133
-0.7147 3.8563 6.2133
-0.6798 3.8555 6.2133
-0.5572 3.3297 6.2133
-0.5222 3.2969 6.2133
-0.4793 3.2074 6.2133
-0.4516 3.2134 6.2133
-0.4237 3.2182 6.2133
-0.3952 3.2188 6.2133
-0.3693 3.2410 6.2133
-0.3720 3.5395 6.2133
-0.4831 5.0168 6.2133
-0.5078 5.8038 6.2133
-0.4651 5.9097 6.2133
-3.0233 3.2736 6.2133
-2.9711 3.3220 6.2133
-2.9338 3.3773 6.2133
-2.9496 3.8414 6.2133
-2.9129 4.1382 6.2133
-2.6442 4.0518 6.2133
-1.6387 3.4903 6.2133
-1.5778 3.5184 6.2133
-1.5160 3.5451 6.2133
-1.4542 3.5710 6.2133
-1.3916 3.5955 6.2133
-1.2977 3.5975 6.2133
-0.5190 3.1670 6.2133
-0.4534 3.1769 6.2133
-0.5860 3.3353 6.2133
-0.5845 3.3951 6.2133
-0.5839 3.4563 6.2133
-0.5841 3.5191 6.2133
-0.5835 3.5821 6.2133
-0.5837 3.6466 6.2133
-0.5839 3.7121 6.2133
-0.5840 3.7785 6.2133
-0.5849 3.8465 6.2133
-2.9646 3.3508 6.6571
-2.9378 3.3796 6.6571
-2.9121 3.4097 6.6571
-2.9112 3.4694 6.6571
-2.9043 3.5232 6.6571
-2.9018 3.5834 6.6571
-2.8991 3.6446 6.6571
-2.9065 3.7202 6.6571
-2.9050 3.7859 6.6571
-2.9038 3.8534 6.6571
-2.8950 3.9124 6.6571
-2.9025 3.9949 6.6571
-2.8989 4.0641 6.6571
-2.8943 4.1334 6.6571
-2.8819 4.1932 6.6571
-2.8687 4.2530 6.6571
-2.7917 4.2178 6.6571
-2.7139 4.1791 6.6571
-2.6446 4.1512 6.6571
-2.5881 4.1419 6.6571
-2.5305 4.1293 6.6571
-2.4614 4.0964 6.6571
-2.3941 4.0643 6.6571
-2.3255 4.0279 6.6571
-2.2656 4.0045 6.6571
-2.2044 3.9769 6.6571
-2.1534 3.9661 6.6571
-2.1004 3.9503 6.6571
-2.0502 3.9383 6.6571
-2.0257 3.9757 6.6571
-1.9338 3.8786 6.6571
-1.8802 3.8549 6.6571
-1.8374 3.8522 6.6571
-1.7678 3.7911 6.6571
-1.6430 3.6053 6.6571
-1.6009 3.5957 6.6571
-1.5703 3.6114 6.6571
-1.5367 3.6203 6.6571
-1.5055 3.6345 6.6571
-1.4726 3.6448 6.6571
-1.4411 3.6584 6.6571
-1.4052 3.6606 6.6571
-1.3735 3.6736 6.6571
-1.3414 3.6855 6.6571
-1.3105 3.7008 6.6571
-1.2753 3.7036 6.6571
-1.2432 3.7155 6.6571
-1.2110 3.7272 6.6571
-1.1779 3.7357 6.6571
-1.1411 3.7325 6.6571
-1.1068 3.7365 6.6571
-1.0766 3.7547 6.6571
-1.0452 3.7688 6.6571
-1.0133 3.7816 6.6571
-0.9797 3.7884 6.6571
-0.9498 3.8094 6.6571
-0.9216 3.8389 6.6571
-0.8906 3.8575 6.6571
-0.8573 3.8671 6.6571
-0.8258 3.8852 6.6571
-0.7931 3.8981 6.6571
-0.7600 3.9098 6.6571
-0.7264 3.9193 6.6571
-0.6955 3.9442 6.6571
-0.5572 3.3297 6.6571
-0.5223 3.2979 6.6571
-0.4829 3.2311 6.6571
-0.4495 3.1986 6.6571
-0.4221 3.2063 6.6571
-0.3935 3.2049 6.6571
-0.3678 3.2281 6.6571
-0.5298 5.0402 6.6571
-0.4861 5.0486 6.6571
-0.4771 5.4532 6.6571
-0.4620 5.8708 6.6571
-3.0242 3.2740 6.6571
-2.9729 3.3229 6.6571
-2.9284 3.3746 6.6571
-2.9297 3.9085 6.6571
-2.9240 4.1450 6.6571
-2.7112 4.0936 6.6571
-2.4913 4.0335 6.6571
-1.6399 3.5587 6.6571
-1.5786 3.5865 6.6571
-1.5172 3.6135 6.6571
-1.4550 3.6392 6.6571
-1.3927 3.6640 6.6571
-1.2987 3.6654 6.6571
-1.2358 3.6878 6.6571
-0.4542 3.1775 6.6571
-0.6164 3.3581 6.6571
-0.6155 3.4188 6.6571
-2.9653 5.3169 6.6571
-0.5841 3.5191 6.6571
-0.5843 3.5827 6.6571
-0.5837 3.6466 6.6571
-0.5839 3.7121 6.6571
-0.5840 3.7785 6.6571
-0.5849 3.8465 6.6571
-0.5856 3.9154 6.6571
-0.5862 3.9853 6.6571
-2.9659 3.3523 7.1009
-2.9372 3.3788 7.1009
-2.9115 3.4089 7.1009
-2.9022 3.4587 7.1009
-2.8954 3.5124 7.1009
-2.9031 3.5850 7.1009
-2.8953 3.6399 7.1009
-2.8930 3.7029 7.1009
-2.8959 3.7740 7.1009
-2.8941 3.8406 7.1009
-2.8926 3.9092 7.1009
-2.8860 3.9723 7.1009
-2.8849 4.0445 7.1009
-2.8885 4.1252 7.1009
-2.8836 4.1956 7.1009
-2.8687 4.2530 7.1009
-2.8546 4.3129 7.1009
-2.7913 4.2982 7.1009
-2.7214 4.2718 7.1009
-2.6565 4.2513 7.1009
-2.5848 4.2180 7.1009
-2.5232 4.1993 7.1009
-2.4550 4.1677 7.1009
-2.3960 4.1500 7.1009
-2.3297 4.1177 7.1009
-2.2607 4.0784 7.1009
-2.2102 4.0707 7.1009
-2.1544 4.0518 7.1009
-2.1130 4.0590 7.1009
-2.0189 3.9623 7.1009
-1.9700 3.9511 7.1009
-1.9144 3.9250 7.1009
-1.8516 3.8820 7.1009
-1.8016 3.8636 7.1009
-1.7459 3.8309 7.1009
-1.6607 3.7300 7.1009
-1.6070 3.6958 7.1009
-1.5703 3.6995 7.1009
-1.5380 3.7131 7.1009
-1.5037 3.7217 7.1009
-1.4708 3.7338 7.1009
-1.4342 3.7362 7.1009
-1.4047 3.7570 7.1009
-1.3701 3.7644 7.1009
-1.3326 3.7630 7.1009
-1.2984 3.7707 7.1009
-1.2648 3.7800 7.1009
-1.2314 3.7900 7.1009
-1.1980 3.7996 7.1009
-1.1648 3.8099 7.1009
-1.1344 3.8295 7.1009
-1.1006 3.8383 7.1009
-1.0687 3.8536 7.1009
-1.0324 3.8531 7.1009
-0.9998 3.8658 7.1009
-0.9670 3.8783 7.1009
-0.9349 3.8943 7.1009
-0.9030 3.9111 7.1009
-0.8703 3.9257 7.1009
-0.8381 3.9429 7.1009
-0.8050 3.9569 7.1009
-0.7733 3.9785 7.1009
-0.7402 3.9940 7.1009
-0.7054 4.0003 7.1009
-0.5572 3.3297 7.1009
-0.5239 3.3078 7.1009
-0.4907 3.2835 7.1009
-0.4515 3.2124 7.1009
-0.4233 3.2153 7.1009
-0.3953 3.2198 7.1009
-0.3698 3.2460 7.1009
-0.4086 3.8876 7.1009
-0.4988 5.1800 7.1009
-0.4579 5.2340 7.1009
-3.0251 3.2745 7.1009
-2.9738 3.3233 7.1009
-2.9275 3.3741 7.1009
-3.0680 3.5198 7.1009
-2.5054 4.1207 7.1009
-2.0531 3.9005 7.1009
-1.6433 3.6985 7.1009
-1.5514 3.7054 7.1009
-1.4894 3.7317 7.1009
-1.4265 3.7566 7.1009
-1.3329 3.7583 7.1009
-0.4518 3.1758 7.1009
-0.5868 3.3359 7.1009
-0.6155 3.4188 7.1009
-0.6154 3.4809 7.1009
-0.6154 3.5440 7.1009
-0.6162 3.6085 7.1009
-0.6161 3.6734 7.1009
-0.6168 3.7397 7.1009
-0.5841 3.8458 7.1009
-0.5848 3.9148 7.1009
-0.5854 3.9847 7.1009
-2.9738 3.3613 7.5447
-2.9398 3.3819 7.5447
-2.9076 3.4043 7.5447
-2.8623 3.4112 7.5447
-2.8299 3.4330 7.5447
-2.8307 3.4956 7.5447
-2.8181 3.5429 7.5447
-2.7988 3.5823 7.5447
-2.7839 3.6280 7.5447
-2.7623 3.6657 7.5447
-2.7457 3.7106 7.5447
-2.7320 3.7603 7.5447
-2.7043 3.7913 7.5447
-2.6476 3.7812 7.5447
-2.5771 3.7498 7.5447
-2.5354 3.7589 7.5447
-2.4876 3.7583 7.5447
-2.4318 3.7447 7.5447
-2.3818 3.7388 7.5447
-2.3285 3.7263 7.5447
-2.2901 3.7371 7.5447
-2.2456 3.7372 7.5447
-2.1931 3.7231 7.5447
-2.1550 3.7326 7.5447
-2.1086 3.7269 7.5447
-2.0711 3.7364 7.5447
-2.0236 3.7271 7.5447
-1.9779 3.7199 7.5447
-1.9343 3.7157 7.5447
-1.8927 3.7146 7.5447
-1.8490 3.7086 7.5447
-1.8096 3.7102 7.5447
-1.7698 3.7105 7.5447
-1.7260 3.7014 7.5447
-1.6853 3.6981 7.5447
-1.6448 3.6944 7.5447
-1.6058 3.6930 7.5447
-1.5700 3.6986 7.5447
-1.5300 3.6937 7.5447
-1.4868 3.6800 7.5447
-1.4532 3.6891 7.5447
-1.4141 3.6839 7.5447
-1.3770 3.6830 7.5447
-1.3325 3.6610 7.5447
-1.2955 3.6584 7.5447
-1.2593 3.6573 7.5447
-1.2194 3.6444 7.5447
-1.1842 3.6444 7.5447
-1.1433 3.6260 7.5447
-1.1131 3.6407 7.5447
-1.0747 3.6282 7.5447
-1.0408 3.6297 7.5447
-1.0072 3.6319 7.5447
-0.9726 3.6299 7.5447
-0.9384 3.6286 7.5447
-0.9041 3.6260 7.5447
-0.8705 3.6260 7.5447
-0.8366 3.6237 7.5447
-0.8002 3.6094 7.5447
-0.7185 3.3805 7.5447
-0.6834 3.3592 7.5447
-0.6529 3.3591 7.5447
-0.6212 3.3519 7.5447
-0.5902 3.3474 7.5447
-0.5582 3.3356 7.5447
-0.5247 3.3127 7.5447
-0.4925 3.2954 7.5447
-0.4548 3.2362 7.5447
-0.4260 3.2361 7.5447
-0.3981 3.2426 7.5447
-0.3695 3.2430 7.5447
-0.3444 3.2769 7.5447
-0.4995 5.1870 7.5447
-0.4608 5.2669 7.5447
-3.0251 3.2745 7.5447
-2.9243 3.2992 7.5447
-2.7673 3.2943 7.5447
-2.6047 3.2837 7.5447
-2.4702 3.2849 7.5447
-2.3044 3.2671 7.5447
-2.1922 3.2752 7.5447
-2.0497 3.2647 7.5447
-1.9635 3.2835 7.5447
-1.8169 3.2660 7.5447
-1.6977 3.2619 7.5447
-1.6073 3.2731 7.5447
-1.4847 3.2630 7.5447
-1.3933 3.2701 7.5447
-1.2667 3.2533 7.5447
-1.1727 3.2553 7.5447
-1.0758 3.2537 7.5447
-0.9792 3.2506 7.5447
-0.8806 3.2444 7.5447
-0.8161 3.2602 7.5447
-0.7524 3.2757 7.5447
-0.6509 3.2628 7.5447
-0.4839 3.1996 7.5447
-0.5190 3.2847 7.5447
-2.9249 5.1909 7.5447
-2.7635 5.1592 7.5447
-2.6564 5.1675 7.5447
-2.9665 5.6108 7.5447
-2.7185 3.4176 7.9885
-2.7383 3.9106 7.9885
-2.6924 4.3937 7.9885
-2.6540 4.4170 7.9885
-2.5925 4.4012 7.9885
-2.5390 4.3977 7.9885
-2.4867 4.3953 7.9885
-2.4551 4.4291 7.9885
-2.3934 4.4081 7.9885
-1.8596 3.4974 7.9885
-1.8059 3.4691 7.9885
-1.7656 3.4651 7.9885
-1.7246 3.4589 7.9885
-1.6921 3.4693 7.9885
-1.6527 3.4650 7.9885
-1.6241 3.4829 7.9885
-1.6115 3.5361 7.9885
-1.7429 3.9145 7.9885
-1.8570 4.2707 7.9885
-1.8650 4.3936 7.9885
-1.8208 4.3958 7.9885
-1.7756 4.3949 7.9885
-1.7303 4.3925 7.9885
-1.6886 4.3990 7.9885
-1.6418 4.3911 7.9885
-1.6024 4.4025 7.9885
-1.5585 4.4012 7.9885
-1.5103 4.3863 7.9885
-1.4713 4.3974 7.9885
-1.4295 4.3996 7.9885
-1.3826 4.3852 7.9885
-1.3420 4.3894 7.9885
-1.2994 4.3866 7.9885
-1.2577 4.3862 7.9885
-1.2258 4.4202 7.9885
-1.1709 4.3698 7.9885
-1.1345 4.3867 7.9885
-1.0961 4.3964 7.9885
-1.0575 4.4048 7.9885
-1.0157 4.3993 7.9885
-0.7469 3.3692 7.9885
-0.9312 4.3811 7.9885
-0.8914 4.3812 7.9885
-0.8506 4.3761 7.9885
-0.7610 4.1061 7.9885
-0.7720 4.3785 7.9885
-0.7406 4.4255 7.9885
-0.5996 5.7046 7.9885
-0.5008 5.2009 7.9885
-0.4588 5.2440 7.9885
-0.4657 5.9167 7.9885
-2.7540 3.4326 7.9885
-2.6033 3.7954 7.9885
-2.7194 4.0196 7.9885
-1.7019 3.5990 7.9885
-2.7160 4.3393 7.9885
-1.6731 3.7186 7.9885
-2.5140 4.3670 7.9885
-2.3856 4.3592 7.9885
-2.2602 4.3512 7.9885
-1.4955 3.8764 7.9885
-2.0386 4.3499 7.9885
-1.9685 4.3770 7.9885
-1.8460 4.3630 7.9885
-1.7171 4.3416 7.9885
-1.6195 4.3427 7.9885
-1.5231 4.3429 7.9885
-1.4233 4.3387 7.9885
-1.3553 4.3594 7.9885
-1.1607 4.3470 7.9885
-1.0949 4.3660 7.9885
-0.9637 4.3253 7.9885
-0.8963 4.3400 7.9885
-0.7968 4.3239 7.9885
-2.2548 3.9854 8.4323
-2.2107 3.9883 8.4323
-2.2913 4.2201 8.4323
-2.8145 5.2933 8.4323
-2.7326 5.2493 8.4323
-2.6463 5.1937 8.4323
-2.5830 5.1808 8.4323
-2.2252 4.5623 8.4323
-2.0820 4.3649 8.4323
-2.0535 4.4037 8.4323
-2.0088 4.4079 8.4323
-1.9531 4.3868 8.4323
-1.9120 4.3973 8.4323
-1.8716 4.4092 8.4323
-1.8235 4.4023 8.4323
-1.4797 3.6624 8.4323
-1.3322 3.3821 8.4323
-1.3052 3.4001 8.4323
-1.5661 4.1888 8.4323
-1.5969 4.3874 8.4323
-1.5549 4.3908 8.4323
-1.5106 4.3872 8.4323
-1.3755 4.1110 8.4323
-1.3294 4.0914 8.4323
-1.3658 4.3318 8.4323
-1.3423 4.3904 8.4323
-1.7186 5.8018 8.4323
-1.5612 5.4446 8.4323
-1.5115 5.4503 8.4323
-1.2887 5.1688 8.4323
-1.2464 5.1915 8.4323
-1.2568 5.4438 8.4323
-1.1580 5.2232 8.4323
-1.1030 5.1891 8.4323
-1.0543 5.1818 8.4323
-1.0069 5.1800 8.4323
-0.9613 5.1867 8.4323
-0.9132 5.1791 8.4323
-0.8665 5.1780 8.4323
-0.8210 5.1834 8.4323
-0.7747 5.1834 8.4323
-0.7275 5.1761 8.4323
-0.6820 5.1803 8.4323
-0.6369 5.1870 8.4323
-0.5923 5.1984 8.4323
-0.5470 5.2043 8.4323
-0.5008 5.2009 8.4323
-0.4584 5.2400 8.4323
-0.4620 5.8708 8.4323
-2.9329 5.1970 8.4323
-2.7612 5.1574 8.4323
-2.6564 5.1675 8.4323
-2.5240 5.1535 8.4323
-1.9472 4.7706 8.4323
-1.5729 4.5419 8.4323
-1.6463 4.6858 8.4323
-2.0762 5.1428 8.4323
-1.5135 4.7364 8.4323
-1.4125 4.7294 8.4323
-1.6800 5.0581 8.4323
-1.4718 4.9534 8.4323
-1.4932 5.1502 8.4323
-1.1743 5.1026 8.4323
-1.0446 5.1473 8.4323
-0.9701 5.1582 8.4323
-0.8702 5.1403 8.4323
-0.7977 5.1507 8.4323
-0.7268 5.1618 8.4323
-0.6258 5.1373 8.4323
-0.4898 5.2524 8.4323
-3.0164 2.7160 8.8761
-3.0118 2.7598 8.8761
-3.0139 2.8105 8.8761
-3.0154 2.8615 8.8761
-3.0169 2.9134 8.8761
-3.0213 2.9691 8.8761
-3.0144 3.0144 8.8761
-3.0153 3.0684 8.8761
-3.0211 3.1284 8.8761
-3.0239 3.1866 8.8761
-3.0165 3.2348 8.8761
-3.0212 3.2971 8.8761
-3.0231 3.3575 8.8761
-3.0182 3.4115 8.8761
-3.0107 3.4634 8.8761
-3.0115 3.5260 8.8761
-3.0121 3.5897 8.8761
-3.0093 3.6506 8.8761
-3.0056 3.7116 8.8761
-3.0061 3.7792 8.8761
-2.9964 3.8352 8.8761
-2.9768 3.8795 8.8761
-2.9994 3.9804 8.8761
-2.9926 4.0442 8.8761
-2.9989 4.1276 8.8761
-3.0005 4.2065 8.8761
-2.9912 4.2719 8.8761
-2.9929 4.3547 8.8761
-2.9939 4.4387 8.8761
-2.9948 4.5247 8.8761
-2.9726 4.5775 8.8761
-2.9519 4.6336 8.8761
-2.9718 4.7559 8.8761
-2.9850 4.8711 8.8761
-2.9774 4.9553 8.8761
-2.9195 5.2670 8.8761
-2.8687 5.2834 8.8761
-2.7788 5.2262 8.8761
-2.6943 5.1757 8.8761
-2.6386 5.1785 8.8761
-2.5942 5.2031 8.8761
-2.5526 5.2337 8.8761
-2.4995 5.2404 8.8761
-2.4402 5.2330 8.8761
-2.3857 5.2350 8.8761
-2.3322 5.2383 8.8761
-2.2769 5.2364 8.8761
-2.2041 5.1926 8.8761
-2.1323 5.1479 8.8761
-2.0922 5.1783 8.8761
-2.0462 5.1945 8.8761
-1.9879 5.1786 8.8761
-1.9507 5.2173 8.8761
-1.8992 5.2181 8.8761
-1.8486 5.2203 8.8761
-1.7949 5.2126 8.8761
-1.7471 5.2215 8.8761
-1.6937 5.2127 8.8761
-1.6452 5.2178 8.8761
-1.5925 5.2090 8.8761
-1.5456 5.2179 8.8761
-1.4948 5.2129 8.8761
-1.4289 5.1525 8.8761
-1.3844 5.1667 8.8761
-1.3370 5.1699 8.8761
-1.2841 5.1503 8.8761
-0.5715 2.3804 8.8761
-0.5498 2.3814 8.8761
-0.5314 2.3968 8.8761
-0.5198 2.4454 8.8761
-0.5136 2.5243 8.8761
-0.5079 2.6131 8.8761
-0.5041 2.7197 8.8761
-0.5003 2.8372 8.8761
-0.4994 2.9845 8.8761
-0.5162 3.2594 8.8761
-0.5111 3.4200 8.8761
-0.5092 3.6234 8.8761
-0.4875 3.7030 8.8761
-0.4824 3.9285 8.8761
-0.4751 4.1700 8.8761
-0.4764 4.5330 8.8761
-0.4610 4.7879 8.8761
-0.4600 5.2579 8.8761
-0.4551 5.7831 8.8761
-2.9772 2.1494 8.8761
-2.9962 2.2212 8.8761
-3.0154 2.2938 8.8761
-3.0160 2.3607 8.8761
-3.0158 2.4278 8.8761
-3.0179 2.4961 8.8761
-3.0211 2.5653 8.8761
-3.0256 2.6354 8.8761
-3.0302 2.7062 8.8761
-3.0388 2.7792 8.8761
-3.0224 2.9129 8.8761
-3.0125 3.0509 8.8761
-3.0275 3.1297 8.8761
-0.7278 2.1300 8.8761
-0.6540 2.1435 8.8761
-3.0394 3.3553 8.8761
-0.6409 2.2831 8.8761
-0.6367 2.3304 8.8761
-0.7999 2.4671 8.8761
-0.5866 2.4034 8.8761
-0.8506 2.6000 8.8761
-0.8791 2.6699 8.8761
-0.8755 2.7225 8.8761
-0.9007 2.7925 8.8761
-0.8993 2.8476 8.8761
-0.8981 2.9035 8.8761
-0.8972 2.9601 8.8761
-0.9209 3.0331 8.8761
-0.9203 3.0914 8.8761
-0.9190 3.1499 8.8761
-0.9154 3.2075 8.8761
-0.9144 3.2676 8.8761
-0.9119 3.3273 8.8761
-0.9128 3.3901 8.8761
-0.9122 3.4527 8.8761
-0.9116 3.5160 8.8761
-0.9119 3.5808 8.8761
-0.9122 3.6465 8.8761
-0.9125 3.7131 8.8761
-0.9136 3.7812 8.8761
-0.9146 3.8502 8.8761
-0.9163 3.9208 8.8761
-0.9171 3.9917 8.8761
-0.9179 4.0636 8.8761
-0.9192 4.1371 8.8761
-0.9226 4.2136 8.8761
-0.9619 4.4001 8.8761
-1.0016 4.5148 8.8761
-1.0055 4.5982 8.8761
-1.1227 4.7924 8.8761
-0.9773 4.7339 8.8761
-1.1267 4.9667 8.8761
-1.2143 5.1432 8.8761
-1.1094 5.1253 8.8761
-1.3770 5.4976 8.8761
-0.8256 5.0916 8.8761
-2.8273 2.2895 9.3199
-2.7778 2.2899 9.3199
-2.7172 2.2800 9.3199
-2.6667 2.2776 9.3199
-2.6128 2.2713 9.3199
-2.5697 2.2734 9.3199
-2.5193 2.2684 9.3199
-2.4647 2.2585 9.3199
-2.4281 2.2642 9.3199
-2.3807 2.2592 9.3199
-2.3357 2.2556 9.3199
-2.2902 2.2506 9.3199
-2.2550 2.2550 9.3199
-2.2100 2.2489 9.3199
-2.1743 2.2515 9.3199
-2.1291 2.2436 9.3199
-2.0931 2.2445 9.3199
-2.0578 2.2457 9.3199
-2.0208 2.2443 9.3199
-1.9779 2.2356 9.3199
-1.9419 2.2339 9.3199
-1.9146 2.2417 9.3199
-1.8776 2.2376 9.3199
-1.8427 2.2354 9.3199
-1.8024 2.2257 9.3199
-1.7748 2.2312 9.3199
-1.7479 2.2372 9.3199
-1.7131 2.2325 9.3199
-1.6785 2.2274 9.3199
-1.6518 2.2323 9.3199
-1.6252 2.2369 9.3199
-1.5911 2.2307 9.3199
-1.5641 2.2338 9.3199
-1.5378 2.2375 9.3199
-1.5076 2.2351 9.3199
-1.4775 2.2323 9.3199
-1.4509 2.2342 9.3199
-1.4249 2.2367 9.3199
-1.3979 2.2372 9.3199
-1.3721 2.2390 9.3199
-1.3458 2.2398 9.3199
-1.3196 2.2402 9.3199
-1.2965 2.2456 9.3199
-1.2744 2.2525 9.3199
-1.2426 2.2417 9.3199
-1.2230 2.2524 9.3199
-1.1976 2.2524 9.3199
-1.1724 2.2521 9.3199
-1.1468 2.2507 9.3199
-1.1271 2.2606 9.3199
-1.1007 2.2569 9.3199
-1.0746 2.2529 9.3199
-1.0498 2.2513 9.3199
-1.0280 2.2558 9.3199
-1.0034 2.2537 9.3199
-0.9793 2.2523 9.3199
-0.9592 2.2598 9.3199
-0.9372 2.2626 9.3199
-0.9178 2.2716 9.3199
-0.8906 2.2609 9.3199
-0.8712 2.2695 9.3199
-0.8493 2.2714 9.3199
-0.8270 2.2722 9.3199
-0.8071 2.2793 9.3199
-0.7833 2.2749 9.3199
-0.7631 2.2807 9.3199
-0.7432 2.2873 9.3199
-0.7265 2.3042 9.3199
-0.7113 2.3267 9.3199
-0.7066 2.3855 9.3199
-0.6894 2.4041 9.3199
-0.6660 2.4014 9.3199
-0.6432 2.4003 9.3199
-0.6234 2.4107 9.3199
-0.6007 2.4092 9.3199
-0.5792 2.4124 9.3199
-0.5572 2.4135 9.3199
-0.5426 2.4476 9.3199
-0.5397 2.5393 9.3199
-0.5299 2.6046 9.3199
-0.5263 2.7073 9.3199
-0.5299 2.8593 9.3199
-0.5416 3.0716 9.3199
-0.5364 3.2054 9.3199
-0.5245 3.3117 9.3199
-0.5145 3.4428 9.3199
-0.5226 3.7185 9.3199
-0.5011 3.8062 9.3199
-0.4885 3.9781 9.3199
-0.4885 4.2873 9.3199
-0.4832 4.5977 9.3199
-0.4629 4.8078 9.3199
-0.4600 5.2579 9.3199
-0.4486 5.6994 9.3199
-2.7162 2.2575 9.3199
-2.4663 2.2332 9.3199
-2.2492 2.2163 9.3199
-2.0966 2.2196 9.3199
-1.9361 2.2172 9.3199
-1.7648 2.2078 9.3199
-1.6165 2.2046 9.3199
-1.5268 2.2230 9.3199
-1.3968 2.2229 9.3199
-1.2992 2.2346 9.3199
-1.2019 2.2448 9.3199
-1.0629 2.2344 9.3199
-0.9961 2.2551 9.3199
-0.8850 2.2537 9.3199
-0.7895 2.3082 9.3199
-3.0020 3.4862 9.3199
-2.9984 3.6361 9.3199
-0.5936 2.4073 9.3199
-2.9969 3.7898 9.3199
-2.9781 4.0162 9.3199
-2.9956 4.1889 9.3199
-2.9926 4.4372 9.3199
-2.9673 4.6785 9.3199
-2.9478 5.0227 9.3199
-2.9875 5.1449 9.3199
-2.9600 5.5066 9.3199
-2.7511 2.4771 9.7637
-2.6947 2.4693 9.7637
-2.6585 2.4791 9.7637
-2.6055 2.4726 9.7637
-2.5695 2.4813 9.7637
-2.5242 2.4805 9.7637
-2.4834 2.4834 9.7637
-2.4272 2.4700 9.7637
-2.3778 2.4623 9.7637
-2.3308 2.4561 9.7637
-2.2929 2.4588 9.7637
-2.2450 2.4500 9.7637
-2.2128 2.4576 9.7637
-2.1628 2.4446 9.7637
-2.1296 2.4498 9.7637
-2.0841 2.4401 9.7637
-2.0454 2.4376 9.7637
-2.0081 2.4360 9.7637
-1.9786 2.4433 9.7637
-1.9466 2.4472 9.7637
-1.9098 2.4444 9.7637
-1.8665 2.4324 9.7637
-1.8379 2.4390 9.7637
-1.8023 2.4357 9.7637
-1.7728 2.4400 9.7637
-1.7363 2.4342 9.7637
-1.7058 2.4362 9.7637
-1.6771 2.4402 9.7637
-1.6468 2.4415 9.7637
-1.6155 2.4408 9.7637
-1.5827 2.4372 9.7637
-1.5549 2.4408 9.7637
-1.5267 2.4432 9.7637
-1.4954 2.4403 9.7637
-1.4627 2.4344 9.7637
-1.4318 2.4307 9.7637
-1.4040 2.4318 9.7637
-1.3773 2.4344 9.7637
-1.3507 2.4367 9.7637
-1.3260 2.4422 9.7637
-1.2976 2.4405 9.7637
-1.2717 2.4428 9.7637
-1.2448 2.4431 9.7637
-1.2190 2.4450 9.7637
-1.1932 2.4465 9.7637
-1.1671 2.4469 9.7637
-1.1432 2.4516 9.7637
-1.1159 2.4487 9.7637
-1.0937 2.4565 9.7637
-1.0627 2.4440 9.7637
-1.0417 2.4541 9.7637
-1.0156 2.4520 9.7637
-0.9852 2.4385 9.7637
-0.9643 2.4479 9.7637
-0.9375 2.4422 9.7637
-0.9161 2.4503 9.7637
-0.8913 2.4488 9.7637
-0.8629 2.4367 9.7637
-0.8413 2.4432 9.7637
-0.8205 2.4524 9.7637
-0.7985 2.4575 9.7637
-0.7764 2.4625 9.7637
-0.7526 2.4615 9.7637
-0.7373 2.4891 9.7637
-0.7158 2.4964 9.7637
-0.6964 2.5112 9.7637
-0.6768 2.5259 9.7637
-0.6628 2.5627 9.7637
-0.6418 2.5742 9.7637
-0.6263 2.6089 9.7637
-0.6110 2.6464 9.7637
-0.6052 2.7297 9.7637
-0.5641 2.6537 9.7637
-0.5405 2.6566 9.7637
-0.5486 2.8222 9.7637
-0.5401 2.9144 9.7637
-0.5513 3.1268 9.7637
-0.5428 3.2439 9.7637
-0.5334 3.3680 9.7637
-0.5277 3.5308 9.7637
-0.5230 3.7214 9.7637
-0.5038 3.8270 9.7637
-0.4947 4.0287 9.7637
-0.4939 4.3350 9.7637
-0.4851 4.6156 9.7637
-0.4649 4.8277 9.7637
-0.4553 5.2041 9.7637
-0.4558 5.7921 9.7637
-2.5912 2.4045 9.7637
-2.4010 2.3957 9.7637
-2.2505 2.3991 9.7637
-2.0430 2.3769 9.7637
-1.9065 2.3803 9.7637
-1.7650 2.3792 9.7637
-1.6202 2.3742 9.7637
-1.4942 2.3749 9.7637
-1.4041 2.3899 9.7637
-1.3069 2.4000 9.7637
-1.2127 2.4100 9.7637
-1.1043 2.4115 9.7637
-1.0079 2.4171 9.7637
-0.8690 2.3993 9.7637
-2.9873 3.5541 9.7637
-0.7672 2.4497 9.7637
-2.9858 3.7061 9.7637
-2.9792 3.8581 9.7637
-3.0068 3.9530 9.7637
-2.9854 4.1826 9.7637
-2.9767 4.4268 9.7637
-2.9648 4.6768 9.7637
-2.9978 4.8773 9.7637
-2.9931 5.1491 9.7637
-2.9680 5.6121 9.7637
-2.9501 5.9026 9.7637
-2.7323 2.5479 10.2075
-2.6716 2.5352 10.2075
-2.6321 2.5418 10.2075
-2.5898 2.5450 10.2075
-2.5392 2.5392 10.2075
-2.5043 2.5484 10.2075
-2.4591 2.5465 10.2075
-2.4189 2.5490 10.2075
-2.3515 2.5217 10.2075
-2.3125 2.5237 10.2075
-2.2677 2.5185 10.2075
-2.2284 2.5187 10.2075
-2.1880 2.5170 10.2075
-2.1191 2.4812 10.2075
-2.0685 2.4651 10.2075
-2.0361 2.4700 10.2075
-1.9981 2.4674 10.2075
-1.9603 2.4644 10.2075
-1.9289 2.4688 10.2075
-1.8896 2.4626 10.2075
-1.8524 2.4582 10.2075
-1.8213 2.4614 10.2075
-1.7886 2.4618 10.2075
-1.7572 2.4635 10.2075
-1.7173 2.4525 10.2075
-1.6913 2.4608 10.2075
-1.6625 2.4647 10.2075
-1.6282 2.4600 10.2075
-1.5985 2.4615 10.2075
-1.5695 2.4635 10.2075
-1.5331 2.4534 10.2075
-1.5085 2.4616 10.2075
-1.4797 2.4626 10.2075
-1.4434 2.4505 10.2075
-1.4220 2.4630 10.2075
-1.4005 2.4753 10.2075
-1.3861 2.5005 10.2075
-1.3609 2.5064 10.2075
-1.3333 2.5076 10.2075
-1.3054 2.5076 10.2075
-1.2721 2.4966 10.2075
-1.2440 2.4951 10.2075
-1.2226 2.5067 10.2075
-1.1951 2.5056 10.2075
-1.1690 2.5068 10.2075
-1.1475 2.5179 10.2075
-1.1193 2.5141 10.2075
-1.0946 2.5173 10.2075
-1.0702 2.5213 10.2075
-1.0436 2.5194 10.2075
-1.0126 2.5062 10.2075
-0.9910 2.5158 10.2075
-0.9658 2.5160 10.2075
-0.9410 2.5168 10.2075
-0.9122 2.5062 10.2075
-0.8906 2.5150 10.2075
-0.8650 2.5122 10.2075
-0.8434 2.5206 10.2075
-0.8177 2.5165 10.2075
-0.7990 2.5340 10.2075
-0.7768 2.5409 10.2075
-0.7566 2.5543 10.2075
-0.7371 2.5704 10.2075
-0.7170 2.5854 10.2075
-0.7006 2.6148 10.2075
-0.6798 2.6285 10.2075
-0.6619 2.6547 10.2075
-0.6452 2.6876 10.2075
-0.6249 2.7068 10.2075
-0.6037 2.7229 10.2075
-0.5863 2.7584 10.2075
-0.5750 2.8261 10.2075
-0.5657 2.9105 10.2075
-0.5580 3.0107 10.2075
-0.5409 3.0677 10.2075
-0.5225 3.1226 10.2075
-0.4948 3.1241 10.2075
-0.4669 3.1243 10.2075
-0.4419 3.1441 10.2075
-0.4161 3.1607 10.2075
-0.3913 3.1871 10.2075
-0.3770 3.3086 10.2075
-0.4900 4.6623 10.2075
-0.4718 4.9003 10.2075
-0.4607 5.2659 10.2075
-0.4484 5.6974 10.2075
-2.6344 2.4853 10.2075
-2.3473 2.4372 10.2075
-2.1440 2.4177 10.2075
-2.0091 2.4228 10.2075
-1.8727 2.4249 10.2075
-1.7302 2.4220 10.2075
-1.6120 2.4274 10.2075
-1.4915 2.4297 10.2075
-1.3237 2.4630 10.2075
-1.2660 2.4904 10.2075
-1.1609 2.4934 10.2075
-1.0294 2.4811 10.2075
-0.9286 2.4824 10.2075
-0.8661 2.5023 10.2075
-2.9531 3.8434 10.2075
-2.9618 3.9270 10.2075
-2.9789 4.0167 10.2075
-2.8639 4.0281 10.2075
-2.9939 4.1878 10.2075
-2.9910 4.4361 10.2075
-2.9747 4.6836 10.2075
-2.9994 4.8785 10.2075
-2.9860 5.2378 10.2075
-3.0181 5.3581 10.2075
-2.9710 5.8171 10.2075
-2.6714 2.6714 10.6513
-2.6074 2.6533 10.6513
-2.5695 2.6608 10.6513
-2.5214 2.6570 10.6513
-2.4818 2.6614 10.6513
-2.4335 2.6557 10.6513
-2.3908 2.6553 10.6513
-2.3483 2.6543 10.6513
-2.3054 2.6520 10.6513
-2.2614 2.6477 10.6513
-2.2240 2.6505 10.6513
-2.1837 2.6490 10.6513
-2.1454 2.6493 10.6513
-2.1066 2.6483 10.6513
-2.0686 2.6477 10.6513
-2.0247 2.6387 10.6513
-1.9860 2.6355 10.6513
-1.9486 2.6334 10.6513
-1.9179 2.6398 10.6513
-1.8739 2.6272 10.6513
-1.8429 2.6319 10.6513
-1.8114 2.6356 10.6513
-1.7816 2.6413 10.6513
-1.7447 2.6359 10.6513
-1.7091 2.6317 10.6513
-1.6742 2.6280 10.6513
-1.6449 2.6323 10.6513
-1.6156 2.6364 10.6513
-1.5853 2.6384 10.6513
-1.5521 2.6349 10.6513
-1.5250 2.6414 10.6513
-1.4906 2.6346 10.6513
-1.4612 2.6361 10.6513
-1.4320 2.6373 10.6513
-1.4037 2.6400 10.6513
-1.3691 2.6300 10.6513
-1.3406 2.6311 10.6513
-1.3127 2.6329 10.6513
-1.2901 2.6452 10.6513
-1.2580 2.6374 10.6513
-1.2332 2.6446 10.6513
-1.2018 2.6371 10.6513
-1.1771 2.6438 10.6513
-1.1492 2.6430 10.6513
-1.1210 2.6409 10.6513
-1.0941 2.6414 10.6513
-1.0688 2.6453 10.6513
-1.0409 2.6424 10.6513
-1.0149 2.6439 10.6513
-0.9855 2.6358 10.6513
-0.9580 2.6321 10.6513
-0.9353 2.6413 10.6513
-0.9080 2.6371 10.6513
-0.8850 2.6449 10.6513
-0.8656 2.6639 10.6513
-0.8426 2.6723 10.6513
-0.8186 2.6777 10.6513
-0.7969 2.6904 10.6513
-0.7781 2.7136 10.6513
-0.7536 2.7174 10.6513
-0.7363 2.7481 10.6513
-0.7146 2.7631 10.6513
-0.6982 2.8003 10.6513
-0.6761 2.8160 10.6513
-0.6539 2.8325 10.6513
-0.6346 2.8625 10.6513
-0.6194 2.9139 10.6513
-0.6067 2.9819 10.6513
-0.5961 3.0666 10.6513
-0.5704 3.0776 10.6513
-0.5466 3.1002 10.6513
-0.5204 3.1098 10.6513
-0.4957 3.1300 10.6513
-0.5166 3.4566 10.6513
-0.5255 3.7393 10.6513
-0.4307 3.2718 10.6513
-0.4012 3.2675 10.6513
-0.3795 3.3305 10.6513
-0.3596 3.4212 10.6513
-0.3386 3.5167 10.6513
-0.3220 3.6809 10.6513
-2.5579 2.6501 10.6513
-2.3826 2.6413 10.6513
-2.2273 2.6381 10.6513
-2.0679 2.6304 10.6513
-1.9319 2.6304 10.6513
-1.7954 2.6278 10.6513
-1.7037 2.6442 10.6513
-1.5519 2.6298 10.6513
-1.4607 2.6428 10.6513
-1.3688 2.6540 10.6513
-1.2736 2.6620 10.6513
-1.1760 2.6671 10.6513
-1.0743 2.6683 10.6513
-1.0176 2.6926 10.6513
-0.9496 2.7098 10.6513
-0.8781 2.7240 10.6513
-2.9598 5.0316 10.6513
-2.9733 5.2280 10.6513
-2.9586 5.7047 10.6513
-2.8576 4.0810 11.0952
-2.6842 3.9055 11.0952
-2.5035 3.7116 11.0952
-2.4219 3.6591 11.0952
-2.3790 3.6633 11.0952
-2.3480 3.6856 11.0952
-2.3009 3.6822 11.0952
-2.1637 3.6010 11.0952
-2.1159 3.5921 11.0952
-2.0605 3.5689 11.0952
-1.9911 3.5921 11.0952
-1.9544 3.5996 11.0952
-1.8924 3.5592 11.0952
-1.4077 3.5737 11.0952
-1.3458 3.5996 11.0952
-1.3181 3.6216 11.0952
-1.2862 3.6320 11.0952
-1.2619 3.6648 11.0952
-1.2302 3.6767 11.0952
-1.1996 3.6920 11.0952
-1.1646 3.6937 11.0952
-1.1274 3.6875 11.0952
-1.1037 3.7260 11.0952
-1.0697 3.7307 11.0952
-1.0361 3.7360 11.0952
-0.8601 3.2098 11.0952
-0.8085 3.1261 11.0952
-0.7819 3.1360 11.0952
-0.7559 3.1485 11.0952
-0.7135 3.0907 11.0952
-0.6889 3.1076 11.0952
-0.6674 3.1399 11.0952
-0.6545 3.2171 11.0952
-0.6903 3.5515 11.0952
-0.7388 3.9861 11.0952
-0.7076 4.0131 11.0952
-0.6716 4.0132 11.0952
-0.6511 4.1108 11.0952
-0.6121 4.0955 11.0952
-0.5823 4.1433 11.0952
-0.5699 4.3286 11.0952
-0.5825 4.7444 11.0952
-0.5659 4.9669 11.0952
-0.5609 5.3366 11.0952
-0.5241 5.4428 11.0952
-2.3847 3.8896 11.0952
-2.2628 3.8879 11.0952
-1.9846 3.7825 11.0952
-1.9272 3.8172 11.0952
-1.8646 3.8478 11.0952
-1.8036 3.8787 11.0952
-1.7442 3.9101 11.0952
-1.6821 3.9389 11.0952
-1.4955 3.8764 11.0952
-1.4309 3.9003 11.0952
-1.3360 3.9004 11.0952
-1.2073 3.8729 11.0952
-2.8098 5.2895 11.0952
-2.7587 5.3436 11.0952
-2.8364 5.7022 11.0952
-0.9249 4.2156 11.0952
-0.9942 4.3527 11.0952
-0.5971 4.3604 11.0952
-0.5624 4.4799 11.0952
