-2.9633 4.4771 0.0000
-2.9590 4.5565 0.0000
-2.9551 4.6387 0.0000
-2.9495 4.7202 0.0000
-2.8769 4.6946 0.0000
-2.8389 4.7247 0.0000
-2.8422 4.8251 0.0000
-2.7855 4.8246 0.0000
-2.7275 4.8209 0.0000
-2.6757 4.8270 0.0000
-2.6177 4.8212 0.0000
-2.5633 4.8209 0.0000
-2.5101 4.8218 0.0000
-2.4570 4.8221 0.0000
-2.4028 4.8192 0.0000
-2.3545 4.8274 0.0000
-2.2976 4.8171 0.0000
-2.2648 4.8569 0.0000
-2.1966 4.8201 0.0000
-2.1463 4.8208 0.0000
-2.0819 4.7880 0.0000
-2.0048 4.7231 0.0000
-1.9624 4.7377 0.0000
-1.9011 4.7055 0.0000
-1.8490 4.6940 0.0000
-1.8080 4.7099 0.0000
-1.7622 4.7133 0.0000
-1.7118 4.7032 0.0000
-1.6630 4.6962 0.0000
-1.6181 4.6992 0.0000
-1.5735 4.7027 0.0000
-1.5275 4.7011 0.0000
-1.4795 4.6923 0.0000
-1.4455 4.7280 0.0000
-1.3914 4.6973 0.0000
-1.3468 4.6967 0.0000
-1.3276 4.7873 0.0000
-1.2830 4.7881 0.0000
-1.2406 4.7972 0.0000
-1.1970 4.8010 0.0000
-1.1523 4.7996 0.0000
-1.1050 4.7861 0.0000
-1.0612 4.7868 0.0000
-1.0192 4.7949 0.0000
-0.9729 4.7820 0.0000
-0.9300 4.7845 0.0000
-0.8871 4.7865 0.0000
-0.8410 4.7694 0.0000
-0.7972 4.7638 0.0000
-0.7537 4.7587 0.0000
-0.7116 4.7611 0.0000
-0.6690 4.7602 0.0000
-0.5939 4.5111 0.0000
-0.5807 4.7295 0.0000
-0.5408 4.7463 0.0000
-0.4984 4.7419 0.0000
-0.4284 4.4494 0.0000
-0.4427 5.0597 0.0000
-2.0929 2.7038 0.0000
-3.0129 4.5358 0.0000
-2.9344 4.7435 0.0000
-2.8056 4.7403 0.0000
-2.7090 4.7581 0.0000
-2.5796 4.7503 0.0000
-2.4820 4.7640 0.0000
-2.3505 4.7502 0.0000
-2.2537 4.7609 0.0000
-2.1540 4.7678 0.0000
-2.0554 4.7740 0.0000
-1.9233 4.7509 0.0000
-1.8234 4.7521 0.0000
-1.7247 4.7527 0.0000
-1.6249 4.7505 0.0000
-1.5540 4.7722 0.0000
-1.4557 4.7682 0.0000
-1.3563 4.7616 0.0000
-1.2561 4.7522 0.0000
-1.1861 4.7696 0.0000
-1.0875 4.7584 0.0000
-1.0158 4.7718 0.0000
-0.9167 4.7567 0.0000
-0.8456 4.7681 0.0000
-0.4599 4.4527 0.0000
-0.3968 4.4647 0.0000
-0.4641 4.6156 0.0000
-0.5365 4.7761 0.0000
-0.5757 4.9910 0.0000
-2.9180 3.4165 0.4509
-2.8803 3.4326 0.4509
-2.8242 3.4260 0.4509
-2.7891 3.4443 0.4509
-2.7322 3.4349 0.4509
-2.6787 3.4286 0.4509
-2.6329 3.4313 0.4509
-2.5800 3.4238 0.4509
-2.5262 3.4140 0.4509
-2.4763 3.4084 0.4509
-2.4244 3.3989 0.4509
-2.3792 3.3978 0.4509
-2.3302 3.3905 0.4509
-2.2860 3.3891 0.4509
-2.2353 3.3772 0.4509
-2.1987 3.3857 0.4509
-2.1487 3.3727 0.4509
-2.1117 3.3795 0.4509
-2.0654 3.3705 0.4509
-2.0272 3.3738 0.4509
-1.9835 3.3672 0.4509
-1.9440 3.3671 0.4509
-1.9057 3.3683 0.4509
-1.8622 3.3594 0.4509
-1.8199 3.3518 0.4509
-1.7802 3.3481 0.4509
-1.7454 3.3529 0.4509
-1.7052 3.3466 0.4509
-1.6706 3.3506 0.4509
-1.6272 3.3363 0.4509
-1.5899 3.3332 0.4509
-1.5535 3.3316 0.4509
-1.5153 3.3250 0.4509
-1.4813 3.3271 0.4509
-1.4483 3.3308 0.4509
-1.4137 3.3304 0.4509
-1.3754 3.3204 0.4509
-1.3430 3.3240 0.4509
-1.3073 3.3188 0.4509
-1.2747 3.3207 0.4509
-1.2369 3.3083 0.4509
-1.2025 3.3040 0.4509
-1.1697 3.3030 0.4509
-1.1379 3.3046 0.4509
-1.1052 3.3030 0.4509
-1.0745 3.3068 0.4509
-1.0434 3.3094 0.4509
-1.0113 3.3079 0.4509
-0.9784 3.3031 0.4509
-0.9463 3.3000 0.4509
-0.9148 3.2985 0.4509
-0.8862 3.3073 0.4509
-0.8535 3.3004 0.4509
-0.8221 3.2971 0.4509
-0.7911 3.2954 0.4509
-0.7610 3.2963 0.4509
-0.7264 3.2764 0.4509
-0.7002 3.2944 0.4509
-0.6671 3.2788 0.4509
-0.6369 3.2767 0.4509
-0.6058 3.2683 0.4509
-0.5744 3.2577 0.4509
-0.4562 2.7261 0.4509
-0.4538 2.8653 0.4509
-0.4323 2.8929 0.4509
-0.4065 2.8926 0.4509
-0.3896 2.9595 0.4509
-0.3433 2.7960 0.4509
-0.4380 3.8441 0.4509
-0.4308 4.0984 0.4509
-0.4363 4.5310 0.4509
-0.4298 4.9122 0.4509
-2.9031 3.5102 0.4509
-2.7662 3.5126 0.4509
-2.5982 3.4957 0.4509
-2.3995 3.4586 0.4509
-2.2560 3.4489 0.4509
-2.1122 3.4365 0.4509
-1.9364 3.4025 0.4509
-1.8182 3.3998 0.4509
-1.6979 3.3936 0.4509
-1.5765 3.3846 0.4509
-0.4360 2.7241 0.4509
-1.3287 3.3566 0.4509
-1.2017 3.3370 0.4509
-1.1069 3.3367 0.4509
-1.0100 3.3333 0.4509
-0.9135 3.3285 0.4509
-0.8493 3.3448 0.4509
-0.7504 3.3351 0.4509
-0.6174 3.2983 0.4509
-0.5525 3.3100 0.4509
-2.9180 5.6707 0.4509
-2.9764 2.7274 0.9017
-2.9430 2.7444 0.9017
-2.9457 2.7954 0.9017
-2.9191 2.8189 0.9017
-2.9015 2.8513 0.9017
-2.9274 2.9274 0.9017
-2.9452 2.9971 0.9017
-2.9613 3.0665 0.9017
-2.9641 3.1235 0.9017
-2.9551 3.1690 0.9017
-2.9523 3.2219 0.9017
-2.9642 3.2921 0.9017
-2.9586 3.3441 0.9017
-2.9241 3.3637 0.9017
-2.8621 3.3511 0.9017
-2.8000 3.3369 0.9017
-2.7409 3.3249 0.9017
-2.6866 3.3176 0.9017
-2.6363 3.3143 0.9017
-2.5809 3.3033 0.9017
-2.5258 3.2916 0.9017
-2.4723 3.2808 0.9017
-2.4257 3.2781 0.9017
-2.3782 3.2733 0.9017
-2.3309 3.2679 0.9017
-2.2788 3.2545 0.9017
-2.2294 3.2438 0.9017
-2.1904 3.2473 0.9017
-2.1410 3.2346 0.9017
-1.7930 2.7609 0.9017
-1.7323 2.7191 0.9017
-1.8812 3.0106 0.9017
-1.9672 3.2102 0.9017
-1.9309 3.2135 0.9017
-1.8840 3.1984 0.9017
-1.8485 3.2017 0.9017
-1.8092 3.1977 0.9017
-1.7710 3.1950 0.9017
-1.7335 3.1927 0.9017
-1.6967 3.1910 0.9017
-1.6628 3.1941 0.9017
-1.6280 3.1951 0.9017
-1.5943 3.1976 0.9017
-1.5593 3.1970 0.9017
-1.5270 3.2015 0.9017
-1.4914 3.1984 0.9017
-1.4564 3.1958 0.9017
-1.4297 3.2111 0.9017
-1.3964 3.2115 0.9017
-1.3644 3.2144 0.9017
-1.3302 3.2114 0.9017
-1.2980 3.2127 0.9017
-1.2652 3.2118 0.9017
-1.2335 3.2134 0.9017
-1.2012 3.2128 0.9017
-1.1735 3.2241 0.9017
-1.1443 3.2314 0.9017
-1.1125 3.2308 0.9017
-1.0804 3.2290 0.9017
-1.0522 3.2383 0.9017
-1.0218 3.2407 0.9017
-0.9920 3.2447 0.9017
-0.9614 3.2456 0.9017
-0.9311 3.2471 0.9017
-0.9041 3.2600 0.9017
-0.8730 3.2581 0.9017
-0.8433 3.2607 0.9017
-0.8148 3.2680 0.9017
-0.7851 3.2701 0.9017
-0.7572 3.2797 0.9017
-0.7290 3.2882 0.9017
-0.7002 3.2944 0.9017
-0.5853 2.8771 0.9017
-0.5343 2.7486 0.9017
-0.4997 2.6961 0.9017
-0.4758 2.6984 0.9017
-0.4643 2.7744 0.9017
-0.4228 2.6697 0.9017
-0.3975 2.6595 0.9017
-0.3734 2.6569 0.9017
-0.3512 2.6680 0.9017
-0.3284 2.6749 0.9017
-0.3083 2.7055 0.9017
-0.4391 4.1780 0.9017
-0.4375 4.5440 0.9017
-0.4246 4.8535 0.9017
-2.9614 2.6791 0.9017
-3.0360 2.7781 0.9017
-3.0242 2.9137 0.9017
-3.0352 2.9894 0.9017
-3.0257 3.1289 0.9017
-2.7960 3.0944 0.9017
-1.7596 2.6709 0.9017
-2.6554 3.2385 0.9017
-2.4657 3.2129 0.9017
-1.6586 2.8624 0.9017
-2.1331 3.1760 0.9017
-1.9918 3.1664 0.9017
-1.8179 3.1362 0.9017
-1.6989 3.1338 0.9017
-1.6099 3.1465 0.9017
-1.5193 3.1569 0.9017
-1.4590 3.1840 0.9017
-0.4283 2.6156 0.9017
-0.5385 2.7360 0.9017
-0.3331 2.6586 0.9017
-1.0796 3.1949 0.9017
-0.5304 2.8927 0.9017
-0.5265 2.9453 0.9017
-0.5254 3.0003 0.9017
-0.5244 3.0560 0.9017
-0.5237 3.1126 0.9017
-0.5198 3.1676 0.9017
-0.5209 3.2269 0.9017
-0.5198 3.2853 0.9017
-2.9367 5.4877 0.9017
-2.9742 2.7253 1.3526
-2.9291 2.7314 1.3526
-2.9117 2.7631 1.3526
-2.8946 2.7953 1.3526
-2.8965 2.8464 1.3526
-2.9635 2.9635 1.3526
-2.9634 3.0156 1.3526
-2.9627 3.0680 1.3526
-2.9634 3.1227 1.3526
-2.9735 3.1887 1.3526
-2.9739 3.2455 1.3526
-2.9341 3.2587 1.3526
-2.8638 3.2370 1.3526
-2.8040 3.2256 1.3526
-2.7524 3.2226 1.3526
-2.6965 3.2136 1.3526
-2.6346 3.1961 1.3526
-2.5815 3.1879 1.3526
-2.5380 3.1907 1.3526
-2.4867 3.1828 1.3526
-2.4363 3.1750 1.3526
-2.3928 3.1754 1.3526
-2.3424 3.1656 1.3526
-2.2994 3.1649 1.3526
-2.2496 3.1539 1.3526
-2.2094 3.1554 1.3526
-2.1631 3.1473 1.3526
-2.1188 3.1412 1.3526
-2.0709 3.1287 1.3526
-1.7494 2.6938 1.3526
-1.9950 3.1315 1.3526
-1.9533 3.1259 1.3526
-1.9066 3.1113 1.3526
-1.8732 3.1175 1.3526
-1.8332 3.1122 1.3526
-1.7950 3.1090 1.3526
-1.7589 3.1089 1.3526
-1.7230 3.1084 1.3526
-1.6953 3.1224 1.3526
-1.6549 3.1124 1.3526
-1.6198 3.1116 1.3526
-1.5872 3.1150 1.3526
-1.5559 3.1206 1.3526
-1.5247 3.1260 1.3526
-1.4866 3.1166 1.3526
-1.4542 3.1186 1.3526
-1.4241 3.1248 1.3526
-1.3882 3.1179 1.3526
-1.3577 3.1226 1.3526
-1.3258 3.1233 1.3526
-1.2973 3.1320 1.3526
-1.2620 3.1237 1.3526
-1.2329 3.1299 1.3526
-1.2030 3.1340 1.3526
-1.1739 3.1397 1.3526
-1.1379 3.1264 1.3526
-1.1089 3.1315 1.3526
-1.0809 3.1391 1.3526
-1.0503 3.1390 1.3526
-1.0198 3.1385 1.3526
-0.9911 3.1435 1.3526
-0.9593 3.1376 1.3526
-0.9321 3.1468 1.3526
-0.9024 3.1472 1.3526
-0.8755 3.1569 1.3526
-0.8443 3.1509 1.3526
-0.8155 3.1533 1.3526
-0.7887 3.1632 1.3526
-0.7594 3.1631 1.3526
-0.7302 3.1628 1.3526
-0.7032 3.1720 1.3526
-0.6747 3.1741 1.3526
-0.5520 2.7134 1.3526
-0.5236 2.6936 1.3526
-0.5001 2.6981 1.3526
-0.4749 2.6934 1.3526
-0.4536 2.7103 1.3526
-0.4228 2.6697 1.3526
-0.3989 2.6694 1.3526
-0.3738 2.6599 1.3526
-0.3512 2.6680 1.3526
-0.3320 2.7037 1.3526
-0.4393 3.8561 1.3526
-0.4380 4.1670 1.3526
-0.4383 4.5519 1.3526
-0.4576 5.2300 1.3526
-0.4715 5.9915 1.3526
-2.9604 2.6788 1.3526
-2.9155 2.7294 1.3526
-3.0466 2.8525 1.3526
-3.0361 2.9898 1.3526
-3.0247 3.1284 1.3526
-3.0425 3.2094 1.3526
-1.6939 2.6991 1.3526
-2.3798 3.1011 1.3526
-2.2162 3.0858 1.3526
-2.0489 3.0655 1.3526
-1.9062 3.0553 1.3526
-1.7906 3.0572 1.3526
-1.6727 3.0558 1.3526
-1.5823 3.0678 1.3526
-1.4609 3.0605 1.3526
-1.3677 3.0676 1.3526
-0.5710 2.6504 1.3526
-0.4300 2.6167 1.3526
-0.5732 2.7577 1.3526
-0.5693 2.8090 1.3526
-0.9178 3.0897 1.3526
-0.5262 2.8899 1.3526
-0.5241 2.9436 1.3526
-0.5237 2.9991 1.3526
-0.5220 3.0543 1.3526
-0.5212 3.1108 1.3526
-0.5214 3.1688 1.3526
-2.9134 5.6668 1.3526
-2.9199 5.8763 1.3526
-3.0135 2.7133 1.8035
-2.9683 2.7199 1.8035
-2.9320 2.7341 1.8035
-2.9218 2.7727 1.8035
-2.9212 2.8210 1.8035
-2.9493 2.8983 1.8035
-2.9677 2.9677 1.8035
-2.9761 3.0285 1.8035
-2.9794 3.0852 1.8035
-2.9813 3.1416 1.8035
-2.9428 3.1558 1.8035
-2.8746 3.1371 1.8035
-2.8130 3.1242 1.8035
-2.7638 3.1239 1.8035
-2.6990 3.1049 1.8035
-2.6478 3.1002 1.8035
-2.5981 3.0964 1.8035
-2.5494 3.0927 1.8035
-2.4940 3.0798 1.8035
-2.4459 3.0749 1.8035
-2.3986 3.0701 1.8035
-2.3516 3.0647 1.8035
-2.2983 3.0500 1.8035
-2.2508 3.0418 1.8035
-2.2089 3.0403 1.8035
-2.1666 3.0375 1.8035
-2.1274 3.0382 1.8035
-2.0844 3.0328 1.8035
-2.0394 3.0235 1.8035
-1.7612 2.6609 1.8035
-1.9640 3.0242 1.8035
-1.9230 3.0185 1.8035
-1.8860 3.0182 1.8035
-1.8491 3.0175 1.8035
-1.8129 3.0172 1.8035
-1.7835 3.0278 1.8035
-1.7455 3.0233 1.8035
-1.7131 3.0280 1.8035
-1.6779 3.0271 1.8035
-1.6390 3.0187 1.8035
-1.6032 3.0153 1.8035
-1.5778 3.0309 1.8035
-1.5427 3.0276 1.8035
-1.5073 3.0231 1.8035
-1.4707 3.0155 1.8035
-1.4414 3.0219 1.8035
-1.4145 3.0334 1.8035
-1.3743 3.0156 1.8035
-1.3467 3.0247 1.8035
-1.3143 3.0226 1.8035
-1.2894 3.0377 1.8035
-1.2525 3.0239 1.8035
-1.2242 3.0300 1.8035
-1.1944 3.0322 1.8035
-1.1679 3.0425 1.8035
-1.1315 3.0264 1.8035
-1.1064 3.0399 1.8035
-1.0749 3.0353 1.8035
-1.0474 3.0417 1.8035
-1.0179 3.0422 1.8035
-0.9873 3.0386 1.8035
-0.9556 3.0309 1.8035
-0.9248 3.0248 1.8035
-0.8850 2.9877 1.8035
-0.8462 2.9511 1.8035
-0.8028 2.8947 1.8035
-0.7620 2.8437 1.8035
-0.7279 2.8144 1.8035
-0.6958 2.7906 1.8035
-0.6604 2.7508 1.8035
-0.6278 2.7195 1.8035
-0.6000 2.7063 1.8035
-0.5753 2.7065 1.8035
-0.5485 2.6958 1.8035
-0.5236 2.6936 1.8035
-0.4991 2.6931 1.8035
-0.4741 2.6885 1.8035
-0.4498 2.6876 1.8035
-0.4222 2.6658 1.8035
-0.3951 2.6436 1.8035
-0.3720 2.6470 1.8035
-0.3497 2.6561 1.8035
-0.3269 2.6620 1.8035
-0.3064 2.6896 1.8035
-0.4371 4.1591 1.8035
-0.4382 4.5510 1.8035
-0.4504 5.1483 1.8035
-3.0508 2.6451 1.8035
-2.9604 2.6788 1.8035
-3.0351 2.7777 1.8035
-3.0438 2.8514 1.8035
-3.0324 2.9882 1.8035
-3.0472 3.0664 1.8035
-2.6664 3.0340 1.8035
-2.4835 3.0162 1.8035
-2.2970 2.9932 1.8035
-2.1337 2.9784 1.8035
-1.9658 2.9582 1.8035
-1.5681 2.8153 1.8035
-1.5672 2.8750 1.8035
-1.6157 2.9622 1.8035
-1.5258 2.9743 1.8035
-1.4022 2.9659 1.8035
-1.3103 2.9735 1.8035
-1.2135 2.9767 1.8035
-0.5718 2.6509 1.8035
-0.4292 2.6162 1.8035
-0.3680 2.6295 1.8035
-0.5642 2.8058 1.8035
-0.8272 3.0309 1.8035
-0.5262 2.8899 1.8035
-0.5241 2.9436 1.8035
-0.5221 2.9980 1.8035
-0.5220 3.0543 1.8035
-2.9266 5.4795 1.8035
-3.0120 2.7120 2.2544
-2.9572 2.7098 2.2544
-2.9291 2.7314 2.2544
-2.9167 2.7679 2.2544
-2.9270 2.8266 2.2544
-2.9671 2.9158 2.2544
-2.9783 2.9783 2.2544
-2.9803 3.0327 2.2544
-2.9419 3.0464 2.2544
-2.8691 3.0234 2.2544
-2.8146 3.0183 2.2544
-2.7564 3.0081 2.2544
-2.7046 3.0038 2.2544
-2.6571 3.0033 2.2544
-2.6039 2.9954 2.2544
-2.5445 2.9793 2.2544
-2.5024 2.9822 2.2544
-2.4464 2.9677 2.2544
-2.4009 2.9648 2.2544
-2.3525 2.9575 2.2544
-2.3167 2.9653 2.2544
-2.2682 2.9560 2.2544
-2.2273 2.9558 2.2544
-2.1848 2.9526 2.2544
-2.1431 2.9497 2.2544
-2.0958 2.9381 2.2544
-2.0632 2.9465 2.2544
-2.0198 2.9388 2.2544
-1.9728 2.9248 2.2544
-1.8214 2.7518 2.2544
-1.9106 2.9421 2.2544
-1.8666 2.9299 2.2544
-1.8362 2.9385 2.2544
-1.7969 2.9322 2.2544
-1.7640 2.9358 2.2544
-1.7266 2.9313 2.2544
-1.6940 2.9341 2.2544
-1.6580 2.9305 2.2544
-1.6246 2.9309 2.2544
-1.5851 2.9194 2.2544
-1.5568 2.9279 2.2544
-1.5182 2.9165 2.2544
-1.4873 2.9189 2.2544
-1.4577 2.9238 2.2544
-1.4273 2.9265 2.2544
-1.3918 2.9181 2.2544
-1.3604 2.9174 2.2544
-1.3316 2.9219 2.2544
-1.3020 2.9243 2.2544
-1.2756 2.9337 2.2544
-1.2441 2.9309 2.2544
-1.2146 2.9324 2.2544
-1.1838 2.9299 2.2544
-1.1578 2.9392 2.2544
-1.1285 2.9398 2.2544
-1.0986 2.9383 2.2544
-1.0729 2.9478 2.2544
-1.0425 2.9439 2.2544
-1.0161 2.9510 2.2544
-0.9852 2.9445 2.2544
-0.9617 2.9597 2.2544
-0.9313 2.9537 2.2544
-0.9017 2.9492 2.2544
-0.8759 2.9570 2.2544
-0.8512 2.9684 2.2544
-0.8226 2.9661 2.2544
-0.7961 2.9712 2.2544
-0.7679 2.9693 2.2544
-0.7434 2.9817 2.2544
-0.7160 2.9823 2.2544
-0.6884 2.9816 2.2544
-0.6606 2.9797 2.2544
-0.6366 2.9951 2.2544
-0.5562 2.7340 2.2544
-0.5228 2.6897 2.2544
-0.4966 2.6794 2.2544
-0.4728 2.6816 2.2544
-0.4481 2.6778 2.2544
-0.4228 2.6697 2.2544
-0.3930 2.6298 2.2544
-0.3716 2.6440 2.2544
-0.3507 2.6640 2.2544
-0.3276 2.6680 2.2544
-0.3063 2.6886 2.2544
-0.3060 2.9110 2.2544
-0.4391 4.5599 2.2544
-0.4951 5.6594 2.2544
-3.0508 2.6451 2.2544
-2.9595 2.6784 2.2544
-3.0420 2.8506 2.2544
-3.0297 2.9870 2.2544
-2.7878 2.9509 2.2544
-2.4806 2.8805 2.2544
-1.7356 2.5999 2.2544
-2.2172 2.8892 2.2544
-2.0534 2.8744 2.2544
-1.9126 2.8682 2.2544
-1.7983 2.8729 2.2544
-1.6816 2.8744 2.2544
-1.5628 2.8727 2.2544
-1.4408 2.8672 2.2544
-1.3465 2.8749 2.2544
-1.2525 2.8812 2.2544
-1.1587 2.8860 2.2544
-1.0575 2.8848 2.2544
-0.5744 2.6524 2.2544
-0.3951 2.5953 2.2544
-0.4384 2.6734 2.2544
-0.7615 2.9315 2.2544
-0.5295 2.8376 2.2544
-0.5237 2.8883 2.2544
-0.5216 2.9419 2.2544
-2.9876 4.7808 2.2544
-2.9271 5.5784 2.2544
-2.9282 5.8835 2.2544
-3.0068 2.7073 2.7052
-2.9513 2.7044 2.7052
-2.9320 2.7341 2.7052
-2.9283 2.7789 2.7052
-2.9256 2.8252 2.7052
-2.9807 2.9291 2.7052
-2.9522 2.9522 2.7052
-2.8962 2.9472 2.7052
-2.8321 2.9327 2.7052
-2.7754 2.9247 2.7052
-2.7287 2.9261 2.7052
-2.6733 2.9174 2.7052
-2.6223 2.9124 2.7052
-2.5663 2.9007 2.7052
-2.5193 2.8981 2.7052
-2.4692 2.8911 2.7052
-2.4201 2.8842 2.7052
-2.3700 2.8751 2.7052
-2.3266 2.8731 2.7052
-2.2853 2.8730 2.7052
-2.2355 2.8613 2.7052
-2.1830 2.8450 2.7052
-2.1461 2.8479 2.7052
-2.1075 2.8481 2.7052
-2.0614 2.8372 2.7052
-2.0232 2.8364 2.7052
-1.9886 2.8400 2.7052
-1.9490 2.8358 2.7052
-1.8207 2.6993 2.7052
-1.8611 2.8119 2.7052
-1.8425 2.8372 2.7052
-1.8096 2.8405 2.7052
-1.7678 2.8291 2.7052
-1.7326 2.8274 2.7052
-1.6981 2.8261 2.7052
-1.6652 2.8270 2.7052
-1.6315 2.8258 2.7052
-1.5989 2.8260 2.7052
-1.5693 2.8311 2.7052
-1.5384 2.8333 2.7052
-1.5061 2.8325 2.7052
-1.4725 2.8287 2.7052
-1.4428 2.8316 2.7052
-1.4140 2.8360 2.7052
-1.3835 2.8366 2.7052
-1.3531 2.8368 2.7052
-1.3249 2.8413 2.7052
-1.3005 2.8536 2.7052
-1.2654 2.8420 2.7052
-1.2357 2.8420 2.7052
-1.2109 2.8526 2.7052
-1.1852 2.8613 2.7052
-1.1538 2.8557 2.7052
-1.1281 2.8638 2.7052
-1.0980 2.8605 2.7052
-1.0716 2.8662 2.7052
-1.0428 2.8651 2.7052
-1.0174 2.8732 2.7052
-0.9881 2.8696 2.7052
-0.9633 2.8791 2.7052
-0.9363 2.8817 2.7052
-0.9075 2.8783 2.7052
-0.8844 2.8928 2.7052
-0.8583 2.8976 2.7052
-0.8324 2.9030 2.7052
-0.8022 2.8928 2.7052
-0.7757 2.8949 2.7052
-0.7534 2.9132 2.7052
-0.7246 2.9060 2.7052
-0.6999 2.9152 2.7052
-0.6744 2.9212 2.7052
-0.6342 2.8605 2.7052
-0.6119 2.8787 2.7052
-0.5542 2.7242 2.7052
-0.5211 2.6808 2.7052
-0.4975 2.6843 2.7052
-0.4728 2.6816 2.7052
-0.4486 2.6807 2.7052
-0.4185 2.6421 2.7052
-0.3936 2.6337 2.7052
-0.3696 2.6302 2.7052
-0.3473 2.6382 2.7052
-0.3261 2.6561 2.7052
-0.3064 2.6896 2.7052
-0.4324 4.1143 2.7052
-0.4412 4.5818 2.7052
-0.4930 5.6345 2.7052
-3.0508 2.6451 2.7052
-2.9595 2.6784 2.7052
-3.0401 2.8498 2.7052
-3.0546 2.9266 2.7052
-2.7078 2.8471 2.7052
-2.5055 2.8252 2.7052
-1.7663 2.5549 2.7052
-2.1117 2.7753 2.7052
-1.9745 2.7734 2.7052
-1.8332 2.7670 2.7052
-1.7193 2.7718 2.7052
-1.6308 2.7875 2.7052
-1.5096 2.7848 2.7052
-1.3844 2.7779 2.7052
-1.2905 2.7857 2.7052
-1.1926 2.7896 2.7052
-1.1332 2.8137 2.7052
-1.0297 2.8115 2.7052
-0.9688 2.8326 2.7052
-0.5367 2.6298 2.7052
-0.3985 2.5973 2.7052
-0.7293 2.8552 2.7052
-0.6620 2.8681 2.7052
-0.5957 2.8806 2.7052
-0.5296 2.8921 2.7052
-3.0184 4.7136 2.7052
-2.9055 5.5606 2.7052
-2.9109 5.8684 2.7052
-2.9949 2.6966 3.1561
-2.9462 2.6997 3.1561
-2.9393 2.7410 3.1561
-2.9356 2.7858 3.1561
-2.9349 2.8342 3.1561
-2.9336 2.8828 3.1561
-2.8709 2.8709 3.1561
-2.8170 2.8666 3.1561
-2.7599 2.8579 3.1561
-2.7066 2.8522 3.1561
-2.6482 2.8398 3.1561
-2.5936 2.8304 3.1561
-2.5320 2.8121 3.1561
-2.4862 2.8101 3.1561
-2.4353 2.8015 3.1561
-2.3867 2.7945 3.1561
-2.3436 2.7930 3.1561
-2.2988 2.7887 3.1561
-2.2511 2.7799 3.1561
-2.2099 2.7783 3.1561
-2.1677 2.7746 3.1561
-2.1337 2.7807 3.1561
-2.0841 2.7657 3.1561
-2.0480 2.7677 3.1561
-2.0038 2.7579 3.1561
-1.9738 2.7672 3.1561
-1.9341 2.7622 3.1561
-1.8907 2.7509 3.1561
-1.7648 2.6164 3.1561
-1.8297 2.7643 3.1561
-1.7908 2.7575 3.1561
-1.7548 2.7545 3.1561
-1.7281 2.7655 3.1561
-1.6913 2.7600 3.1561
-1.6595 2.7618 3.1561
-1.6262 2.7607 3.1561
-1.5930 2.7592 3.1561
-1.5674 2.7703 3.1561
-1.5344 2.7682 3.1561
-1.5059 2.7735 3.1561
-1.4723 2.7689 3.1561
-1.4457 2.7772 3.1561
-1.4174 2.7817 3.1561
-1.3872 2.7824 3.1561
-1.3576 2.7836 3.1561
-1.3277 2.7836 3.1561
-1.3017 2.7914 3.1561
-1.2731 2.7936 3.1561
-1.2446 2.7954 3.1561
-1.2198 2.8053 3.1561
-1.1902 2.8039 3.1561
-1.1618 2.8049 3.1561
-1.1366 2.8131 3.1561
-1.1120 2.8229 3.1561
-1.0830 2.8213 3.1561
-1.0569 2.8269 3.1561
-1.0295 2.8285 3.1561
-1.0034 2.8336 3.1561
-0.9767 2.8366 3.1561
-0.9513 2.8431 3.1561
-0.9221 2.8380 3.1561
-0.9006 2.8564 3.1561
-0.8727 2.8546 3.1561
-0.8441 2.8496 3.1561
-0.8195 2.8578 3.1561
-0.7945 2.8649 3.1561
-0.7708 2.8765 3.1561
-0.7454 2.8822 3.1561
-0.7200 2.8876 3.1561
-0.6929 2.8860 3.1561
-0.6677 2.8919 3.1561
-0.6428 2.8996 3.1561
-0.6190 2.9119 3.1561
-0.5682 2.7928 3.1561
-0.5200 2.6749 3.1561
-0.4948 2.6695 3.1561
-0.4709 2.6708 3.1561
-0.4468 2.6699 3.1561
-0.4147 2.6184 3.1561
-0.3913 2.6179 3.1561
-0.3691 2.6262 3.1561
-0.3476 2.6402 3.1561
-0.3265 2.6590 3.1561
-0.3055 2.6817 3.1561
-0.4382 4.1690 3.1561
-0.4406 4.5758 3.1561
-0.4700 5.3725 3.1561
-3.0274 2.6362 3.1561
-2.9595 2.6784 3.1561
-3.0638 2.7893 3.1561
-2.6551 2.7570 3.1561
-2.4556 2.7374 3.1561
-2.2488 2.7109 3.1561
-2.0893 2.7021 3.1561
-1.7320 2.5983 3.1561
-1.8102 2.6950 3.1561
-1.7253 2.7144 3.1561
-1.5735 2.6991 3.1561
-1.4829 2.7121 3.1561
-1.3898 2.7225 3.1561
-1.2935 2.7295 3.1561
-1.1974 2.7351 3.1561
-1.1322 2.7561 3.1561
-1.0714 2.7787 3.1561
-0.9673 2.7755 3.1561
-0.9007 2.7925 3.1561
-0.5376 2.6303 3.1561
-0.4053 2.6015 3.1561
-0.5699 2.7556 3.1561
-0.6688 2.8724 3.1561
-0.5982 2.8822 3.1561
-0.4979 2.8712 3.1561
-3.0118 4.7091 3.1561
-2.9194 5.5720 3.1561
-2.9897 2.6919 3.6070
-2.9432 2.6970 3.6070
-2.9408 2.7423 3.6070
-2.9436 2.7933 3.6070
-2.9443 2.8432 3.6070
-2.9250 2.8744 3.6070
-2.8553 2.8553 3.6070
-2.7959 2.8452 3.6070
-2.7307 2.8277 3.6070
-2.6715 2.8152 3.6070
-2.6209 2.8106 3.6070
-2.5672 2.8017 3.6070
-2.5072 2.7846 3.6070
-2.4583 2.7786 3.6070
-2.4018 2.7630 3.6070
-2.3640 2.7679 3.6070
-2.3166 2.7608 3.6070
-2.2689 2.7524 3.6070
-2.2253 2.7480 3.6070
-2.1850 2.7470 3.6070
-2.1382 2.7368 3.6070
-2.0923 2.7268 3.6070
-2.0534 2.7249 3.6070
-2.0224 2.7331 3.6070
-1.9838 2.7304 3.6070
-1.9366 2.7151 3.6070
-1.9008 2.7147 3.6070
-1.8623 2.7097 3.6070
-1.7520 2.5974 3.6070
-1.7943 2.7110 3.6070
-1.7646 2.7173 3.6070
-1.7323 2.7191 3.6070
-1.7016 2.7231 3.6070
-1.6730 2.7302 3.6070
-1.6409 2.7309 3.6070
-1.6038 2.7227 3.6070
-1.5735 2.7254 3.6070
-1.5423 2.7260 3.6070
-1.5155 2.7341 3.6070
-1.4840 2.7331 3.6070
-1.4554 2.7371 3.6070
-1.4245 2.7364 3.6070
-1.3956 2.7390 3.6070
-1.3694 2.7466 3.6070
-1.3445 2.7566 3.6070
-1.3165 2.7601 3.6070
-1.2886 2.7633 3.6070
-1.2644 2.7745 3.6070
-1.2340 2.7717 3.6070
-1.2106 2.7842 3.6070
-1.1835 2.7882 3.6070
-1.1611 2.8031 3.6070
-1.1328 2.8038 3.6070
-1.1076 2.8117 3.6070
-1.0812 2.8166 3.6070
-1.0594 2.8334 3.6070
-1.0308 2.8322 3.6070
-1.0051 2.8383 3.6070
-0.9783 2.8413 3.6070
-0.9564 2.8582 3.6070
-0.9261 2.8503 3.6070
-0.9018 2.8602 3.6070
-0.8736 2.8574 3.6070
-0.8518 2.8755 3.6070
-0.8266 2.8828 3.6070
-0.8022 2.8928 3.6070
-0.7765 2.8978 3.6070
-0.7509 2.9035 3.6070
-0.7243 2.9051 3.6070
-0.6999 2.9152 3.6070
-0.6744 2.9212 3.6070
-0.6513 2.9377 3.6070
-0.6252 2.9413 3.6070
-0.5596 2.7506 3.6070
-0.5167 2.6582 3.6070
-0.4946 2.6686 3.6070
-0.4706 2.6688 3.6070
-0.4450 2.6590 3.6070
-0.4120 2.6016 3.6070
-0.3907 2.6140 3.6070
-0.3670 2.6113 3.6070
-0.3458 2.6263 3.6070
-0.3239 2.6382 3.6070
-0.3040 2.6677 3.6070
-0.4395 4.1820 3.6070
-0.4399 4.5689 3.6070
-0.4854 5.5478 3.6070
-3.0041 2.6272 3.6070
-2.9595 2.6784 3.6070
-3.0620 2.7886 3.6070
-2.8498 2.7710 3.6070
-2.6063 2.7363 3.6070
-2.3291 2.6824 3.6070
-2.1200 2.6535 3.6070
-1.9838 2.6540 3.6070
-1.8425 2.6498 3.6070
-1.6992 2.6420 3.6070
-1.6444 2.6749 3.6070
-1.5162 2.6705 3.6070
-1.4258 2.6831 3.6070
-1.3641 2.7091 3.6070
-1.2670 2.7154 3.6070
-1.2018 2.7375 3.6070
-1.1383 2.7595 3.6070
-1.0732 2.7797 3.6070
-1.0054 2.7975 3.6070
-0.9395 2.8153 3.6070
-0.4321 2.5669 3.6070
-0.4368 2.6209 3.6070
-0.5665 2.7535 3.6070
-0.6318 2.9040 3.6070
-0.4987 2.8717 3.6070
-0.4967 2.9251 3.6070
-3.0077 4.7063 3.6070
-2.8934 5.7509 3.6070
-2.9154 5.8724 3.6070
-3.0273 2.6783 4.0579
-2.9808 2.6839 4.0579
-2.9462 2.6997 4.0579
-2.9320 2.7341 4.0579
-2.9291 2.7796 4.0579
-2.9500 2.8488 4.0579
-2.9892 2.9375 4.0579
-2.9649 2.9649 4.0579
-2.8891 2.9400 4.0579
-2.8120 2.9119 4.0579
-2.7555 2.9037 4.0579
-2.6946 2.8896 4.0579
-2.6321 2.8724 4.0579
-2.5735 2.8581 4.0579
-2.5113 2.8385 4.0579
-2.4517 2.8203 4.0579
-2.4017 2.8120 4.0579
-2.3507 2.8014 4.0579
-2.3013 2.7917 4.0579
-2.2567 2.7868 4.0579
-2.2074 2.7751 4.0579
-2.1610 2.7659 4.0579
-2.1148 2.7561 4.0579
-2.0654 2.7409 4.0579
-2.0194 2.7291 4.0579
-1.9767 2.7207 4.0579
-1.9314 2.7077 4.0579
-1.8865 2.6942 4.0579
-1.8397 2.6768 4.0579
-1.7794 2.6380 4.0579
-1.7789 2.6876 4.0579
-1.7526 2.6988 4.0579
-1.7210 2.7014 4.0579
-1.6910 2.7061 4.0579
-1.6584 2.7063 4.0579
-1.6234 2.7018 4.0579
-1.5993 2.7150 4.0579
-1.5680 2.7159 4.0579
-1.5383 2.7190 4.0579
-1.5097 2.7236 4.0579
-1.4792 2.7243 4.0579
-1.4488 2.7248 4.0579
-1.4250 2.7373 4.0579
-1.3997 2.7470 4.0579
-1.3716 2.7510 4.0579
-1.3414 2.7503 4.0579
-1.3187 2.7646 4.0579
-1.2936 2.7742 4.0579
-1.2648 2.7754 4.0579
-1.2389 2.7827 4.0579
-1.2154 2.7952 4.0579
-1.1909 2.8057 4.0579
-1.1653 2.8132 4.0579
-1.1384 2.8177 4.0579
-1.1142 2.8285 4.0579
-1.0898 2.8390 4.0579
-1.0646 2.8475 4.0579
-1.0360 2.8463 4.0579
-1.0141 2.8637 4.0579
-0.9871 2.8668 4.0579
-0.9595 2.8677 4.0579
-0.9351 2.8779 4.0579
-0.9102 2.8869 4.0579
-0.8835 2.8900 4.0579
-0.8594 2.9014 4.0579
-0.8319 2.9011 4.0579
-0.8063 2.9073 4.0579
-0.7829 2.9219 4.0579
-0.7587 2.9335 4.0579
-0.7330 2.9400 4.0579
-0.7071 2.9453 4.0579
-0.6825 2.9562 4.0579
-0.6547 2.9533 4.0579
-0.6310 2.9687 4.0579
-0.5572 2.7389 4.0579
-0.5188 2.6690 4.0579
-0.4928 2.6587 4.0579
-0.4685 2.6570 4.0579
-0.4441 2.6541 4.0579
-0.4124 2.6035 4.0579
-0.3883 2.5981 4.0579
-0.3662 2.6054 4.0579
-0.3446 2.6174 4.0579
-0.3231 2.6312 4.0579
-0.3024 2.6538 4.0579
-0.4389 4.1760 4.0579
-0.4402 4.5719 4.0579
-0.4921 5.6245 4.0579
-3.0041 2.6272 4.0579
-2.9586 2.6780 4.0579
-3.0610 2.7882 4.0579
-2.7794 2.8097 4.0579
-2.4556 2.7374 4.0579
-2.2506 2.7117 4.0579
-1.7399 2.5429 4.0579
-1.7891 2.6249 4.0579
-1.7001 2.6425 4.0579
-1.6139 2.6600 4.0579
-1.4875 2.6562 4.0579
-1.4285 2.6844 4.0579
-1.3650 2.7095 4.0579
-1.3032 2.7347 4.0579
-1.2387 2.7575 4.0579
-1.1313 2.7557 4.0579
-1.0392 2.8170 4.0579
-0.9722 2.8346 4.0579
-0.4338 2.5680 4.0579
-0.3720 2.5811 4.0579
-0.5631 2.7513 4.0579
-0.5261 2.8354 4.0579
-0.5237 2.8883 4.0579
-0.5232 2.9430 4.0579
-3.0093 4.7074 4.0579
-2.9196 5.6720 4.0579
-2.9071 5.8652 4.0579
-3.0235 2.6750 4.5087
-2.9852 2.6879 4.5087
-2.9476 2.7010 4.5087
-2.9408 2.7423 4.5087
-2.9356 2.7858 4.5087
-2.9630 2.8613 4.5087
-2.9892 2.9375 4.5087
-2.9854 2.9854 4.5087
-2.9838 3.0363 4.5087
-2.9579 3.0629 4.5087
-2.8849 3.0400 4.5087
-2.7948 2.9971 4.5087
-2.7280 2.9771 4.5087
-2.6564 2.9503 4.5087
-2.5869 2.9239 4.5087
-2.5232 2.9026 4.5087
-2.4556 2.8751 4.5087
-2.3976 2.8573 4.5087
-2.3344 2.8319 4.5087
-2.2788 2.8140 4.5087
-2.2186 2.7892 4.5087
-2.1745 2.7833 4.5087
-2.1191 2.7617 4.5087
-2.0678 2.7441 4.5087
-2.0260 2.7379 4.5087
-1.9861 2.7337 4.5087
-1.9401 2.7200 4.5087
-1.8997 2.7130 4.5087
-1.7904 2.6051 4.5087
-1.8235 2.7035 4.5087
-1.7872 2.7001 4.5087
-1.7576 2.7064 4.5087
-1.7306 2.7166 4.5087
-1.7016 2.7231 4.5087
-1.6647 2.7165 4.5087
-1.6337 2.7189 4.5087
-1.6038 2.7227 4.5087
-1.5755 2.7288 4.5087
-1.5482 2.7364 4.5087
-1.5189 2.7402 4.5087
-1.4926 2.7489 4.5087
-1.4662 2.7574 4.5087
-1.4328 2.7524 4.5087
-1.4074 2.7621 4.5087
-1.3828 2.7734 4.5087
-1.3528 2.7737 4.5087
-1.3264 2.7809 4.5087
-1.3000 2.7878 4.5087
-1.2764 2.8009 4.5087
-1.2515 2.8110 4.5087
-1.2254 2.8181 4.5087
-1.1956 2.8167 4.5087
-1.1706 2.8261 4.5087
-1.1433 2.8298 4.5087
-1.1219 2.8480 4.5087
-1.0930 2.8474 4.5087
-1.0671 2.8540 4.5087
-1.0435 2.8670 4.5087
-1.0154 2.8675 4.5087
-0.9904 2.8763 4.5087
-0.9640 2.8810 4.5087
-0.9391 2.8903 4.5087
-0.9147 2.9012 4.5087
-0.8882 2.9053 4.5087
-0.8631 2.9139 4.5087
-0.8374 2.9203 4.5087
-0.8097 2.9198 4.5087
-0.7845 2.9277 4.5087
-0.7579 2.9306 4.5087
-0.7362 2.9526 4.5087
-0.7083 2.9502 4.5087
-0.6832 2.9592 4.5087
-0.6567 2.9621 4.5087
-0.6337 2.9814 4.5087
-0.5517 2.7115 4.5087
-0.5146 2.6474 4.5087
-0.4913 2.6509 4.5087
-0.4682 2.6550 4.5087
-0.4389 2.6225 4.5087
-0.4072 2.5710 4.5087
-0.3858 2.5813 4.5087
-0.3656 2.6014 4.5087
-0.3429 2.6045 4.5087
-0.3222 2.6243 4.5087
-0.3040 2.6677 4.5087
-0.4387 4.1740 4.5087
-0.4417 4.5868 4.5087
-0.4881 5.5787 4.5087
-3.0031 2.6268 4.5087
-2.9586 2.6780 4.5087
-3.0610 2.7882 4.5087
-3.0500 2.9246 4.5087
-2.4297 2.7914 4.5087
-1.7508 2.5479 4.5087
-1.8444 2.6507 4.5087
-1.7299 2.6567 4.5087
-1.6094 2.6578 4.5087
-1.5511 2.6879 4.5087
-1.4535 2.6972 4.5087
-1.3969 2.7262 4.5087
-1.2961 2.7309 4.5087
-1.2308 2.7532 4.5087
-1.1654 2.7746 4.5087
-1.1001 2.7950 4.5087
-1.0323 2.8130 4.5087
-0.9670 2.8316 4.5087
-0.4038 2.5500 4.5087
-0.4411 2.6235 4.5087
-0.7615 2.8753 4.5087
-0.5372 2.7886 4.5087
-0.6628 2.9242 4.5087
-0.4979 2.8712 4.5087
-0.5216 2.9419 4.5087
-2.9815 4.8657 4.5087
-2.9194 5.5720 4.5087
-3.0205 2.6723 4.9596
-2.9785 2.6819 4.9596
-2.9388 2.6929 4.9596
-2.9130 2.7164 4.9596
-2.8957 2.7479 4.9596
-2.8860 2.7870 4.9596
-2.9857 2.9340 4.9596
-2.9868 2.9868 4.9596
-2.9894 3.0420 4.9596
-2.9412 3.0457 4.9596
-2.8539 3.0074 4.9596
-2.7716 2.9722 4.9596
-2.7098 2.9572 4.9596
-2.6364 2.9280 4.9596
-2.5716 2.9067 4.9596
-2.5061 2.8830 4.9596
-2.4497 2.8683 4.9596
-2.3867 2.8443 4.9596
-2.3210 2.8157 4.9596
-2.2737 2.8078 4.9596
-2.2186 2.7892 4.9596
-2.1653 2.7714 4.9596
-2.1209 2.7640 4.9596
-2.0739 2.7521 4.9596
-2.0283 2.7412 4.9596
-1.9808 2.7264 4.9596
-1.9413 2.7216 4.9596
-1.9026 2.7171 4.9596
-1.7542 2.5523 4.9596
-1.8319 2.7159 4.9596
-1.7988 2.7176 4.9596
-1.7619 2.7131 4.9596
-1.7349 2.7233 4.9596
-1.7005 2.7214 4.9596
-1.6678 2.7216 4.9596
-1.6455 2.7386 4.9596
-1.6104 2.7339 4.9596
-1.5805 2.7375 4.9596
-1.5556 2.7495 4.9596
-1.5247 2.7507 4.9596
-1.4949 2.7533 4.9596
-1.4643 2.7539 4.9596
-1.4420 2.7701 4.9596
-1.4124 2.7719 4.9596
-1.3868 2.7815 4.9596
-1.3572 2.7827 4.9596
-1.3277 2.7836 4.9596
-1.3042 2.7969 4.9596
-1.2785 2.8054 4.9596
-1.2499 2.8073 4.9596
-1.2258 2.8190 4.9596
-1.1956 2.8167 4.9596
-1.1756 2.8382 4.9596
-1.1455 2.8353 4.9596
-1.1222 2.8489 4.9596
-1.0945 2.8512 4.9596
-1.0723 2.8681 4.9596
-1.0421 2.8632 4.9596
-1.0188 2.8769 4.9596
-0.9891 2.8725 4.9596
-0.9668 2.8895 4.9596
-0.9385 2.8884 4.9596
-0.9126 2.8945 4.9596
-0.8885 2.9062 4.9596
-0.8631 2.9139 4.9596
-0.8368 2.9184 4.9596
-0.8119 2.9275 4.9596
-0.7855 2.9316 4.9596
-0.7604 2.9403 4.9596
-0.7345 2.9458 4.9596
-0.7092 2.9541 4.9596
-0.6830 2.9582 4.9596
-0.6593 2.9738 4.9596
-0.6333 2.9794 4.9596
-0.5429 2.6683 4.9596
-0.5148 2.6484 4.9596
-0.4891 2.6391 4.9596
-0.4656 2.6403 4.9596
-0.4295 2.5663 4.9596
-0.4047 2.5551 4.9596
-0.3840 2.5695 4.9596
-0.3607 2.5668 4.9596
-0.3412 2.5916 4.9596
-0.3222 2.6243 4.9596
-0.4382 3.8461 4.9596
-0.4412 4.1979 4.9596
-0.4409 4.5788 4.9596
-0.4884 5.5827 4.9596
-2.9798 2.6179 4.9596
-3.0525 2.7150 4.9596
-3.0610 2.7882 4.9596
-2.8969 2.7905 4.9596
-3.0491 2.9242 4.9596
-2.3009 2.7341 4.9596
-1.7399 2.5429 4.9596
-1.8435 2.6502 4.9596
-1.7587 2.6705 4.9596
-1.6696 2.6872 4.9596
-1.5466 2.6857 4.9596
-1.4873 2.7144 4.9596
-1.3907 2.7229 4.9596
-1.3288 2.7483 4.9596
-1.2281 2.7518 4.9596
-1.1637 2.7736 4.9596
-1.0975 2.7935 4.9596
-1.0314 2.8125 4.9596
-0.3992 2.4971 4.9596
-0.4698 2.5896 4.9596
-0.5733 2.7045 4.9596
-0.5321 2.7854 4.9596
-0.4987 2.8717 4.9596
-0.4967 2.9251 4.9596
-0.4941 2.9787 4.9596
-2.9823 4.8663 4.9596
-2.9156 5.5689 4.9596
-3.0153 2.6677 5.4105
-2.9651 2.6698 5.4105
-2.9381 2.6922 5.4105
-2.9393 2.7410 5.4105
-2.9320 2.7823 5.4105
-2.9773 2.8752 5.4105
-2.9864 2.9347 5.4105
-2.9833 2.9833 5.4105
-2.9845 3.0370 5.4105
-2.9092 3.0126 5.4105
-2.8333 2.9856 5.4105
-2.7519 2.9510 5.4105
-2.6841 2.9292 5.4105
-2.6223 2.9124 5.4105
-2.5624 2.8962 5.4105
-2.4989 2.8747 5.4105
-2.4419 2.8591 5.4105
-2.3815 2.8382 5.4105
-2.3300 2.8265 5.4105
-2.2693 2.8024 5.4105
-2.2236 2.7955 5.4105
-2.1677 2.7746 5.4105
-2.1246 2.7688 5.4105
-2.0708 2.7481 5.4105
-2.0295 2.7428 5.4105
-1.9879 2.7361 5.4105
-1.9523 2.7371 5.4105
-1.9048 2.7204 5.4105
-1.7559 2.5548 5.4105
-1.8319 2.7159 5.4105
-1.8015 2.7218 5.4105
-1.7641 2.7165 5.4105
-1.7323 2.7191 5.4105
-1.7026 2.7248 5.4105
-1.6715 2.7276 5.4105
-1.6435 2.7352 5.4105
-1.6124 2.7374 5.4105
-1.5830 2.7418 5.4105
-1.5566 2.7512 5.4105
-1.5310 2.7620 5.4105
-1.4983 2.7595 5.4105
-1.4694 2.7636 5.4105
-1.4420 2.7701 5.4105
-1.4155 2.7782 5.4105
-1.3872 2.7824 5.4105
-1.3625 2.7935 5.4105
-1.3333 2.7953 5.4105
-1.3097 2.8086 5.4105
-1.2797 2.8081 5.4105
-1.2536 2.8155 5.4105
-1.2305 2.8300 5.4105
-1.2015 2.8306 5.4105
-1.1764 2.8400 5.4105
-1.1515 2.8502 5.4105
-1.1266 2.8601 5.4105
-1.0984 2.8614 5.4105
-1.0727 2.8690 5.4105
-1.0466 2.8755 5.4105
-1.0221 2.8864 5.4105
-0.9923 2.8819 5.4105
-0.9662 2.8876 5.4105
-0.9410 2.8960 5.4105
-0.9166 2.9069 5.4105
-0.8906 2.9129 5.4105
-0.8662 2.9244 5.4105
-0.8385 2.9242 5.4105
-0.8137 2.9343 5.4105
-0.7855 2.9316 5.4105
-0.7602 2.9393 5.4105
-0.7362 2.9526 5.4105
-0.7115 2.9638 5.4105
-0.6843 2.9640 5.4105
-0.6599 2.9767 5.4105
-0.6358 2.9912 5.4105
-0.5389 2.6487 5.4105
-0.5123 2.6357 5.4105
-0.4888 2.6371 5.4105
-0.4638 2.6304 5.4105
-0.4299 2.5693 5.4105
-0.4064 2.5660 5.4105
-0.3840 2.5695 5.4105
-0.3613 2.5707 5.4105
-0.3404 2.5857 5.4105
-0.3197 2.6034 5.4105
-0.4410 3.8710 5.4105
-0.4421 4.2058 5.4105
-0.4409 4.5788 5.4105
-0.4893 5.5926 5.4105
-2.9798 2.6179 5.4105
-3.0525 2.7150 5.4105
-3.0620 2.7886 5.4105
-3.0509 2.9250 5.4105
-2.7326 2.8578 5.4105
-2.3009 2.7341 5.4105
-2.0101 2.6661 5.4105
-1.8425 2.6498 5.4105
-1.7271 2.6554 5.4105
-1.6103 2.6583 5.4105
-3.0501 3.4353 5.4105
-1.4838 2.7126 5.4105
-1.3889 2.7220 5.4105
-1.3252 2.7464 5.4105
-1.2650 2.7718 5.4105
-1.2013 2.7944 5.4105
-1.1341 2.8142 5.4105
-1.0704 2.8350 5.4105
-0.4345 2.5179 5.4105
-0.3747 2.5324 5.4105
-0.5716 2.7034 5.4105
-0.8005 2.8997 5.4105
-0.5305 2.7843 5.4105
-0.5278 2.8365 5.4105
-0.5246 2.8888 5.4105
-0.5556 2.9648 5.4105
-0.4949 2.9793 5.4105
-2.9798 4.8645 5.4105
-2.9133 5.5670 5.4105
-2.9066 5.9689 5.4105
-3.0071 2.6604 5.8614
-2.9614 2.6665 5.8614
-2.9462 2.6997 5.8614
-2.9349 2.7369 5.8614
-2.9378 2.7878 5.8614
-2.9817 2.8794 5.8614
-2.9871 2.9354 5.8614
-2.9769 2.9769 5.8614
-2.9929 3.0456 5.8614
-2.9454 3.0500 5.8614
-2.8629 3.0168 5.8614
-2.7846 2.9861 5.8614
-2.7152 2.9631 5.8614
-2.6564 2.9503 5.8614
-2.5981 2.9367 5.8614
-2.5422 2.9245 5.8614
-2.4828 2.9070 5.8614
-2.4291 2.8949 5.8614
-2.3643 2.8681 5.8614
-2.3090 2.8513 5.8614
-2.2628 2.8448 5.8614
-2.2121 2.8313 5.8614
-2.1617 2.8172 5.8614
-2.1124 2.8032 5.8614
-2.0646 2.7902 5.8614
-2.0261 2.7887 5.8614
-1.9796 2.7753 5.8614
-1.9312 2.7581 5.8614
-1.7700 2.5754 5.8614
-1.8604 2.7582 5.8614
-1.8230 2.7543 5.8614
-1.7886 2.7542 5.8614
-1.7516 2.7495 5.8614
-1.7222 2.7562 5.8614
-1.6903 2.7583 5.8614
-1.6620 2.7661 5.8614
-1.6277 2.7632 5.8614
-1.6025 2.7756 5.8614
-1.5743 2.7825 5.8614
-1.5427 2.7830 5.8614
-1.5121 2.7850 5.8614
-1.4831 2.7892 5.8614
-1.4577 2.8003 5.8614
-1.4296 2.8058 5.8614
-1.3997 2.8074 5.8614
-1.3730 2.8150 5.8614
-1.3436 2.8170 5.8614
-1.3190 2.8286 5.8614
-1.2934 2.8382 5.8614
-1.2645 2.8402 5.8614
-1.2381 2.8475 5.8614
-1.2089 2.8480 5.8614
-1.1863 2.8640 5.8614
-1.1602 2.8715 5.8614
-1.1351 2.8815 5.8614
-1.1056 2.8801 5.8614
-1.0800 2.8887 5.8614
-1.0579 2.9065 5.8614
-1.0298 2.9080 5.8614
-1.0050 2.9188 5.8614
-0.9783 2.9237 5.8614
-0.9536 2.9350 5.8614
-0.9268 2.9394 5.8614
-0.8988 2.9397 5.8614
-0.8751 2.9541 5.8614
-0.8490 2.9607 5.8614
-0.8239 2.9709 5.8614
-0.7964 2.9722 5.8614
-0.7699 2.9771 5.8614
-0.7451 2.9885 5.8614
-0.7174 2.9881 5.8614
-0.6926 3.0001 5.8614
-0.6662 3.0050 5.8614
-0.6375 2.9990 5.8614
-0.5343 2.6262 5.8614
-0.5106 2.6268 5.8614
-0.4858 2.6214 5.8614
-0.4562 2.5871 5.8614
-0.4275 2.5545 5.8614
-0.4058 2.5621 5.8614
-0.3834 2.5655 5.8614
-0.3632 2.5846 5.8614
-0.3396 2.5797 5.8614
-0.3181 2.5905 5.8614
-0.4278 3.7547 5.8614
-0.4442 4.2267 5.8614
-0.4410 4.5798 5.8614
-0.4975 5.6863 5.8614
-2.9798 2.6179 5.8614
-3.0535 2.7154 5.8614
-3.0620 2.7886 5.8614
-3.0509 2.9250 5.8614
-2.8582 2.9125 5.8614
-2.5566 2.8480 5.8614
-2.1421 2.7262 5.8614
-1.9250 2.6883 5.8614
-1.7822 2.6817 5.8614
-1.6364 2.6710 5.8614
-1.5815 2.7031 5.8614
-1.5114 2.7267 5.8614
-1.4537 2.7557 5.8614
-1.3553 2.7624 5.8614
-1.2940 2.7876 5.8614
-1.2302 2.8104 5.8614
-1.1637 2.8309 5.8614
-1.0998 2.8520 5.8614
-0.4363 2.5189 5.8614
-0.3678 2.5283 5.8614
-0.5716 2.7034 5.8614
-0.8310 2.9188 5.8614
-0.5305 2.7843 5.8614
-0.5270 2.8359 5.8614
-0.5254 2.8894 5.8614
-0.5224 2.9425 5.8614
-0.5229 2.9986 5.8614
-2.9855 4.8686 5.8614
-2.9125 5.5663 5.8614
-2.9252 5.8809 5.8614
-3.0018 2.6558 6.3122
-2.9473 2.6538 6.3122
-2.9425 2.6963 6.3122
-2.9393 2.7410 6.3122
-2.9283 2.7789 6.3122
-2.9773 2.8752 6.3122
-2.9792 2.9277 6.3122
-2.9819 2.9819 6.3122
-2.9859 3.0384 6.3122
-2.9884 3.0946 6.3122
-2.9641 3.1235 6.3122
-2.9026 3.1126 6.3122
-2.8246 3.0826 6.3122
-2.7508 3.0551 6.3122
-2.6955 3.0468 6.3122
-2.6360 3.0324 6.3122
-2.5751 3.0150 6.3122
-2.5178 3.0006 6.3122
-2.4648 2.9900 6.3122
-2.4166 2.9842 6.3122
-2.3519 2.9567 6.3122
-2.3026 2.9472 6.3122
-2.2512 2.9338 6.3122
-2.2038 2.9246 6.3122
-2.1420 2.8947 6.3122
-2.0949 2.8833 6.3122
-2.0568 2.8836 6.3122
-1.9765 2.8228 6.3122
-1.7881 2.6018 6.3122
-1.9180 2.8436 6.3122
-1.8816 2.8427 6.3122
-1.8425 2.8372 6.3122
-1.8048 2.8330 6.3122
-1.7641 2.8232 6.3122
-1.7253 2.8154 6.3122
-1.6955 2.8218 6.3122
-1.6622 2.8218 6.3122
-1.6295 2.8224 6.3122
-1.5999 2.8278 6.3122
-1.5727 2.8373 6.3122
-1.5393 2.8351 6.3122
-1.5089 2.8378 6.3122
-1.4753 2.8340 6.3122
-1.4555 2.8566 6.3122
-1.4211 2.8504 6.3122
-1.3967 2.8636 6.3122
-1.3686 2.8693 6.3122
-1.3384 2.8703 6.3122
-1.3117 2.8782 6.3122
-1.2837 2.8831 6.3122
-1.2561 2.8887 6.3122
-1.2292 2.8959 6.3122
-1.2005 2.8982 6.3122
-1.1748 2.9076 6.3122
-1.1475 2.9131 6.3122
-1.1231 2.9258 6.3122
-1.0933 2.9243 6.3122
-1.0681 2.9347 6.3122
-1.0428 2.9448 6.3122
-1.0187 2.9585 6.3122
-0.9919 2.9645 6.3122
-0.9648 2.9692 6.3122
-0.9391 2.9785 6.3122
-0.9116 2.9818 6.3122
-0.8833 2.9819 6.3122
-0.8586 2.9943 6.3122
-0.8314 2.9979 6.3122
-0.8052 3.0050 6.3122
-0.7789 3.0119 6.3122
-0.7533 3.0215 6.3122
-0.7262 3.0250 6.3122
-0.7027 3.0439 6.3122
-0.6740 3.0402 6.3122
-0.6115 2.8767 6.3122
-0.5327 2.6184 6.3122
-0.5108 2.6278 6.3122
-0.4860 2.6223 6.3122
-0.4489 2.5457 6.3122
-0.4281 2.5584 6.3122
-0.4067 2.5680 6.3122
-0.3839 2.5685 6.3122
-0.3621 2.5767 6.3122
-0.3411 2.5906 6.3122
-0.3197 2.6034 6.3122
-0.3044 2.6717 6.3122
-0.4442 4.2267 6.3122
-0.4399 4.5689 6.3122
-2.9789 2.6175 6.3122
-3.0544 2.7158 6.3122
-3.0629 2.7889 6.3122
-2.8769 2.8512 6.3122
-3.0408 3.0635 6.3122
-2.6107 2.9398 6.3122
-2.2712 2.8497 6.3122
-1.6468 2.6171 6.3122
-1.8062 2.7538 6.3122
-1.6889 2.7566 6.3122
-1.5702 2.7566 6.3122
-3.0503 3.5869 6.3122
-1.4144 2.7938 6.3122
-1.3538 2.8200 6.3122
-1.2555 2.8245 6.3122
-1.1889 2.8452 6.3122
-1.1258 2.8670 6.3122
-0.4406 2.5215 6.3122
-0.3738 2.5319 6.3122
-0.5750 2.7055 6.3122
-0.8582 2.9358 6.3122
-0.5305 2.7843 6.3122
-0.5261 2.8354 6.3122
-0.5254 2.8894 6.3122
-0.5257 2.9447 6.3122
-0.5221 2.9980 6.3122
-0.5236 3.0554 6.3122
-2.9906 2.6458 6.7631
-2.9533 2.6591 6.7631
-2.9395 2.6936 6.7631
-2.9335 2.7355 6.7631
-2.9254 2.7761 6.7631
-2.9838 2.8814 6.7631
-2.9828 2.9312 6.7631
-2.9769 2.9769 6.7631
-2.9831 3.0356 6.7631
-2.9884 3.0946 6.7631
-2.9868 3.1474 6.7631
-2.9872 3.2033 6.7631
-2.9746 3.2462 6.7631
-2.9154 3.2379 6.7631
-2.8367 3.2063 6.7631
-2.7659 3.1819 6.7631
-2.7030 3.1648 6.7631
-2.6419 3.1484 6.7631
-2.5818 3.1320 6.7631
-2.5192 3.1109 6.7631
-2.4639 3.0976 6.7631
-2.4066 3.0803 6.7631
-2.3498 3.0623 6.7631
-2.2881 3.0364 6.7631
-2.2336 3.0185 6.7631
-2.1795 2.9998 6.7631
-2.1283 2.9837 6.7631
-1.9370 2.7663 6.7631
-1.8352 2.6702 6.7631
-1.9885 2.9481 6.7631
-1.9395 2.9303 6.7631
-1.8970 2.9211 6.7631
-1.8521 2.9072 6.7631
-1.8166 2.9071 6.7631
-1.7791 2.9032 6.7631
-1.7475 2.9084 6.7631
-1.7084 2.9002 6.7631
-1.6750 2.9012 6.7631
-1.6378 2.8948 6.7631
-1.6033 2.8924 6.7631
-1.5699 2.8913 6.7631
-1.5408 2.8978 6.7631
-1.5048 2.8908 6.7631
-1.4759 2.8967 6.7631
-1.4439 2.8960 6.7631
-1.4190 2.9094 6.7631
-1.3875 2.9090 6.7631
-1.3553 2.9065 6.7631
-1.3303 2.9192 6.7631
-1.3052 2.9316 6.7631
-1.2740 2.9300 6.7631
-1.2492 2.9429 6.7631
-1.2173 2.9389 6.7631
-1.1935 2.9540 6.7631
-1.1625 2.9513 6.7631
-1.1364 2.9604 6.7631
-1.1081 2.9636 6.7631
-1.0845 2.9798 6.7631
-1.0548 2.9787 6.7631
-1.0288 2.9878 6.7631
-1.0014 2.9929 6.7631
-0.9753 3.0015 6.7631
-0.9514 3.0176 6.7631
-0.9239 3.0219 6.7631
-0.8964 3.0260 6.7631
-0.8677 3.0261 6.7631
-0.8442 3.0441 6.7631
-0.8153 3.0427 6.7631
-0.7892 3.0516 6.7631
-0.7650 3.0681 6.7631
-0.7347 3.0600 6.7631
-0.7108 3.0790 6.7631
-0.6831 3.0812 6.7631
-0.5726 2.6938 6.7631
-0.5317 2.6135 6.7631
-0.5081 2.6141 6.7631
-0.4813 2.5968 6.7631
-0.4504 2.5546 6.7631
-0.4266 2.5495 6.7631
-0.4056 2.5611 6.7631
-0.3840 2.5695 6.7631
-0.3620 2.5757 6.7631
-0.3402 2.5837 6.7631
-0.3203 2.6084 6.7631
-0.4135 3.6295 6.7631
-0.4467 4.2496 6.7631
-0.4402 4.5719 6.7631
-2.9789 2.6175 6.7631
-3.0544 2.7158 6.7631
-2.9155 2.7294 6.7631
-3.0527 2.9258 6.7631
-3.0417 3.0639 6.7631
-3.0325 3.2047 6.7631
-1.6486 2.6179 6.7631
-2.0804 2.8876 6.7631
-1.8572 2.8405 6.7631
-1.7136 2.8297 6.7631
-1.5947 2.8291 6.7631
-1.5089 2.8441 6.7631
-1.4136 2.8525 6.7631
-1.3141 2.8570 6.7631
-1.2533 2.8817 6.7631
-1.1890 2.9035 6.7631
-0.3975 2.4961 6.7631
-0.5778 2.6545 6.7631
-0.5733 2.7045 6.7631
-0.9269 2.9787 6.7631
-0.5321 2.7854 6.7631
-0.5286 2.8370 6.7631
-0.5262 2.8899 6.7631
-0.5257 2.9447 6.7631
-0.5237 2.9991 6.7631
-0.5203 3.0531 6.7631
-0.5245 3.1131 6.7631
-3.0271 2.6315 7.2140
-2.9913 2.6465 7.2140
-2.9436 2.6504 7.2140
-2.9285 2.6834 7.2140
-2.9342 2.7362 7.2140
-2.9291 2.7796 7.2140
-2.9759 2.8738 7.2140
-2.9778 2.9263 7.2140
-2.9762 2.9762 7.2140
-2.9887 3.0413 7.2140
-2.9815 3.0874 7.2140
-2.9868 3.1474 7.2140
-2.9912 3.2077 7.2140
-2.9794 3.2514 7.2140
-2.9877 3.3181 7.2140
-2.9480 3.3321 7.2140
-2.8762 3.3086 7.2140
-2.7939 3.2713 7.2140
-2.7222 3.2442 7.2140
-2.6550 3.2208 7.2140
-2.5934 3.2026 7.2140
-2.5249 3.1743 7.2140
-2.4688 3.1599 7.2140
-2.4107 3.1417 7.2140
-2.3495 3.1179 7.2140
-2.2936 3.0997 7.2140
-2.2342 3.0751 7.2140
-2.1800 3.0562 7.2140
-1.8796 2.6844 7.2140
-1.9031 2.7691 7.2140
-2.0260 3.0036 7.2140
-1.9776 2.9878 7.2140
-1.9356 2.9806 7.2140
-1.8945 2.9738 7.2140
-1.8568 2.9716 7.2140
-1.8167 2.9646 7.2140
-1.7769 2.9572 7.2140
-1.7424 2.9580 7.2140
-1.7070 2.9566 7.2140
-1.6752 2.9610 7.2140
-1.6430 2.9641 7.2140
-1.6104 2.9660 7.2140
-1.5821 2.9755 7.2140
-1.5455 2.9688 7.2140
-1.5141 2.9715 7.2140
-1.4823 2.9730 7.2140
-1.4536 2.9804 7.2140
-1.4250 2.9876 7.2140
-1.3959 2.9935 7.2140
-1.3681 3.0020 7.2140
-1.3398 3.0092 7.2140
-1.3095 3.0116 7.2140
-1.2836 3.0239 7.2140
-1.2521 3.0229 7.2140
-1.2227 3.0263 7.2140
-1.1952 3.0341 7.2140
-1.1683 3.0435 7.2140
-1.1385 3.0451 7.2140
-1.1095 3.0484 7.2140
-1.0829 3.0579 7.2140
-1.0574 3.0710 7.2140
-1.0287 3.0745 7.2140
-1.0037 3.0890 7.2140
-0.9737 3.0881 7.2140
-0.9452 3.0917 7.2140
-0.9188 3.1018 7.2140
-0.8920 3.1106 7.2140
-0.8645 3.1173 7.2140
-0.8375 3.1257 7.2140
-0.8092 3.1291 7.2140
-0.7821 3.1370 7.2140
-0.7559 3.1485 7.2140
-0.7268 3.1482 7.2140
-0.7002 3.1583 7.2140
-0.5585 2.6273 7.2140
-0.5305 2.6076 7.2140
-0.5064 2.6052 7.2140
-0.4767 2.5722 7.2140
-0.4480 2.5408 7.2140
-0.4270 2.5515 7.2140
-0.4044 2.5532 7.2140
-0.3827 2.5606 7.2140
-0.3606 2.5658 7.2140
-0.3391 2.5758 7.2140
-0.3182 2.5915 7.2140
-0.4479 3.9316 7.2140
-0.4465 4.2486 7.2140
-0.4391 4.5599 7.2140
-0.4791 5.4761 7.2140
-3.0464 2.5747 7.2140
-2.9583 2.6096 7.2140
-3.0544 2.7158 7.2140
-3.0420 2.8506 7.2140
-3.0527 2.9258 7.2140
-3.0417 3.0639 7.2140
-1.6867 2.5771 7.2140
-3.0548 3.2887 7.2140
-2.4587 3.0721 7.2140
-2.0236 2.9235 7.2140
-1.8259 2.8869 7.2140
-1.7100 2.8892 7.2140
-1.6210 2.9037 7.2140
-1.5305 2.9159 7.2140
-1.4375 2.9253 7.2140
-0.5040 2.5080 7.2140
-0.4449 2.5240 7.2140
-0.3730 2.5314 7.2140
-0.5750 2.7055 7.2140
-1.0227 3.0386 7.2140
-0.5313 2.7848 7.2140
-0.5312 2.8387 7.2140
-0.5279 2.8910 7.2140
-0.5249 2.9442 7.2140
-0.5237 2.9991 7.2140
-0.5212 3.0537 7.2140
-0.5204 3.1102 7.2140
-0.5206 3.1682 7.2140
-2.9765 5.2305 7.2140
-2.9826 5.5248 7.2140
-3.0136 2.6196 7.6649
-2.9786 2.6352 7.6649
-2.9466 2.6531 7.6649
-2.9299 2.6848 7.6649
-2.9261 2.7287 7.6649
-2.9356 2.7858 7.6649
-2.9745 2.8724 7.6649
-2.9721 2.9207 7.6649
-2.9755 2.9755 7.6649
-2.9789 3.0313 7.6649
-2.9836 3.0896 7.6649
-2.9820 3.1423 7.6649
-2.9803 3.1960 7.6649
-2.9821 3.2543 7.6649
-2.9803 3.3100 7.6649
-2.9738 3.3613 7.6649
-2.9300 3.3705 7.6649
-2.8517 3.3389 7.6649
-2.7807 3.3139 7.6649
-2.6970 3.2717 7.6649
-2.6318 3.2500 7.6649
-2.5623 3.2212 7.6649
-2.5119 3.2151 7.6649
-2.4497 3.1925 7.6649
-2.3838 3.1634 7.6649
-2.3341 3.1543 7.6649
-2.2759 3.1325 7.6649
-2.2224 3.1156 7.6649
-1.9461 2.7794 7.6649
-1.8352 2.6702 7.6649
-2.0690 3.0674 7.6649
-2.0245 3.0587 7.6649
-1.9836 3.0544 7.6649
-1.9370 3.0404 7.6649
-1.8939 3.0309 7.6649
-1.8606 3.0363 7.6649
-1.8232 3.0344 7.6649
-1.7906 3.0398 7.6649
-1.7555 3.0406 7.6649
-1.7220 3.0436 7.6649
-1.6852 3.0402 7.6649
-1.6457 3.0310 7.6649
-1.6211 3.0488 7.6649
-1.5884 3.0513 7.6649
-1.5567 3.0553 7.6649
-1.5238 3.0562 7.6649
-1.4944 3.0640 7.6649
-1.4659 3.0733 7.6649
-1.4331 3.0733 7.6649
-1.4083 3.0902 7.6649
-1.3797 3.0987 7.6649
-1.3474 3.0987 7.6649
-1.3164 3.1012 7.6649
-1.2854 3.1033 7.6649
-1.2602 3.1190 7.6649
-1.2285 3.1188 7.6649
-1.2012 3.1294 7.6649
-1.1686 3.1257 7.6649
-1.1403 3.1329 7.6649
-1.1139 3.1456 7.6649
-1.0854 3.1524 7.6649
-1.0573 3.1598 7.6649
-1.0281 3.1642 7.6649
-1.0020 3.1778 7.6649
-0.9742 3.1864 7.6649
-0.9449 3.1900 7.6649
-0.9198 3.2077 7.6649
-0.8886 3.2041 7.6649
-0.8629 3.2204 7.6649
-0.8345 3.2268 7.6649
-0.8061 3.2330 7.6649
-0.7799 3.2487 7.6649
-0.7507 3.2515 7.6649
-0.7212 3.2530 7.6649
-0.5535 2.6038 7.6649
-0.5309 2.6095 7.6649
-0.5055 2.6003 7.6649
-0.4773 2.5751 7.6649
-0.4485 2.5438 7.6649
-0.4258 2.5446 7.6649
-0.4030 2.5443 7.6649
-0.3796 2.5398 7.6649
-0.3582 2.5490 7.6649
-0.3370 2.5599 7.6649
-0.3204 2.6094 7.6649
-0.4487 3.9385 7.6649
-0.4483 4.2655 7.6649
-0.4403 4.5729 7.6649
-0.5139 5.8736 7.6649
-0.4650 5.9087 7.6649
-3.0230 2.5660 7.6649
-2.9565 2.6089 7.6649
-3.0544 2.7158 7.6649
-3.0411 2.8502 7.6649
-3.0546 2.9266 7.6649
-3.0436 3.0648 7.6649
-3.0325 3.2047 7.6649
-1.6766 2.6313 7.6649
-2.6772 3.1786 7.6649
-2.2706 3.0466 7.6649
-1.5461 2.7444 7.6649
-1.8511 2.9626 7.6649
-1.7349 2.9642 7.6649
-1.6465 2.9789 7.6649
-1.5555 2.9908 7.6649
-1.4962 3.0190 7.6649
-0.4702 2.4885 7.6649
-0.4087 2.5027 7.6649
-0.5796 2.6555 7.6649
-1.1795 3.0759 7.6649
-1.1151 3.0963 7.6649
-0.5338 2.7864 7.6649
-0.5286 2.8370 7.6649
-0.5287 2.8916 7.6649
-0.5265 2.9453 7.6649
-0.5254 3.0003 7.6649
-0.5228 3.0549 7.6649
-0.5212 3.1108 7.6649
-0.5206 3.1682 7.6649
-0.5201 3.2263 7.6649
-2.9797 5.2329 7.6649
-2.9101 5.8678 7.6649
-3.0136 2.6196 8.1157
-2.9696 2.6273 8.1157
-2.9332 2.6411 8.1157
-2.9248 2.6801 8.1157
-2.9247 2.7273 8.1157
-2.9465 2.7961 8.1157
-2.9788 2.8766 8.1157
-2.9685 2.9172 8.1157
-2.9769 2.9769 8.1157
-2.9733 3.0256 8.1157
-2.9773 3.0831 8.1157
-2.9813 3.1416 8.1157
-2.9803 3.1960 8.1157
-2.9753 3.2470 8.1157
-2.9756 3.3048 8.1157
-2.9772 3.3651 8.1157
-2.9805 3.4286 8.1157
-2.9271 3.4271 8.1157
-2.8578 3.4058 8.1157
-2.7835 3.3766 8.1157
-2.7099 3.3464 8.1157
-2.6382 3.3167 8.1157
-2.5809 3.3033 8.1157
-2.5105 3.2718 8.1157
-2.4584 3.2624 8.1157
-2.3971 3.2395 8.1157
-2.3464 3.2296 8.1157
-2.2909 3.2117 8.1157
-2.2404 3.1996 8.1157
-1.7638 2.5663 8.1157
-2.1411 3.1744 8.1157
-2.0913 3.1596 8.1157
-2.0473 3.1526 8.1157
-2.0025 3.1433 8.1157
-1.9618 3.1395 8.1157
-1.9165 3.1275 8.1157
-1.8799 3.1287 8.1157
-1.8408 3.1251 8.1157
-1.8045 3.1255 8.1157
-1.7722 3.1324 8.1157
-1.7385 3.1364 8.1157
-1.7054 3.1409 8.1157
-1.6676 3.1362 8.1157
-1.6337 3.1382 8.1157
-1.6062 3.1524 8.1157
-1.5711 3.1511 8.1157
-1.5404 3.1584 8.1157
-1.5076 3.1609 8.1157
-1.4787 3.1712 8.1157
-1.4473 3.1758 8.1157
-1.4146 3.1773 8.1157
-1.3872 3.1905 8.1157
-1.3558 3.1942 8.1157
-1.3226 3.1929 8.1157
-1.2946 3.2043 8.1157
-1.2619 3.2034 8.1157
-1.2339 3.2143 8.1157
-1.2054 3.2240 8.1157
-1.1738 3.2250 8.1157
-1.1463 3.2370 8.1157
-1.1164 3.2422 8.1157
-1.0887 3.2537 8.1157
-1.0587 3.2583 8.1157
-1.0275 3.2589 8.1157
-0.9999 3.2706 8.1157
-0.9705 3.2763 8.1157
-0.9419 3.2846 8.1157
-0.9137 3.2947 8.1157
-0.8857 3.3054 8.1157
-0.8581 3.3178 8.1157
-0.8274 3.3184 8.1157
-0.7970 3.3197 8.1157
-0.7705 3.3372 8.1157
-0.6630 2.9904 8.1157
-0.5516 2.5950 8.1157
-0.5265 2.5880 8.1157
-0.5041 2.5935 8.1157
-0.4813 2.5968 8.1157
-0.4484 2.5428 8.1157
-0.4230 2.5278 8.1157
-0.3978 2.5117 8.1157
-0.3760 2.5161 8.1157
-0.3500 2.4905 8.1157
-0.3552 2.6977 8.1157
-0.4538 3.6962 8.1157
-0.4532 3.9773 8.1157
-0.4497 4.2784 8.1157
-0.4390 4.5589 8.1157
-0.4633 5.2958 8.1157
-3.0005 2.5576 8.1157
-2.9555 2.6086 8.1157
-3.0563 2.7165 8.1157
-3.0438 2.8514 8.1157
-3.0546 2.9266 8.1157
-1.7765 2.5006 8.1157
-3.0343 3.2056 8.1157
-3.0286 3.3500 8.1157
-2.6545 3.2381 8.1157
-2.2990 3.1280 8.1157
-2.0764 3.0799 8.1157
-1.9062 3.0553 8.1157
-1.7897 3.0567 8.1157
-1.7016 3.0718 8.1157
-1.6119 3.0845 8.1157
-0.3672 2.4290 8.1157
-0.4725 2.5402 8.1157
-1.3656 3.1278 8.1157
-0.5767 2.7065 8.1157
-1.2059 3.1530 8.1157
-0.5347 2.7870 8.1157
-0.5328 2.8397 8.1157
-0.5296 2.8921 8.1157
-0.5282 2.9464 8.1157
-0.5262 3.0008 8.1157
-0.5244 3.0560 8.1157
-0.5228 3.1120 8.1157
-0.5222 3.1693 8.1157
-0.5209 3.2269 8.1157
-0.5205 3.2859 8.1157
-0.5195 3.3451 8.1157
-2.9779 5.5210 8.1157
-2.9358 5.9947 8.1157
-3.0022 2.6098 8.5666
-2.9614 2.6200 8.5666
-2.9347 2.6424 8.5666
-2.9314 2.6861 8.5666
-2.9225 2.7253 8.5666
-2.9537 2.8030 8.5666
-2.9817 2.8794 8.5666
-2.9750 2.9235 8.5666
-2.9698 2.9698 8.5666
-2.9698 3.0220 8.5666
-2.9669 3.0723 8.5666
-2.9730 3.1329 8.5666
-2.9674 3.1821 8.5666
-2.9625 3.2330 8.5666
-2.9696 3.2981 8.5666
-2.9672 3.3538 8.5666
-2.9615 3.4068 8.5666
-2.9576 3.4629 8.5666
-2.9613 3.5292 8.5666
-2.9069 3.5263 8.5666
-2.8420 3.5096 8.5666
-2.7764 3.4904 8.5666
-2.7095 3.4680 8.5666
-2.6457 3.4479 8.5666
-2.5728 3.4142 8.5666
-2.5143 3.3979 8.5666
-2.4481 3.3696 8.5666
-2.3954 3.3582 8.5666
-2.3390 3.3405 8.5666
-1.8091 2.6323 8.5666
-2.0651 3.0616 8.5666
-2.1873 3.3047 8.5666
-2.1410 3.2968 8.5666
-2.0960 3.2901 8.5666
-2.0487 3.2786 8.5666
-2.0085 3.2775 8.5666
-1.9628 3.2667 8.5666
-1.9220 3.2630 8.5666
-1.8870 3.2684 8.5666
-1.8451 3.2612 8.5666
-1.8069 3.2597 8.5666
-1.7669 3.2543 8.5666
-1.7333 3.2598 8.5666
-1.6946 3.2553 8.5666
-1.6598 3.2575 8.5666
-1.6228 3.2549 8.5666
-1.5944 3.2689 8.5666
-1.5576 3.2656 8.5666
-1.5257 3.2718 8.5666
-1.4921 3.2740 8.5666
-1.4606 3.2805 8.5666
-1.4299 3.2886 8.5666
-1.3965 3.2899 8.5666
-1.3662 3.2982 8.5666
-1.3355 3.3054 8.5666
-1.3025 3.3067 8.5666
-1.2736 3.3179 8.5666
-1.2450 3.3299 8.5666
-1.2138 3.3350 8.5666
-1.1860 3.3492 8.5666
-1.1502 3.3405 8.5666
-1.1214 3.3514 8.5666
-1.0945 3.3686 8.5666
-1.0642 3.3752 8.5666
-1.0332 3.3796 8.5666
-1.0023 3.3837 8.5666
-0.9716 3.3884 8.5666
-0.9428 3.3997 8.5666
-0.9126 3.4059 8.5666
-0.8826 3.4127 8.5666
-0.8569 3.4368 8.5666
-0.8250 3.4364 8.5666
-0.7945 3.4415 8.5666
-0.6099 2.7512 8.5666
-0.5499 2.5872 8.5666
-0.5271 2.5909 8.5666
-0.5037 2.5915 8.5666
-0.4796 2.5879 8.5666
-0.4555 2.5832 8.5666
-0.4262 2.5466 8.5666
-0.4014 2.5344 8.5666
-0.3787 2.5339 8.5666
-0.3571 2.5410 8.5666
-0.3366 2.5569 8.5666
-0.3557 2.8972 8.5666
-2.9780 2.5492 8.5666
-3.0489 2.6444 8.5666
-3.0535 2.7154 8.5666
-3.0572 2.9990 8.5666
-2.7670 3.0809 8.5666
-1.6811 2.6334 8.5666
-3.0295 3.3505 8.5666
-3.0288 3.4998 8.5666
-2.4702 3.2849 8.5666
-2.1905 3.2065 8.5666
-2.0490 3.1974 8.5666
-1.9342 3.2007 8.5666
-1.7877 3.1840 8.5666
-0.5845 2.5545 8.5666
-0.4104 2.5037 8.5666
-0.6001 2.6679 8.5666
-1.4251 3.2264 8.5666
-1.3636 3.2516 8.5666
-0.5347 2.7870 8.5666
-0.5337 2.8403 8.5666
-0.5321 2.8938 8.5666
-0.5290 2.9469 8.5666
-0.5534 3.0195 8.5666
-0.5523 3.0755 8.5666
-0.5513 3.1323 8.5666
-0.8151 3.3821 8.5666
-0.5217 3.2275 8.5666
-0.5205 3.2859 8.5666
-0.5488 3.3677 8.5666
-0.5492 3.4292 8.5666
-3.0053 2.6124 9.0175
-2.9546 2.6140 9.0175
-2.9206 2.6297 9.0175
-2.8946 2.6524 9.0175
-2.9181 2.7212 9.0175
-2.9341 2.7844 9.0175
-2.9363 2.8356 9.0175
-2.9250 2.8744 9.0175
-2.6729 2.6729 9.0175
-2.6032 2.6490 9.0175
-2.5529 2.6436 9.0175
-2.5056 2.6404 9.0175
-2.7191 2.9159 9.0175
-2.6747 2.9189 9.0175
-2.6297 2.9206 9.0175
-2.5809 2.9172 9.0175
-2.5370 2.9185 9.0175
-2.4835 2.9078 9.0175
-2.4387 2.9064 9.0175
-2.3885 2.8975 9.0175
-2.3480 2.8995 9.0175
-2.2983 2.8894 9.0175
-2.2570 2.8888 9.0175
-2.2104 2.8807 9.0175
-2.1768 2.8887 9.0175
-2.1366 2.8875 9.0175
-2.0896 2.8761 9.0175
-2.0522 2.8771 9.0175
-2.0155 2.8785 9.0175
-1.8187 2.6463 9.0175
-1.7704 2.6247 9.0175
-1.8970 2.8661 9.0175
-1.8610 2.8657 9.0175
-1.8274 2.8684 9.0175
-1.7826 2.8528 9.0175
-1.7441 2.8461 9.0175
-1.7120 2.8492 9.0175
-1.6805 2.8529 9.0175
-1.6400 2.8406 9.0175
-1.6014 2.8304 9.0175
-1.5645 2.8224 9.0175
-1.5350 2.8272 9.0175
-1.4995 2.8201 9.0175
-1.4656 2.8154 9.0175
-1.4332 2.8129 9.0175
-1.3988 2.8056 9.0175
-1.3668 2.8024 9.0175
-1.3380 2.8052 9.0175
-1.3080 2.8050 9.0175
-1.2764 2.8009 9.0175
-1.2450 2.7964 9.0175
-1.2162 2.7970 9.0175
-1.1870 2.7965 9.0175
-1.1534 2.7846 9.0175
-1.1268 2.7890 9.0175
-1.1002 2.7931 9.0175
-1.0694 2.7858 9.0175
-1.0436 2.7913 9.0175
-1.0103 2.7759 9.0175
-0.9817 2.7723 9.0175
-0.9559 2.7760 9.0175
-0.9297 2.7786 9.0175
-0.8980 2.7638 9.0175
-0.8702 2.7601 9.0175
-0.8467 2.7695 9.0175
-0.8174 2.7595 9.0175
-0.7883 2.7492 9.0175
-0.7325 2.6413 9.0175
-0.6967 2.6003 9.0175
-0.6730 2.6024 9.0175
-0.6469 2.5946 9.0175
-0.6245 2.6011 9.0175
-0.6008 2.6025 9.0175
-0.5720 2.5804 9.0175
-0.5491 2.5833 9.0175
-0.5271 2.5909 9.0175
-0.5026 2.5856 9.0175
-0.4791 2.5850 9.0175
-0.4485 2.5438 9.0175
-0.4233 2.5298 9.0175
-0.3998 2.5245 9.0175
-0.3791 2.5368 9.0175
-0.3573 2.5420 9.0175
-0.3374 2.5629 9.0175
-0.6284 5.1176 9.0175
-0.5830 5.1169 9.0175
-0.5420 5.1566 9.0175
-0.5158 5.3572 9.0175
-2.9771 2.5488 9.0175
-2.9331 2.6000 9.0175
-2.8916 2.6516 9.0175
-3.0341 2.7773 9.0175
-3.0260 2.9145 9.0175
-1.7736 2.5582 9.0175
-1.7157 2.5906 9.0175
-2.3499 2.9524 9.0175
-2.1612 2.9270 9.0175
-1.9959 2.9097 9.0175
-1.8250 2.8865 9.0175
-1.6808 2.8739 9.0175
-1.5636 2.8732 9.0175
-1.3802 2.8343 9.0175
-1.2547 2.8240 9.0175
-0.6432 2.5365 9.0175
-0.5421 2.5300 9.0175
-0.4070 2.5017 9.0175
-0.8041 2.7905 9.0175
-0.6074 2.7254 9.0175
-2.5787 4.6635 9.0175
-2.7471 4.9638 9.0175
-2.5679 4.9170 9.0175
-2.5910 5.0244 9.0175
-2.9452 5.3972 9.0175
-2.6605 2.8530 9.4684
-2.6843 3.8336 9.4684
-2.6774 3.8956 9.4684
-2.6388 3.9122 9.4684
-2.5831 3.9026 9.4684
-2.5288 3.8939 9.4684
-2.4786 3.8906 9.4684
-2.4307 3.8900 9.4684
-2.3784 3.8812 9.4684
-2.3331 3.8830 9.4684
-2.2854 3.8799 9.4684
-2.2405 3.8807 9.4684
-2.1967 3.8827 9.4684
-2.1477 3.8746 9.4684
-2.1024 3.8721 9.4684
-2.0605 3.8753 9.4684
-2.0225 3.8851 9.4684
-1.9862 3.8982 9.4684
-1.9414 3.8939 9.4684
-1.8911 3.8774 9.4684
-1.8417 3.8613 9.4684
-1.8004 3.8609 9.4684
-1.7624 3.8673 9.4684
-1.7441 3.9173 9.4684
-1.6915 3.8902 9.4684
-1.6430 3.8707 9.4684
-1.5969 3.8553 9.4684
-1.5621 3.8664 9.4684
-1.5466 3.9264 9.4684
-1.4883 3.8772 9.4684
-1.4418 3.8563 9.4684
-1.4050 3.8603 9.4684
-1.3666 3.8592 9.4684
-1.3312 3.8662 9.4684
-1.2902 3.8559 9.4684
-1.2580 3.8718 9.4684
-1.2173 3.8606 9.4684
-1.1844 3.8740 9.4684
-1.1392 3.8458 9.4684
-0.8101 2.8251 9.4684
-1.0748 3.8757 9.4684
-1.0361 3.8666 9.4684
-1.0010 3.8707 9.4684
-0.9718 3.8977 9.4684
-0.9277 3.8642 9.4684
-0.8895 3.8527 9.4684
-0.8865 3.9989 9.4684
-0.8198 3.8568 9.4684
-0.7831 3.8491 9.4684
-0.9914 5.1005 9.4684
-0.9458 5.1031 9.4684
-0.8997 5.1023 9.4684
-0.4790 2.8622 9.4684
-0.8080 5.1014 9.4684
-0.7636 5.1093 9.4684
-0.7197 5.1207 9.4684
-0.6748 5.1258 9.4684
-0.6306 5.1354 9.4684
-0.5834 5.1209 9.4684
-0.5426 5.1626 9.4684
-0.5196 5.3960 9.4684
-2.7060 2.8463 9.4684
-2.3833 3.5930 9.4684
-2.6705 3.8350 9.4684
-2.5245 3.8242 9.4684
-2.4047 3.8268 9.4684
-2.2575 3.8101 9.4684
-2.1371 3.8078 9.4684
-0.4645 2.8491 9.4684
-1.8366 3.9014 9.4684
-1.6491 3.8435 9.4684
-1.5861 3.8704 9.4684
-1.3976 3.8053 9.4684
-1.3023 3.8051 9.4684
-1.2058 3.8023 9.4684
-1.1089 3.7975 9.4684
-1.0441 3.8159 9.4684
-0.9464 3.8073 9.4684
-0.8151 3.7696 9.4684
-0.8160 3.8381 9.4684
-2.5555 4.1703 9.9192
-2.5515 4.2464 9.9192
-2.8143 5.1833 9.9192
-2.7098 5.0964 9.9192
-2.2621 4.3455 9.9192
-2.1855 4.2893 9.9192
-2.5219 5.0582 9.9192
-2.4816 5.0881 9.9192
-2.4281 5.0906 9.9192
-2.3671 5.0762 9.9192
-2.3418 5.1386 9.9192
-2.3164 5.2026 9.9192
-2.2888 5.2639 9.9192
-2.2326 5.2598 9.9192
-2.1338 5.1516 9.9192
-2.0622 5.1041 9.9192
-1.9461 4.9405 9.9192
-1.8603 4.8462 9.9192
-1.8680 4.9962 9.9192
-1.5770 4.7132 9.9192
-1.4987 4.6126 9.9192
-1.5733 4.9898 9.9192
-1.6537 5.4089 9.9192
-1.5513 5.2371 9.9192
-1.4146 4.9332 9.9192
-1.4698 5.3000 9.9192
-1.3717 5.1194 9.9192
-1.2824 4.9589 9.9192
-1.2764 5.1193 9.9192
-1.2814 5.3373 9.9192
-1.1413 5.1480 9.9192
-1.0928 5.1411 9.9192
-1.0437 5.1299 9.9192
-0.9960 5.1241 9.9192
-0.9484 5.1169 9.9192
-0.9021 5.1161 9.9192
-0.8551 5.1099 9.9192
-0.8091 5.1083 9.9192
-0.7657 5.1231 9.9192
-0.7206 5.1276 9.9192
-0.6761 5.1357 9.9192
-0.6312 5.1404 9.9192
-0.5859 5.1427 9.9192
-0.5432 5.1685 9.9192
-0.5215 5.4160 9.9192
-2.6433 4.0512 9.9192
-2.5883 4.0953 9.9192
-2.3720 4.0341 9.9192
-2.3124 4.0722 9.9192
-2.2219 4.0888 9.9192
-2.1605 4.1240 9.9192
-2.7004 5.0186 9.9192
-2.5933 5.0263 9.9192
-2.4616 5.0125 9.9192
-2.3880 5.0434 9.9192
-2.7968 5.6684 9.9192
-1.4762 4.6213 9.9192
-1.6532 5.1225 9.9192
-1.4436 5.0140 9.9192
-1.3802 5.0411 9.9192
-1.1920 4.9449 9.9192
-1.2073 5.0473 9.9192
-1.0733 5.0879 9.9192
-0.9688 5.0675 9.9192
-0.8992 5.0822 9.9192
-0.8256 5.0916 9.9192
-0.7529 5.1009 9.9192
-0.6850 5.1146 9.9192
-0.6166 5.1267 9.9192
-2.7966 5.1507 10.3701
-2.7140 5.1043 10.3701
-2.6574 5.1047 10.3701
-2.5959 5.0948 10.3701
-2.5411 5.0967 10.3701
-2.4869 5.0989 10.3701
-2.4320 5.0987 10.3701
-2.3726 5.0880 10.3701
-2.3426 5.1404 10.3701
-2.3062 5.1798 10.3701
-2.0611 4.7403 10.3701
-1.9888 4.6854 10.3701
-2.1159 5.1081 10.3701
-2.0247 5.0114 10.3701
-2.0125 5.1089 10.3701
-1.9639 5.1160 10.3701
-1.9104 5.1095 10.3701
-1.8585 5.1063 10.3701
-1.8056 5.0987 10.3701
-1.7418 5.0585 10.3701
-1.7074 5.1029 10.3701
-1.6579 5.1024 10.3701
-1.5949 5.0585 10.3701
-1.5572 5.0933 10.3701
-1.5098 5.0971 10.3701
-1.4612 5.0956 10.3701
-1.4145 5.1005 10.3701
-1.3663 5.0991 10.3701
-1.2366 4.7817 10.3701
-1.2643 5.0708 10.3701
-1.2235 5.0962 10.3701
-1.1765 5.0960 10.3701
-1.1307 5.1002 10.3701
-1.0851 5.1050 10.3701
-1.0365 5.0946 10.3701
-0.9899 5.0927 10.3701
-0.9447 5.0972 10.3701
-0.8986 5.0964 10.3701
-0.8530 5.0971 10.3701
-0.8055 5.0856 10.3701
-0.7602 5.0865 10.3701
-0.7149 5.0870 10.3701
-0.6709 5.0960 10.3701
-0.6248 5.0888 10.3701
-0.5804 5.0940 10.3701
-0.5451 5.1864 10.3701
-2.7004 5.0186 10.3701
-2.5988 5.0306 10.3701
-2.4968 5.0405 10.3701
-2.3943 5.0484 10.3701
-2.3407 5.0950 10.3701
-2.2003 5.0684 10.3701
-1.8265 4.8397 10.3701
-1.9630 5.0444 10.3701
-1.8191 5.0068 10.3701
-1.6829 5.0608 10.3701
-1.1844 4.6853 10.3701
-1.2993 4.8770 10.3701
-1.2299 4.8960 10.3701
-1.3125 5.0634 10.3701
-1.2406 5.0806 10.3701
-1.0372 5.0505 10.3701
-0.8938 5.0763 10.3701
-0.7966 5.0599 10.3701
-0.7221 5.0668 10.3701
-0.6493 5.0742 10.3701
-0.5818 5.0867 10.3701
-2.7895 2.7895 10.8210
-2.7349 2.7831 10.8210
-2.6751 2.7702 10.8210
-2.6185 2.7593 10.8210
-2.5800 2.7667 10.8210
-2.5301 2.7611 10.8210
-2.4825 2.7571 10.8210
-2.4424 2.7607 10.8210
-2.3979 2.7585 10.8210
-2.3530 2.7550 10.8210
-2.3083 2.7509 10.8210
-2.2784 2.7640 10.8210
-2.2410 2.7674 10.8210
-2.1975 2.7626 10.8210
-2.1542 2.7572 10.8210
-2.1228 2.7664 10.8210
-2.0835 2.7649 10.8210
-2.0444 2.7629 10.8210
-2.0061 2.7612 10.8210
-1.9668 2.7574 10.8210
-1.9364 2.7655 10.8210
-1.8907 2.7509 10.8210
-1.8520 2.7458 10.8210
-1.8170 2.7452 10.8210
-1.7859 2.7500 10.8210
-1.7554 2.7554 10.8210
-1.7116 2.7392 10.8210
-1.6840 2.7481 10.8210
-1.6492 2.7446 10.8210
-1.6196 2.7495 10.8210
-1.5820 2.7401 10.8210
-1.5497 2.7390 10.8210
-1.5218 2.7454 10.8210
-1.4930 2.7498 10.8210
-1.4577 2.7416 10.8210
-1.4282 2.7435 10.8210
-1.4015 2.7505 10.8210
-1.3698 2.7474 10.8210
-1.3375 2.7422 10.8210
-1.3100 2.7466 10.8210
-1.2831 2.7516 10.8210
-1.2495 2.7417 10.8210
-1.2186 2.7370 10.8210
-1.1903 2.7374 10.8210
-1.1624 2.7385 10.8210
-1.1335 2.7365 10.8210
-1.1058 2.7370 10.8210
-1.0808 2.7438 10.8210
-1.0561 2.7513 10.8210
-1.0244 2.7398 10.8210
-0.9956 2.7354 10.8210
-0.9674 2.7318 10.8210
-0.9438 2.7411 10.8210
-0.9167 2.7397 10.8210
-0.8912 2.7428 10.8210
-0.8624 2.7353 10.8210
-0.8397 2.7465 10.8210
-0.8168 2.7576 10.8210
-0.7850 2.7377 10.8210
-0.7600 2.7406 10.8210
-0.7374 2.7519 10.8210
-0.7156 2.7670 10.8210
-0.6958 2.7906 10.8210
-0.6758 2.8150 10.8210
-0.6614 2.8646 10.8210
-0.6365 2.8713 10.8210
-0.6148 2.8924 10.8210
-0.6041 2.9692 10.8210
-0.5959 3.0656 10.8210
-0.5837 3.1494 10.8210
-0.5737 3.2538 10.8210
-0.5612 3.3534 10.8210
-0.5481 3.4609 10.8210
-0.5354 3.5822 10.8210
-0.5233 3.7234 10.8210
-0.5131 3.8974 10.8210
-0.4994 4.0675 10.8210
-0.4916 4.3151 10.8210
-0.4815 4.5808 10.8210
-0.4760 4.9431 10.8210
-2.6549 2.6903 10.8210
-2.4820 2.6835 10.8210
-2.3291 2.6824 10.8210
-2.1976 2.6881 10.8210
-2.0638 2.6905 10.8210
-1.9268 2.6891 10.8210
-1.7840 2.6825 10.8210
-1.6660 2.6855 10.8210
-1.5162 2.6705 10.8210
-1.4267 2.6835 10.8210
-1.3339 2.6934 10.8210
-1.2078 2.6840 10.8210
-1.1086 2.6869 10.8210
-1.0089 2.6878 10.8210
-0.9087 2.6867 10.8210
-0.8435 2.7040 10.8210
-0.7818 2.7224 10.8210
-3.0079 4.1146 10.8210
-2.9873 4.3494 10.8210
-3.0045 4.5303 10.8210
-2.9958 4.7865 10.8210
-2.9645 5.3162 10.8210
-2.9992 5.4402 10.8210
-2.7924 2.7924 11.2719
-2.7455 2.7938 11.2719
-2.6911 2.7867 11.2719
-2.6392 2.7811 11.2719
-2.5861 2.7733 11.2719
-2.5375 2.7692 11.2719
-2.4898 2.7652 11.2719
-2.4424 2.7607 11.2719
-2.4025 2.7637 11.2719
-2.3620 2.7656 11.2719
-2.3237 2.7693 11.2719
-2.2861 2.7732 11.2719
-2.2460 2.7736 11.2719
-2.2099 2.7783 11.2719
-2.1727 2.7809 11.2719
-2.1301 2.7759 11.2719
-2.0901 2.7737 11.2719
-2.0509 2.7717 11.2719
-2.0185 2.7782 11.2719
-1.9726 2.7656 11.2719
-1.9433 2.7753 11.2719
-1.9031 2.7691 11.2719
-1.8677 2.7690 11.2719
-1.8291 2.7635 11.2719
-1.7924 2.7601 11.2719
-1.7602 2.7630 11.2719
-1.7297 2.7680 11.2719
-1.6924 2.7617 11.2719
-1.6579 2.7592 11.2719
-1.6251 2.7589 11.2719
-1.5935 2.7600 11.2719
-1.5610 2.7590 11.2719
-1.5286 2.7577 11.2719
-1.4983 2.7595 11.2719
-1.4685 2.7619 11.2719
-1.4388 2.7639 11.2719
-1.4042 2.7559 11.2719
-1.3774 2.7627 11.2719
-1.3449 2.7575 11.2719
-1.3161 2.7592 11.2719
-1.2877 2.7615 11.2719
-1.2540 2.7517 11.2719
-1.2243 2.7498 11.2719
-1.1966 2.7521 11.2719
-1.1675 2.7505 11.2719
-1.1381 2.7476 11.2719
-1.1126 2.7537 11.2719
-1.0815 2.7457 11.2719
-1.0540 2.7457 11.2719
-1.0296 2.7538 11.2719
-1.0031 2.7561 11.2719
-0.9734 2.7487 11.2719
-0.9490 2.7562 11.2719
-0.9215 2.7539 11.2719
-0.8965 2.7590 11.2719
-0.8684 2.7543 11.2719
-0.8385 2.7427 11.2719
-0.8160 2.7547 11.2719
-0.7925 2.7636 11.2719
-0.7648 2.7579 11.2719
-0.7400 2.7616 11.2719
-0.7153 2.7660 11.2719
-0.6938 2.7828 11.2719
-0.6744 2.8092 11.2719
-0.6537 2.8315 11.2719
-0.6404 2.8889 11.2719
-0.6175 2.9051 11.2719
-0.6063 2.9800 11.2719
-0.5948 3.0597 11.2719
-0.5846 3.1543 11.2719
-0.5779 3.2774 11.2719
-0.5658 3.3810 11.2719
-0.5558 3.5093 11.2719
-0.5431 3.6336 11.2719
-0.5358 3.8125 11.2719
-0.5100 3.8736 11.2719
-0.4966 4.0446 11.2719
-0.4924 4.3220 11.2719
-0.4868 4.6315 11.2719
-0.5055 5.2497 11.2719
-0.4858 5.5528 11.2719
-2.6789 2.7002 11.2719
-2.5069 2.6941 11.2719
-2.3547 2.6935 11.2719
-2.2232 2.6995 11.2719
-2.0902 2.7026 11.2719
-1.9531 2.7014 11.2719
-1.8111 2.6954 11.2719
-1.6948 2.6995 11.2719
-1.5761 2.7004 11.2719
-1.4544 2.6976 11.2719
-1.3632 2.7086 11.2719
-1.2034 2.6816 11.2719
-1.1051 2.6850 11.2719
-1.0054 2.6858 11.2719
-0.9069 2.6857 11.2719
-0.8383 2.7010 11.2719
-0.7757 2.7189 11.2719
-2.9976 4.1085 11.2719
-3.0182 4.2855 11.2719
-3.0162 4.5380 11.2719
-2.9885 4.7813 11.2719
-2.9320 5.4839 11.2719
-2.8171 2.8171 11.7227
-2.7644 2.8131 11.7227
-2.7085 2.8047 11.7227
-2.6681 2.8116 11.7227
-2.6155 2.8047 11.7227
-2.5591 2.7928 11.7227
-2.5166 2.7950 11.7227
-2.4749 2.7973 11.7227
-2.4294 2.7947 11.7227
-2.3802 2.7869 11.7227
-2.3359 2.7838 11.7227
-2.2988 2.7887 11.7227
-2.2712 2.8047 11.7227
-2.2348 2.8096 11.7227
-2.1850 2.7967 11.7227
-2.1361 2.7839 11.7227
-2.0841 2.7657 11.7227
-2.0509 2.7717 11.7227
-2.0085 2.7644 11.7227
-1.9738 2.7672 11.7227
-1.9421 2.7736 11.7227
-1.8980 2.7616 11.7227
-1.8666 2.7673 11.7227
-1.8324 2.7685 11.7227
-1.7989 2.7701 11.7227
-1.7554 2.7554 11.7227
-1.7270 2.7638 11.7227
-1.6882 2.7549 11.7227
-1.6492 2.7446 11.7227
-1.6287 2.7650 11.7227
-1.5925 2.7583 11.7227
-1.5610 2.7590 11.7227
-1.5208 2.7437 11.7227
-1.4906 2.7454 11.7227
-1.4619 2.7495 11.7227
-1.4351 2.7568 11.7227
-1.4096 2.7666 11.7227
-1.3854 2.7788 11.7227
-1.3611 2.7908 11.7227
-1.3354 2.7998 11.7227
-1.3059 2.8005 11.7227
-1.2744 2.7963 11.7227
-1.2349 2.7735 11.7227
-1.2066 2.7750 11.7227
-1.1781 2.7753 11.7227
-1.1503 2.7772 11.7227
-1.1204 2.7732 11.7227
-1.0962 2.7829 11.7227
-1.0669 2.7793 11.7227
-1.0380 2.7763 11.7227
-1.0100 2.7749 11.7227
-0.9821 2.7733 11.7227
-0.9575 2.7808 11.7227
-0.9294 2.7776 11.7227
-0.9020 2.7761 11.7227
-0.8760 2.7782 11.7227
-0.8496 2.7790 11.7227
-0.8222 2.7758 11.7227
-0.8002 2.7905 11.7227
-0.7721 2.7839 11.7227
-0.7451 2.7809 11.7227
-0.7213 2.7892 11.7227
-0.6975 2.7974 11.7227
-0.6772 2.8208 11.7227
-0.6571 2.8461 11.7227
-0.6368 2.8723 11.7227
-0.6219 2.9256 11.7227
-0.6105 3.0005 11.7227
-0.5978 3.0754 11.7227
-0.5786 3.1218 11.7227
-0.5531 3.1366 11.7227
-0.5344 3.1936 11.7227
-0.5094 3.2159 11.7227
-0.4813 3.2202 11.7227
-0.4544 3.2332 11.7227
-0.4276 3.2480 11.7227
-0.4027 3.2794 11.7227
-0.4795 4.2088 11.7227
-0.4903 4.6653 11.7227
-0.4741 4.9242 11.7227
-2.7519 2.7304 11.7227
-2.5814 2.7257 11.7227
-2.4052 2.7155 11.7227
-2.3018 2.7345 11.7227
-2.0893 2.7021 11.7227
-1.9803 2.7141 11.7227
-1.8391 2.7088 11.7227
-1.6930 2.6986 11.7227
-1.5744 2.6995 11.7227
-1.4526 2.6967 11.7227
-1.3898 2.7225 11.7227
-1.2652 2.7145 11.7227
-1.1359 2.7017 11.7227
-1.0754 2.7246 11.7227
-0.9383 2.7034 11.7227
-0.8729 2.7210 11.7227
-0.8059 2.7366 11.7227
-0.7416 2.7529 11.7227
-3.0029 4.2759 11.7227
-2.9904 4.6072 11.7227
-2.9975 4.7876 11.7227
-2.9032 5.5587 11.7227
-2.9343 5.8888 11.7227
-2.8359 2.8858 12.1736
-2.7842 2.8831 12.1736
-2.7238 2.8703 12.1736
-2.6768 2.8706 12.1736
-2.6280 2.8680 12.1736
-2.5802 2.8656 12.1736
-2.5259 2.8550 12.1736
-2.4858 2.8596 12.1736
-2.4432 2.8606 12.1736
-2.3950 2.8543 12.1736
-2.3535 2.8550 12.1736
-2.3058 2.8475 12.1736
-2.2753 2.8604 12.1736
-2.2342 2.8597 12.1736
-2.2007 2.8680 12.1736
-2.1665 2.8751 12.1736
-2.1318 2.8810 12.1736
-2.0990 2.8890 12.1736
-2.0592 2.8869 12.1736
-2.0196 2.8842 12.1736
-1.9887 2.8935 12.1736
-1.9382 2.8734 12.1736
-1.9064 2.8802 12.1736
-1.8730 2.8842 12.1736
-1.8343 2.8793 12.1736
-1.8007 2.8817 12.1736
-1.7660 2.8819 12.1736
-1.7341 2.8861 12.1736
-1.6957 2.8787 12.1736
-1.6585 2.8726 12.1736
-1.6284 2.8783 12.1736
-1.5911 2.8705 12.1736
-1.5608 2.8746 12.1736
-1.5253 2.8687 12.1736
-1.4938 2.8695 12.1736
-1.4628 2.8708 12.1736
-1.4318 2.8718 12.1736
-1.3997 2.8698 12.1736
-1.3626 2.8567 12.1736
-1.3300 2.8522 12.1736
-1.2996 2.8518 12.1736
-1.2666 2.8448 12.1736
-1.2369 2.8447 12.1736
-1.2074 2.8444 12.1736
-1.1779 2.8437 12.1736
-1.1489 2.8437 12.1736
-1.1193 2.8415 12.1736
-1.0909 2.8418 12.1736
-1.0653 2.8494 12.1736
-1.0363 2.8473 12.1736
-1.0071 2.8439 12.1736
-0.9787 2.8422 12.1736
-0.9535 2.8497 12.1736
-0.9252 2.8475 12.1736
-0.9006 2.8564 12.1736
-0.8721 2.8527 12.1736
-0.8466 2.8582 12.1736
-0.8186 2.8549 12.1736
-0.7924 2.8572 12.1736
-0.7664 2.8601 12.1736
-0.7409 2.8647 12.1736
-0.7158 2.8711 12.1736
-0.6922 2.8831 12.1736
-0.6699 2.9017 12.1736
-0.6508 2.9357 12.1736
-0.6304 2.9657 12.1736
-0.6166 3.0309 12.1736
-0.6039 3.1069 12.1736
-0.5819 3.1395 12.1736
-0.5520 3.1307 12.1736
-0.5237 3.1295 12.1736
-0.4975 3.1408 12.1736
-0.4715 3.1550 12.1736
-0.4423 3.1471 12.1736
-0.4169 3.1667 12.1736
-0.3950 3.2168 12.1736
-0.3698 3.2460 12.1736
-0.3425 3.2590 12.1736
-0.3185 3.3077 12.1736
-0.2967 3.3910 12.1736
-0.2774 3.5251 12.1736
-0.2577 3.6850 12.1736
-2.7048 2.7781 12.1736
-2.5565 2.7813 12.1736
-2.4041 2.7800 12.1736
-2.2731 2.7859 12.1736
-2.1652 2.8003 12.1736
-2.0557 2.8121 12.1736
-1.9159 2.8073 12.1736
-1.8026 2.8133 12.1736
-1.6869 2.8161 12.1736
-1.5672 2.8148 12.1736
-1.4471 2.8112 12.1736
-1.2598 2.7690 12.1736
-1.1646 2.7741 12.1736
-1.0653 2.7753 12.1736
-1.0071 2.7985 12.1736
-0.9033 2.7940 12.1736
-0.7990 2.7874 12.1736
-2.7417 4.1127 12.1736
-2.6764 4.4786 12.1736
-2.5585 3.2165 12.6245
-2.5039 3.2048 12.6245
-2.4557 3.2004 12.6245
-2.4127 3.2017 12.6245
-2.3727 3.2066 12.6245
-2.3382 3.2183 12.6245
-2.3042 3.2304 12.6245
-2.4337 3.4757 12.6245
-2.3948 3.4844 12.6245
-2.3620 3.5019 12.6245
-2.3231 3.5098 12.6245
-2.3191 3.5711 12.6245
-2.3007 3.6114 12.6245
-2.2771 3.6441 12.6245
-2.2723 3.7081 12.6245
-2.2069 3.6730 12.6245
-2.1743 3.6912 12.6245
-2.1625 3.7456 12.6245
-2.1100 3.7295 12.6245
-2.0527 3.7031 12.6245
-2.0651 3.8035 12.6245
-2.0333 3.8240 12.6245
-2.0026 3.8470 12.6245
-1.9631 3.8527 12.6245
-1.9320 3.8751 12.6245
-1.8977 3.8909 12.6245
-1.8589 3.8974 12.6245
-1.8194 3.9017 12.6245
-1.7765 3.8983 12.6245
-1.7408 3.9100 12.6245
-1.7350 3.9901 12.6245
-1.7009 4.0070 12.6245
-1.6570 4.0004 12.6245
-1.6149 3.9971 12.6245
-1.5774 4.0045 12.6245
-1.5173 3.9528 12.6245
-1.4880 3.9799 12.6245
-1.4399 3.9561 12.6245
-1.3826 3.9044 12.6245
-1.3306 3.8643 12.6245
-1.2699 3.7952 12.6245
-1.2083 3.7186 12.6245
-1.2091 3.8349 12.6245
-1.1935 3.9036 12.6245
-1.1525 3.8909 12.6245
-1.1240 3.9200 12.6245
-1.0845 3.9104 12.6245
-0.8893 3.3189 12.6245
-0.8420 3.2559 12.6245
-0.8175 3.2786 12.6245
-0.7925 3.3012 12.6245
-0.7626 3.3031 12.6245
-0.7339 3.3106 12.6245
-0.7456 3.5076 12.6245
-0.8429 4.1431 12.6245
-0.8241 4.2396 12.6245
-0.7304 3.9409 12.6245
-0.7033 3.9885 12.6245
-0.6942 4.1483 12.6245
-0.6597 4.1651 12.6245
-0.6376 4.2666 12.6245
-0.6274 4.4641 12.6245
-0.6432 4.8858 12.6245
-0.6363 5.1821 12.6245
-0.5987 5.2550 12.6245
-0.5879 5.5932 12.6245
-2.4835 3.0162 12.6245
-2.4309 3.0585 12.6245
-2.3252 3.0739 12.6245
-2.2162 3.0858 12.6245
-2.0764 3.0799 12.6245
-1.9627 3.0854 12.6245
-1.8776 3.1044 12.6245
-1.7602 3.1042 12.6245
-1.6415 3.1013 12.6245
-1.5510 3.1125 12.6245
-1.4590 3.1214 12.6245
-1.3656 3.1278 12.6245
-1.2392 3.1125 12.6245
-1.1448 3.1149 12.6245
-1.0466 3.1131 12.6245
-0.9490 3.1698 12.6245
-0.8193 3.2625 12.6245
-2.9546 4.8465 12.6245
-2.9526 5.0263 12.6245
-3.0011 5.1551 12.6245
-2.9572 5.6032 12.6245
