-2.9252 4.1777 0.0000
-2.8060 4.0827 0.0000
-2.7663 4.1012 0.0000
-2.7106 4.0952 0.0000
-2.6617 4.0986 0.0000
-2.6161 4.1065 0.0000
-2.5977 4.1571 0.0000
-2.5885 4.2240 0.0000
-2.5335 4.2164 0.0000
-2.4930 4.2323 0.0000
-2.4840 4.3024 0.0000
-2.4124 4.2639 0.0000
-2.3504 4.2402 0.0000
-2.3939 4.4090 0.0000
-2.3394 4.3997 0.0000
-2.2441 4.3109 0.0000
-2.1674 4.2537 0.0000
-2.0931 4.1981 0.0000
-2.0345 4.1713 0.0000
-2.0139 4.2223 0.0000
-1.9732 4.2316 0.0000
-1.9213 4.2159 0.0000
-1.8527 4.1612 0.0000
-1.8019 4.1442 0.0000
-1.7634 4.1542 0.0000
-1.7213 4.1556 0.0000
-1.6764 4.1491 0.0000
-1.6335 4.1469 0.0000
-1.5851 4.1292 0.0000
-1.5462 4.1354 0.0000
-1.5928 4.3761 0.0000
-1.5248 4.3060 0.0000
-1.4442 4.1943 0.0000
-1.4038 4.1954 0.0000
-1.3847 4.2617 0.0000
-1.3808 4.3795 0.0000
-1.3429 4.3923 0.0000
-1.3002 4.3895 0.0000
-1.2580 4.3872 0.0000
-1.2175 4.3903 0.0000
-1.1766 4.3911 0.0000
-1.1340 4.3847 0.0000
-1.0928 4.3828 0.0000
-1.0510 4.3776 0.0000
-1.0123 4.3847 0.0000
-0.9720 4.3845 0.0000
-0.9279 4.3655 0.0000
-0.8551 4.2029 0.0000
-0.7705 3.9638 0.0000
-0.7359 3.9704 0.0000
-0.6996 3.9678 0.0000
-0.6656 3.9777 0.0000
-0.6287 3.9695 0.0000
-0.5927 3.9660 0.0000
-0.5763 4.1007 0.0000
-0.5408 4.1076 0.0000
-0.5061 4.1220 0.0000
-0.4721 4.1432 0.0000
-0.4343 4.1322 0.0000
-0.4249 4.4126 0.0000
-2.7799 3.9776 0.0000
-2.6588 3.9825 0.0000
-2.8681 4.1917 0.0000
-2.4517 4.0083 0.0000
-2.5509 4.2300 0.0000
-2.1937 4.0698 0.0000
-2.0978 4.0810 0.0000
-1.8769 4.0030 0.0000
-1.7538 3.9900 0.0000
-1.6265 3.9717 0.0000
-1.5340 4.0496 0.0000
-1.4707 4.0750 0.0000
-1.3459 4.1995 0.0000
-0.7828 3.8107 0.0000
-0.6835 3.7957 0.0000
-0.6175 3.8071 0.0000
-0.8528 4.0794 0.0000
-0.5182 3.8558 0.0000
-0.8916 4.2604 0.0000
-3.0513 2.6524 0.4452
-3.0400 2.6896 0.4452
-2.8442 2.6523 0.4452
-2.8464 2.7011 0.4452
-2.7910 2.6953 0.4452
-2.7474 2.6999 0.4452
-2.7068 2.7068 0.4452
-2.6607 2.7075 0.4452
-2.6189 2.7119 0.4452
-2.5772 2.7158 0.4452
-2.5384 2.7221 0.4452
-2.5010 2.7294 0.4452
-2.4698 2.7429 0.4452
-2.4365 2.7539 0.4452
-2.4045 2.7660 0.4452
-2.3744 2.7800 0.4452
-2.3577 2.8099 0.4452
-2.3700 2.8751 0.4452
-2.3304 2.8778 0.4452
-2.3176 2.9137 0.4452
-2.2687 2.9038 0.4452
-2.1581 2.8124 0.4452
-2.1190 2.8120 0.4452
-2.0825 2.8143 0.4452
-2.0473 2.8178 0.4452
-2.0023 2.8071 0.4452
-1.9605 2.7999 0.4452
-1.9320 2.8111 0.4452
-1.8923 2.8055 0.4452
-1.8506 2.7960 0.4452
-1.8120 2.7903 0.4452
-1.7779 2.7908 0.4452
-1.7509 2.8020 0.4452
-1.7107 2.7915 0.4452
-1.6754 2.7884 0.4452
-1.6444 2.7917 0.4452
-1.6120 2.7921 0.4452
-1.5822 2.7965 0.4452
-1.5456 2.7883 0.4452
-1.5088 2.7788 0.4452
-1.4793 2.7822 0.4452
-1.4439 2.7737 0.4452
-1.4119 2.7710 0.4452
-1.3779 2.7636 0.4452
-1.3467 2.7611 0.4452
-1.3100 2.7466 0.4452
-1.2772 2.7389 0.4452
-1.2511 2.7454 0.4452
-1.2275 2.7571 0.4452
-1.2018 2.7640 0.4452
-1.1781 2.7753 0.4452
-1.1549 2.7883 0.4452
-1.1249 2.7843 0.4452
-1.0896 2.7661 0.4452
-1.0568 2.7531 0.4452
-1.0170 2.7201 0.4452
-0.9809 2.6950 0.4452
-0.9413 2.6582 0.4452
-0.9132 2.6522 0.4452
-0.8850 2.6449 0.4452
-0.8615 2.6515 0.4452
-0.8321 2.6389 0.4452
-0.8061 2.6365 0.4452
-0.7822 2.6406 0.4452
-0.7594 2.6483 0.4452
-0.7309 2.6355 0.4452
-0.7061 2.6350 0.4452
-0.6805 2.6314 0.4452
-0.6585 2.6411 0.4452
-0.6324 2.6342 0.4452
-0.6067 2.6279 0.4452
-0.5794 2.6135 0.4452
-0.5570 2.6205 0.4452
-0.5293 2.6017 0.4452
-0.5072 2.6092 0.4452
-0.4902 2.6450 0.4452
-0.4742 2.6895 0.4452
-0.4704 2.8109 0.4452
-0.4748 2.9976 0.4452
-0.4551 3.0452 0.4452
-0.4533 3.2253 0.4452
-0.4477 3.4007 0.4452
-0.4406 3.5881 0.4452
-0.4440 4.2247 0.4452
-0.4315 4.4813 0.4452
-3.0914 2.5915 0.4452
-2.8883 2.5828 0.4452
-2.7501 2.5959 0.4452
-2.5826 2.5949 0.4452
-2.4599 2.6095 0.4452
-2.3835 2.6417 0.4452
-2.2529 2.6493 0.4452
-2.0944 2.6422 0.4452
-1.9019 2.6167 0.4452
-1.7610 2.6118 0.4452
-1.6188 2.6037 0.4452
-1.4377 2.5741 0.4452
-1.2808 2.5531 0.4452
-1.1862 2.5610 0.4452
-0.9924 2.5156 0.4452
-0.8573 2.4976 0.4452
-0.7518 2.4932 0.4452
-0.6897 2.5108 0.4452
-0.5509 2.4843 0.4452
-2.9781 4.0162 0.4452
-2.9914 4.1863 0.4452
-2.9910 4.4361 0.4452
-2.9755 2.5413 0.8904
-2.9011 2.5219 0.8904
-2.8438 2.5160 0.8904
-2.7786 2.5019 0.8904
-2.7250 2.4970 0.8904
-2.6731 2.4927 0.8904
-2.6179 2.4843 0.8904
-2.5673 2.4792 0.8904
-2.5178 2.4742 0.8904
-2.4763 2.4763 0.8904
-2.4258 2.4686 0.8904
-2.3757 2.4601 0.8904
-2.3321 2.4576 0.8904
-2.2915 2.4573 0.8904
-2.2430 2.4478 0.8904
-2.1968 2.4397 0.8904
-2.1601 2.4416 0.8904
-2.1237 2.4430 0.8904
-2.0730 2.4272 0.8904
-2.0357 2.4261 0.8904
-1.9922 2.4167 0.8904
-1.9629 2.4239 0.8904
-1.9186 2.4120 0.8904
-1.8821 2.4089 0.8904
-1.8452 2.4047 0.8904
-1.8175 2.4119 0.8904
-1.7755 2.3995 0.8904
-1.7428 2.3987 0.8904
-1.7131 2.4016 0.8904
-1.6834 2.4042 0.8904
-1.6556 2.4089 0.8904
-1.6217 2.4042 0.8904
-1.5879 2.3991 0.8904
-1.5631 2.4070 0.8904
-1.5329 2.4062 0.8904
-1.5023 2.4042 0.8904
-1.4734 2.4044 0.8904
-1.4498 2.4129 0.8904
-1.4226 2.4151 0.8904
-1.3910 2.4093 0.8904
-1.3616 2.4065 0.8904
-1.3357 2.4096 0.8904
-1.3098 2.4124 0.8904
-1.2892 2.4246 0.8904
-1.2597 2.4198 0.8904
-1.2335 2.4209 0.8904
-1.2087 2.4244 0.8904
-1.1832 2.4258 0.8904
-1.1589 2.4298 0.8904
-1.1360 2.4362 0.8904
-1.1110 2.4378 0.8904
-1.0864 2.4401 0.8904
-1.0599 2.4375 0.8904
-1.0378 2.4449 0.8904
-1.0130 2.4455 0.8904
-0.9893 2.4487 0.8904
-0.9643 2.4479 0.8904
-0.9454 2.4628 0.8904
-0.9175 2.4541 0.8904
-0.8964 2.4629 0.8904
-0.8726 2.4641 0.8904
-0.8501 2.4687 0.8904
-0.8291 2.4780 0.8904
-0.8056 2.4794 0.8904
-0.7800 2.4739 0.8904
-0.7596 2.4845 0.8904
-0.7356 2.4833 0.8904
-0.7128 2.4858 0.8904
-0.6908 2.4910 0.8904
-0.6722 2.5085 0.8904
-0.6465 2.4998 0.8904
-0.6244 2.5043 0.8904
-0.6009 2.5029 0.8904
-0.5808 2.5158 0.8904
-0.5586 2.5198 0.8904
-0.5347 2.5158 0.8904
-0.5128 2.5204 0.8904
-0.4919 2.5306 0.8904
-0.4667 2.5181 0.8904
-0.4475 2.5378 0.8904
-0.4364 2.6077 0.8904
-0.4577 2.8900 0.8904
-0.4601 3.0788 0.8904
-0.4647 3.3065 0.8904
-0.4571 3.4720 0.8904
-0.4476 3.6456 0.8904
-0.4521 3.9683 0.8904
-0.4471 4.2536 0.8904
-0.4346 4.5131 0.8904
-0.4767 5.4482 0.8904
-2.9089 2.4564 0.8904
-2.6371 2.4217 0.8904
-2.3758 2.3860 0.8904
-2.1751 2.3694 0.8904
-1.9920 2.3563 0.8904
-1.8262 2.3470 0.8904
-1.7097 2.3557 0.8904
-1.5917 2.3618 0.8904
-1.4640 2.3615 0.8904
-1.3704 2.3745 0.8904
-1.2770 2.3861 0.8904
-1.1784 2.3936 0.8904
-1.0755 2.3975 0.8904
-0.9694 2.3979 0.8904
-0.9028 2.4166 0.8904
-0.8381 2.4353 0.8904
-0.7266 2.4281 0.8904
-0.6534 2.4397 0.8904
-0.5838 2.4522 0.8904
-0.5144 2.4636 0.8904
-3.0016 3.9500 0.8904
-2.9862 4.1831 0.8904
-2.9885 4.4345 0.8904
-3.0129 4.5358 0.8904
-2.9219 5.2830 0.8904
-2.9225 5.5746 0.8904
-2.9671 2.5341 1.3356
-2.9071 2.5271 1.3356
-2.8580 2.5286 1.3356
-2.8076 2.5280 1.3356
-2.7493 2.5193 1.3356
-2.6965 2.5145 1.3356
-2.6433 2.5084 1.3356
-2.5918 2.5029 1.3356
-2.5463 2.5022 1.3356
-2.4954 2.4954 1.3356
-2.4434 2.4864 1.3356
-2.4035 2.4889 1.3356
-2.3583 2.4851 1.3356
-2.3133 2.4808 1.3356
-2.2612 2.4677 1.3356
-2.2242 2.4702 1.3356
-2.1760 2.4596 1.3356
-2.1348 2.4558 1.3356
-2.0893 2.4462 1.3356
-2.0524 2.4460 1.3356
-2.0094 2.4376 1.3356
-1.9742 2.4379 1.3356
-1.9304 2.4269 1.3356
-1.9024 2.4350 1.3356
-1.8579 2.4213 1.3356
-1.8223 2.4183 1.3356
-1.7821 2.4084 1.3356
-1.7475 2.4052 1.3356
-1.7102 2.3976 1.3356
-1.6823 2.4026 1.3356
-1.6567 2.4106 1.3356
-1.6289 2.4150 1.3356
-1.6001 2.4174 1.3356
-1.5691 2.4162 1.3356
-1.5415 2.4197 1.3356
-1.5134 2.4220 1.3356
-1.4865 2.4258 1.3356
-1.4606 2.4309 1.3356
-1.4272 2.4229 1.3356
-1.4020 2.4283 1.3356
-1.3694 2.4205 1.3356
-1.3439 2.4244 1.3356
-1.3174 2.4264 1.3356
-1.2957 2.4369 1.3356
-1.2680 2.4357 1.3356
-1.2426 2.4387 1.3356
-1.2163 2.4396 1.3356
-1.1963 2.4528 1.3356
-1.1675 2.4478 1.3356
-1.1432 2.4516 1.3356
-1.1193 2.4560 1.3356
-1.0990 2.4684 1.3356
-1.0730 2.4678 1.3356
-1.0472 2.4670 1.3356
-1.0206 2.4640 1.3356
-0.9995 2.4737 1.3356
-0.9745 2.4740 1.3356
-0.9490 2.4721 1.3356
-0.9259 2.4766 1.3356
-0.9040 2.4836 1.3356
-0.8782 2.4801 1.3356
-0.8569 2.4886 1.3356
-0.8329 2.4893 1.3356
-0.8087 2.4889 1.3356
-0.7866 2.4949 1.3356
-0.7619 2.4921 1.3356
-0.7393 2.4958 1.3356
-0.7167 2.4993 1.3356
-0.6962 2.5103 1.3356
-0.6696 2.4989 1.3356
-0.6460 2.4978 1.3356
-0.6254 2.5082 1.3356
-0.6035 2.5136 1.3356
-0.5783 2.5051 1.3356
-0.5578 2.5159 1.3356
-0.5347 2.5158 1.3356
-0.5130 2.5213 1.3356
-0.4900 2.5208 1.3356
-0.4660 2.5142 1.3356
-0.4471 2.5359 1.3356
-0.4339 2.5929 1.3356
-0.4186 2.6431 1.3356
-0.4858 3.2509 1.3356
-0.4643 3.3035 1.3356
-0.4457 3.6297 1.3356
-0.4535 3.9802 1.3356
-0.4380 4.5490 1.3356
-0.4824 5.5139 1.3356
-0.4626 5.8778 1.3356
-2.9530 2.4725 1.3356
-2.7055 2.4472 1.3356
-2.4710 2.4226 1.3356
-2.2496 2.3988 1.3356
-2.0439 2.3773 1.3356
-1.8788 2.3688 1.3356
-1.7097 2.3557 1.3356
-1.6174 2.3730 1.3356
-1.5243 2.3884 1.3356
-1.3986 2.3874 1.3356
-1.3033 2.3984 1.3356
-1.2055 2.4066 1.3356
-1.1025 2.4106 1.3356
-1.0043 2.4153 1.3356
-0.9394 2.4352 1.3356
-0.8328 2.4325 1.3356
-0.7619 2.4469 1.3356
-0.6991 2.4645 1.3356
-0.5830 2.4517 1.3356
-0.5153 2.4641 1.3356
-2.9955 3.9465 1.3356
-2.9811 4.1800 1.3356
-2.9851 4.4323 1.3356
-2.9788 4.5994 1.3356
-2.9100 5.3692 1.3356
-2.9341 5.5841 1.3356
-2.9290 5.8842 1.3356
-2.9633 2.5309 1.7808
-2.9200 2.5383 1.7808
-2.8610 2.5312 1.7808
-2.8083 2.5286 1.7808
-2.7567 2.5260 1.7808
-2.7024 2.5200 1.7808
-2.6563 2.5208 1.7808
-2.6047 2.5154 1.7808
-2.5606 2.5163 1.7808
-2.5145 2.5145 1.7808
-2.4693 2.5128 1.7808
-2.4160 2.5019 1.7808
-2.3707 2.4982 1.7808
-2.3304 2.4990 1.7808
-2.2889 2.4979 1.7808
-2.2389 2.4866 1.7808
-2.1979 2.4843 1.7808
-2.1499 2.4732 1.7808
-2.1140 2.4751 1.7808
-2.0723 2.4697 1.7808
-2.0246 2.4561 1.7808
-1.9830 2.4488 1.7808
-1.9478 2.4488 1.7808
-1.9104 2.4452 1.7808
-1.8713 2.4388 1.7808
-1.8391 2.4406 1.7808
-1.7987 2.4309 1.7808
-1.7516 2.4109 1.7808
-1.7171 2.4073 1.7808
-1.6972 2.4239 1.7808
-1.6675 2.4262 1.7808
-1.6351 2.4241 1.7808
-1.6072 2.4283 1.7808
-1.5718 2.4204 1.7808
-1.5523 2.4366 1.7808
-1.5187 2.4305 1.7808
-1.4923 2.4351 1.7808
-1.4648 2.4378 1.7808
-1.4389 2.4427 1.7808
-1.4110 2.4439 1.7808
-1.3788 2.4370 1.7808
-1.3575 2.4489 1.7808
-1.3270 2.4440 1.7808
-1.2953 2.4361 1.7808
-1.2726 2.4446 1.7808
-1.2480 2.4494 1.7808
-1.2226 2.4521 1.7808
-1.1981 2.4564 1.7808
-1.1688 2.4505 1.7808
-1.1440 2.4534 1.7808
-1.1209 2.4596 1.7808
-1.0974 2.4647 1.7808
-1.0718 2.4651 1.7808
-1.0507 2.4752 1.7808
-1.0264 2.4778 1.7808
-1.0024 2.4811 1.7808
-0.9767 2.4796 1.7808
-0.9518 2.4796 1.7808
-0.9312 2.4906 1.7808
-0.9040 2.4836 1.7808
-0.8806 2.4867 1.7808
-0.8559 2.4858 1.7808
-0.8336 2.4912 1.7808
-0.8072 2.4842 1.7808
-0.7857 2.4921 1.7808
-0.7643 2.4998 1.7808
-0.7416 2.5035 1.7808
-0.7158 2.4964 1.7808
-0.6946 2.5045 1.7808
-0.6688 2.4960 1.7808
-0.6477 2.5046 1.7808
-0.6242 2.5034 1.7808
-0.6025 2.5097 1.7808
-0.5783 2.5051 1.7808
-0.5578 2.5159 1.7808
-0.5345 2.5148 1.7808
-0.5108 2.5106 1.7808
-0.4889 2.5149 1.7808
-0.4656 2.5122 1.7808
-0.4464 2.5319 1.7808
-0.4402 2.6304 1.7808
-0.4507 2.8455 1.7808
-0.4662 3.1194 1.7808
-0.4654 3.3115 1.7808
-0.4558 3.4621 1.7808
-0.4474 3.6436 1.7808
-0.4547 3.9912 1.7808
-0.4851 4.6156 1.7808
-0.4356 4.5241 1.7808
-0.4827 5.5169 1.7808
-2.9530 2.4725 1.7808
-2.7289 2.4560 1.7808
-2.4943 2.4315 1.7808
-2.2989 2.4182 1.7808
-2.0680 2.3870 1.7808
-1.8779 2.3684 1.7808
-1.7088 2.3553 1.7808
-1.6165 2.3726 1.7808
-1.5253 2.3888 1.7808
-1.4323 2.4027 1.7808
-1.3359 2.4136 1.7808
-1.2045 2.4061 1.7808
-1.1429 2.4303 1.7808
-1.0007 2.4135 1.7808
-0.9331 2.4320 1.7808
-0.8301 2.4311 1.7808
-0.7628 2.4474 1.7808
-0.6534 2.4397 1.7808
-0.5856 2.4531 1.7808
-0.5179 2.4656 1.7808
-2.9964 3.9470 1.7808
-3.0122 4.1172 1.7808
-2.9817 4.4301 1.7808
-3.0062 4.5314 1.7808
-2.9298 5.2891 1.7808
-2.9656 2.5328 2.2260
-2.9049 2.5252 2.2260
-2.8513 2.5226 2.2260
-2.8031 2.5240 2.2260
-2.7530 2.5227 2.2260
-2.6994 2.5173 2.2260
-2.6505 2.5152 2.2260
-2.6026 2.5133 2.2260
-2.5606 2.5163 2.2260
-2.5109 2.5109 2.2260
-2.4616 2.5049 2.2260
-2.4181 2.5040 2.2260
-2.3762 2.5040 2.2260
-2.3290 2.4976 2.2260
-2.2835 2.4920 2.2260
-2.2429 2.4910 2.2260
-2.1939 2.4798 2.2260
-2.1525 2.4762 2.2260
-2.1101 2.4706 2.2260
-2.0717 2.4690 2.2260
-2.0272 2.4592 2.2260
-1.9842 2.4503 2.2260
-1.9460 2.4464 2.2260
-1.9098 2.4444 2.2260
-1.8744 2.4427 2.2260
-1.8355 2.4358 2.2260
-1.7987 2.4309 2.2260
-1.7563 2.4173 2.2260
-1.7189 2.4098 2.2260
-1.6926 2.4173 2.2260
-1.6720 2.4328 2.2260
-1.6323 2.4200 2.2260
-1.6078 2.4291 2.2260
-1.5800 2.4330 2.2260
-1.5458 2.4264 2.2260
-1.5203 2.4330 2.2260
-1.4923 2.4351 2.2260
-1.4648 2.4378 2.2260
-1.4373 2.4401 2.2260
-1.4095 2.4413 2.2260
-1.3857 2.4492 2.2260
-1.3594 2.4524 2.2260
-1.3284 2.4466 2.2260
-1.2990 2.4431 2.2260
-1.2758 2.4508 2.2260
-1.2476 2.4485 2.2260
-1.2244 2.4557 2.2260
-1.1968 2.4537 2.2260
-1.1753 2.4641 2.2260
-1.1461 2.4579 2.2260
-1.1205 2.4587 2.2260
-1.0998 2.4702 2.2260
-1.0758 2.4742 2.2260
-1.0507 2.4752 2.2260
-1.0267 2.4788 2.2260
-1.0024 2.4811 2.2260
-0.9775 2.4814 2.2260
-0.9522 2.4805 2.2260
-0.9270 2.4794 2.2260
-0.9040 2.4836 2.2260
-0.8819 2.4905 2.2260
-0.8598 2.4971 2.2260
-0.8345 2.4941 2.2260
-0.8087 2.4889 2.2260
-0.7888 2.5016 2.2260
-0.7625 2.4940 2.2260
-0.7401 2.4987 2.2260
-0.7167 2.4993 2.2260
-0.6962 2.5103 2.2260
-0.6716 2.5066 2.2260
-0.6465 2.4998 2.2260
-0.6251 2.5072 2.2260
-0.6018 2.5068 2.2260
-0.5783 2.5051 2.2260
-0.5560 2.5081 2.2260
-0.5339 2.5119 2.2260
-0.5120 2.5164 2.2260
-0.4883 2.5120 2.2260
-0.4632 2.4994 2.2260
-0.4440 2.5182 2.2260
-0.4403 2.6314 2.2260
-0.4704 2.9700 2.2260
-0.4641 3.1055 2.2260
-0.4618 3.2857 2.2260
-0.4508 3.4245 2.2260
-0.4494 3.9445 2.2260
-0.4660 4.4336 2.2260
-0.4471 4.6435 2.2260
-0.5041 5.7620 2.2260
-0.4689 5.9576 2.2260
-2.9089 2.4564 2.2260
-2.6820 2.4385 2.2260
-2.4943 2.4315 2.2260
-2.2989 2.4182 2.2260
-2.1199 2.4080 2.2260
-1.8788 2.3688 2.2260
-1.7088 2.3553 2.2260
-1.6183 2.3734 2.2260
-1.5234 2.3880 2.2260
-1.4323 2.4027 2.2260
-1.3377 2.4144 2.2260
-1.2027 2.4053 2.2260
-1.1402 2.4290 2.2260
-1.0392 2.4327 2.2260
-0.9331 2.4320 2.2260
-0.8709 2.4523 2.2260
-0.7602 2.4459 2.2260
-0.6543 2.4402 2.2260
-0.5847 2.4527 2.2260
-0.5196 2.4665 2.2260
-2.9921 3.9445 2.2260
-3.0062 4.1136 2.2260
-2.9809 4.4295 2.2260
-3.0020 4.5286 2.2260
-2.9109 5.2744 2.2260
-2.8827 5.7418 2.2260
-2.9388 5.8927 2.2260
-2.9527 2.5218 2.6712
-2.9034 2.5239 2.6712
-2.8550 2.5259 2.6712
-2.8039 2.5246 2.6712
-2.7559 2.5254 2.6712
-2.7002 2.5179 2.6712
-2.6534 2.5180 2.6712
-2.6090 2.5195 2.6712
-2.5648 2.5205 2.6712
-2.5116 2.5116 2.6712
-2.4742 2.5178 2.6712
-2.4299 2.5163 2.6712
-2.3790 2.5069 2.6712
-2.3324 2.5012 2.6712
-2.2943 2.5038 2.6712
-2.2483 2.4970 2.6712
-2.2059 2.4933 2.6712
-2.1624 2.4875 2.6712
-2.1146 2.4759 2.6712
-2.0756 2.4736 2.6712
-2.0285 2.4607 2.6712
-1.9880 2.4550 2.6712
-1.9522 2.4543 2.6712
-1.9153 2.4515 2.6712
-1.8719 2.4396 2.6712
-1.8355 2.4358 2.6712
-1.7976 2.4293 2.6712
-1.7557 2.4165 2.6712
-1.7171 2.4073 2.6712
-1.6915 2.4157 2.6712
-1.6681 2.4271 2.6712
-1.6351 2.4241 2.6712
-1.6034 2.4224 2.6712
-1.5746 2.4246 2.6712
-1.5523 2.4366 2.6712
-1.5219 2.4356 2.6712
-1.4954 2.4403 2.6712
-1.4663 2.4404 2.6712
-1.4389 2.4427 2.6712
-1.4165 2.4534 2.6712
-1.3842 2.4466 2.6712
-1.3580 2.4498 2.6712
-1.3265 2.4431 2.6712
-1.3037 2.4519 2.6712
-1.2763 2.4517 2.6712
-1.2476 2.4485 2.6712
-1.2257 2.4584 2.6712
-1.2011 2.4627 2.6712
-1.1740 2.4614 2.6712
-1.1504 2.4670 2.6712
-1.1259 2.4705 2.6712
-1.1010 2.4730 2.6712
-1.0734 2.4687 2.6712
-1.0503 2.4743 2.6712
-1.0248 2.4741 2.6712
-1.0047 2.4867 2.6712
-0.9760 2.4777 2.6712
-0.9536 2.4843 2.6712
-0.9312 2.4906 2.6712
-0.9053 2.4874 2.6712
-0.8816 2.4895 2.6712
-0.8602 2.4981 2.6712
-0.8345 2.4941 2.6712
-0.8093 2.4908 2.6712
-0.7839 2.4863 2.6712
-0.7634 2.4969 2.6712
-0.7413 2.5025 2.6712
-0.7180 2.5041 2.6712
-0.6943 2.5035 2.6712
-0.6703 2.5017 2.6712
-0.6477 2.5046 2.6712
-0.6271 2.5150 2.6712
-0.6018 2.5068 2.6712
-0.5781 2.5041 2.6712
-0.5547 2.5022 2.6712
-0.5331 2.5080 2.6712
-0.5102 2.5076 2.6712
-0.4858 2.4992 2.6712
-0.4625 2.4955 2.6712
-0.4484 2.5428 2.6712
-0.4415 2.6383 2.6712
-0.4610 2.9107 2.6712
-0.4717 3.1559 2.6712
-0.4550 3.4562 2.6712
-0.4537 3.9822 2.6712
-0.4646 4.4206 2.6712
-0.4931 5.1213 2.6712
-0.5036 5.7560 2.6712
-0.4717 5.9935 2.6712
-2.9089 2.4564 2.6712
-2.6830 2.4388 2.6712
-2.5177 2.4405 2.6712
-2.3240 2.4281 2.6712
-2.1190 2.4076 2.6712
-1.9075 2.3807 2.6712
-1.7079 2.3549 2.6712
-1.6156 2.3722 2.6712
-1.5234 2.3880 2.6712
-1.4287 2.4011 2.6712
-1.3386 2.4148 2.6712
-1.2388 2.4225 2.6712
-1.1402 2.4290 2.6712
-1.0392 2.4327 2.6712
-0.9313 2.4311 2.6712
-0.8674 2.4505 2.6712
-0.7602 2.4459 2.6712
-0.6947 2.4621 2.6712
-0.5899 2.4556 2.6712
-0.5205 2.4670 2.6712
-3.0062 4.1136 2.6712
-2.9725 4.4241 2.6712
-2.9954 4.5242 2.6712
-2.9109 5.2744 2.6712
-2.9048 5.7606 2.6712
-2.9328 5.8875 2.6712
-2.9458 2.5160 3.1164
-2.9041 2.5245 3.1164
-2.8550 2.5259 3.1164
-2.8054 2.5260 3.1164
-2.7552 2.5247 3.1164
-2.7053 2.5227 3.1164
-2.6599 2.5242 3.1164
-2.6026 2.5133 3.1164
-2.5584 2.5142 3.1164
-2.5215 2.5215 3.1164
-2.4686 2.5121 3.1164
-2.4216 2.5076 3.1164
-2.3762 2.5040 3.1164
-2.3277 2.4961 3.1164
-2.2916 2.5008 3.1164
-2.2483 2.4970 3.1164
-2.2052 2.4925 3.1164
-2.1591 2.4837 3.1164
-2.1146 2.4759 3.1164
-2.0698 2.4667 3.1164
-2.0246 2.4561 3.1164
-1.9849 2.4511 3.1164
-1.9441 2.4441 3.1164
-1.9079 2.4420 3.1164
-1.8665 2.4324 3.1164
-1.8331 2.4326 3.1164
-1.7898 2.4188 3.1164
-1.7481 2.4060 3.1164
-1.7078 2.3943 3.1164
-1.6932 2.4181 3.1164
-1.6692 2.4287 3.1164
-1.6273 2.4125 3.1164
-1.6017 2.4199 3.1164
-1.5767 2.4280 3.1164
-1.5447 2.4248 3.1164
-1.5177 2.4288 3.1164
-1.4907 2.4326 3.1164
-1.4643 2.4369 3.1164
-1.4414 2.4470 3.1164
-1.4100 2.4422 3.1164
-1.3822 2.4431 3.1164
-1.3575 2.4489 3.1164
-1.3289 2.4475 3.1164
-1.3014 2.4475 3.1164
-1.2758 2.4508 3.1164
-1.2517 2.4565 3.1164
-1.2284 2.4638 3.1164
-1.2025 2.4654 3.1164
-1.1736 2.4604 3.1164
-1.1499 2.4661 3.1164
-1.1259 2.4705 3.1164
-1.0994 2.4693 3.1164
-1.0762 2.4751 3.1164
-1.0534 2.4817 3.1164
-1.0290 2.4843 3.1164
-1.0051 2.4876 3.1164
-0.9786 2.4842 3.1164
-0.9543 2.4861 3.1164
-0.9302 2.4878 3.1164
-0.9040 2.4836 3.1164
-0.8823 2.4914 3.1164
-0.8605 2.4990 3.1164
-0.8348 2.4950 3.1164
-0.8090 2.4899 3.1164
-0.7875 2.4978 3.1164
-0.7631 2.4960 3.1164
-0.7407 2.5006 3.1164
-0.7158 2.4964 3.1164
-0.6927 2.4977 3.1164
-0.6711 2.5046 3.1164
-0.6462 2.4988 3.1164
-0.6234 2.5005 3.1164
-0.6007 2.5019 3.1164
-0.5779 2.5032 3.1164
-0.5543 2.5003 3.1164
-0.5327 2.5060 3.1164
-0.5106 2.5096 3.1164
-0.4866 2.5031 3.1164
-0.4623 2.4945 3.1164
-0.4517 2.5615 3.1164
-0.4403 2.6314 3.1164
-0.4691 2.9621 3.1164
-0.4752 3.1797 3.1164
-0.4679 3.3293 3.1164
-0.4550 3.4562 3.1164
-0.4636 3.7756 3.1164
-0.4530 3.9763 3.1164
-0.4655 4.4286 3.1164
-0.4427 4.5977 3.1164
-2.9089 2.4564 3.1164
-2.7055 2.4472 3.1164
-2.5177 2.4405 3.1164
-2.3231 2.4277 3.1164
-2.0671 2.3866 3.1164
-1.8797 2.3692 3.1164
-1.7125 2.3569 3.1164
-1.6165 2.3726 3.1164
-1.5262 2.3892 3.1164
-1.4323 2.4027 3.1164
-1.3359 2.4136 3.1164
-1.2379 2.4221 3.1164
-1.1366 2.4273 3.1164
-1.0374 2.4318 3.1164
-0.9688 2.4502 3.1164
-0.8683 2.4510 3.1164
-0.7610 2.4464 3.1164
-0.6551 2.4407 3.1164
-0.5453 2.4308 3.1164
-3.0210 3.8818 3.1164
-3.0028 4.1115 3.1164
-3.0058 4.3613 3.1164
-3.0287 4.4606 3.1164
-2.8920 5.3549 3.1164
-2.9542 2.5231 3.5615
-2.8988 2.5199 3.5615
-2.8550 2.5259 3.5615
-2.8054 2.5260 3.5615
-2.7574 2.5267 3.5615
-2.6980 2.5159 3.5615
-2.6556 2.5201 3.5615
-2.6062 2.5167 3.5615
-2.5663 2.5219 3.5615
-2.5109 2.5109 3.5615
-2.4637 2.5071 3.5615
-2.4174 2.5033 3.5615
-2.3762 2.5040 3.5615
-2.3324 2.5012 3.5615
-2.2842 2.4927 3.5615
-2.2456 2.4940 3.5615
-2.1999 2.4865 3.5615
-2.1538 2.4777 3.5615
-2.1120 2.4728 3.5615
-2.0666 2.4628 3.5615
-2.0246 2.4561 3.5615
-1.9786 2.4433 3.5615
-1.9385 2.4370 3.5615
-1.9024 2.4350 3.5615
-1.8659 2.4316 3.5615
-1.8259 2.4231 3.5615
-1.7845 2.4116 3.5615
-1.7440 2.4004 3.5615
-1.7171 2.4073 3.5615
-1.6863 2.4083 3.5615
-1.6596 2.4147 3.5615
-1.6278 2.4133 3.5615
-1.5973 2.4133 3.5615
-1.5691 2.4162 3.5615
-1.5410 2.4188 3.5615
-1.5193 2.4314 3.5615
-1.4912 2.4334 3.5615
-1.4622 2.4335 3.5615
-1.4363 2.4384 3.5615
-1.4100 2.4422 3.5615
-1.3827 2.4440 3.5615
-1.3536 2.4419 3.5615
-1.3232 2.4370 3.5615
-1.3014 2.4475 3.5615
-1.2777 2.4544 3.5615
-1.2476 2.4485 3.5615
-1.2217 2.4503 3.5615
-1.2003 2.4609 3.5615
-1.1787 2.4713 3.5615
-1.1491 2.4643 3.5615
-1.1242 2.4669 3.5615
-1.0990 2.4684 3.5615
-1.0762 2.4751 3.5615
-1.0495 2.4725 3.5615
-1.0252 2.4751 3.5615
-1.0013 2.4784 3.5615
-0.9782 2.4833 3.5615
-0.9533 2.4833 3.5615
-0.9245 2.4728 3.5615
-0.9022 2.4789 3.5615
-0.8809 2.4876 3.5615
-0.8566 2.4877 3.5615
-0.8332 2.4903 3.5615
-0.8093 2.4908 3.5615
-0.7857 2.4921 3.5615
-0.7605 2.4873 3.5615
-0.7379 2.4910 3.5615
-0.7128 2.4858 3.5615
-0.6919 2.4948 3.5615
-0.6703 2.5017 3.5615
-0.6447 2.4930 3.5615
-0.6210 2.4907 3.5615
-0.5997 2.4980 3.5615
-0.5763 2.4963 3.5615
-0.5545 2.5013 3.5615
-0.5318 2.5021 3.5615
-0.5090 2.5017 3.5615
-0.4864 2.5022 3.5615
-0.4629 2.4975 3.5615
-0.4550 2.5802 3.5615
-0.4394 2.6255 3.5615
-0.4746 2.9966 3.5615
-0.4804 3.2143 3.5615
-0.4760 3.3867 3.5615
-0.4619 3.5087 3.5615
-0.4672 3.8054 3.5615
-0.4646 4.4206 3.5615
-0.4572 4.7480 3.5615
-0.4896 5.5966 3.5615
-0.4636 5.8908 3.5615
-2.8863 2.4482 3.5615
-2.6830 2.4388 3.5615
-2.5186 2.4408 3.5615
-2.2980 2.4178 3.5615
-2.0940 2.3975 3.5615
-1.7984 2.3355 3.5615
-1.7171 2.3588 3.5615
-1.6220 2.3749 3.5615
-1.5316 2.3916 3.5615
-1.4005 2.3882 3.5615
-1.3006 2.3971 3.5615
-1.2018 2.4048 3.5615
-1.1420 2.4299 3.5615
-1.0365 2.4313 3.5615
-0.9358 2.4334 3.5615
-0.8301 2.4311 3.5615
-0.7231 2.4262 3.5615
-0.6543 2.4402 3.5615
-0.5506 2.4337 3.5615
-3.0219 3.8823 3.5615
-3.0028 4.1115 3.5615
-3.0033 4.3596 3.5615
-2.9995 4.5270 3.5615
-2.8881 5.3518 3.5615
-2.9140 5.5676 3.5615
-2.9162 5.8730 3.5615
-2.9420 2.5127 4.0067
-2.8951 2.5166 4.0067
-2.8513 2.5226 4.0067
-2.8039 2.5246 4.0067
-2.7523 2.5220 4.0067
-2.6928 2.5111 4.0067
-2.6549 2.5194 4.0067
-2.6047 2.5154 4.0067
-2.5577 2.5135 4.0067
-2.5095 2.5095 4.0067
-2.4637 2.5071 4.0067
-2.4209 2.5069 4.0067
-2.3728 2.5004 4.0067
-2.3263 2.4946 4.0067
-2.2821 2.4905 4.0067
-2.2416 2.4895 4.0067
-2.1886 2.4738 4.0067
-2.1453 2.4679 4.0067
-2.1055 2.4652 4.0067
-2.0569 2.4513 4.0067
-2.0151 2.4445 4.0067
-1.9786 2.4433 4.0067
-1.9398 2.4386 4.0067
-1.8925 2.4223 4.0067
-1.8567 2.4197 4.0067
-1.8121 2.4047 4.0067
-1.7779 2.4027 4.0067
-1.7369 2.3906 4.0067
-1.7078 2.3943 4.0067
-1.6794 2.3985 4.0067
-1.6533 2.4056 4.0067
-1.6211 2.4034 4.0067
-1.5907 2.4033 4.0067
-1.5642 2.4087 4.0067
-1.5410 2.4188 4.0067
-1.5134 2.4220 4.0067
-1.4860 2.4249 4.0067
-1.4586 2.4275 4.0067
-1.4323 2.4315 4.0067
-1.4080 2.4387 4.0067
-1.3763 2.4326 4.0067
-1.3507 2.4367 4.0067
-1.3251 2.4405 4.0067
-1.3014 2.4475 4.0067
-1.2726 2.4446 4.0067
-1.2467 2.4467 4.0067
-1.2266 2.4602 4.0067
-1.1989 2.4582 4.0067
-1.1688 2.4505 4.0067
-1.1474 2.4606 4.0067
-1.1222 2.4624 4.0067
-1.0974 2.4647 4.0067
-1.0742 2.4706 4.0067
-1.0464 2.4651 4.0067
-1.0233 2.4705 4.0067
-1.0028 2.4821 4.0067
-0.9731 2.4703 4.0067
-0.9486 2.4712 4.0067
-0.9277 2.4812 4.0067
-0.9019 2.4780 4.0067
-0.8769 2.4763 4.0067
-0.8556 2.4848 4.0067
-0.8301 2.4808 4.0067
-0.8078 2.4861 4.0067
-0.7830 2.4835 4.0067
-0.7605 2.4873 4.0067
-0.7365 2.4862 4.0067
-0.7158 2.4964 4.0067
-0.6929 2.4987 4.0067
-0.6688 2.4960 4.0067
-0.6450 2.4939 4.0067
-0.6225 2.4966 4.0067
-0.5983 2.4922 4.0067
-0.5754 2.4924 4.0067
-0.5537 2.4974 4.0067
-0.5306 2.4962 4.0067
-0.5088 2.5008 4.0067
-0.4831 2.4855 4.0067
-0.4631 2.4985 4.0067
-0.4588 2.6019 4.0067
-0.4403 2.6314 4.0067
-0.4785 3.0213 4.0067
-0.4836 3.2361 4.0067
-0.4827 3.4342 4.0067
-0.4627 3.5147 4.0067
-0.4585 3.7340 4.0067
-0.4726 4.1482 4.0067
-0.4658 4.4316 4.0067
-0.4722 4.9043 4.0067
-0.4804 5.4910 4.0067
-2.8638 2.4400 4.0067
-2.7055 2.4472 4.0067
-2.4943 2.4315 4.0067
-2.2738 2.4083 4.0067
-2.0430 2.3769 4.0067
-1.7984 2.3355 4.0067
-1.6821 2.3440 4.0067
-1.5881 2.3602 4.0067
-1.4942 2.3749 4.0067
-1.4023 2.3890 4.0067
-1.3024 2.3979 4.0067
-1.2064 2.4070 4.0067
-1.1025 2.4106 4.0067
-1.0410 2.4336 4.0067
-0.9358 2.4334 4.0067
-0.8319 2.4320 4.0067
-0.7231 2.4262 4.0067
-0.6587 2.4426 4.0067
-0.5515 2.4342 4.0067
-3.0184 3.8803 4.0067
-3.0028 4.1115 4.0067
-2.9982 4.3564 4.0067
-3.0203 4.4551 4.0067
-2.9030 5.2682 4.0067
-2.9058 5.6604 4.0067
-2.9086 5.8665 4.0067
-2.9329 2.5049 4.4519
-2.8905 2.5127 4.4519
-2.8311 2.5047 4.4519
-2.7853 2.5079 4.4519
-2.7323 2.5037 4.4519
-2.6731 2.4927 4.4519
-2.6280 2.4939 4.4519
-2.5752 2.4869 4.4519
-2.5292 2.4854 4.4519
-2.4897 2.4897 4.4519
-2.4315 2.4743 4.4519
-2.3917 2.4767 4.4519
-2.3494 2.4757 4.4519
-2.3031 2.4698 4.4519
-2.2639 2.4706 4.4519
-2.2121 2.4568 4.4519
-2.1707 2.4536 4.4519
-2.1302 2.4505 4.4519
-2.0873 2.4439 4.4519
-2.0434 2.4353 4.4519
-2.0056 2.4329 4.4519
-1.9748 2.4387 4.4519
-1.9261 2.4214 4.4519
-1.8925 2.4223 4.4519
-1.8531 2.4150 4.4519
-1.8187 2.4135 4.4519
-1.7755 2.3995 4.4519
-1.7293 2.3801 4.4519
-1.7073 2.3935 4.4519
-1.6777 2.3960 4.4519
-1.6465 2.3957 4.4519
-1.6177 2.3984 4.4519
-1.5912 2.4041 4.4519
-1.5620 2.4053 4.4519
-1.5345 2.4087 4.4519
-1.5050 2.4085 4.4519
-1.4787 2.4130 4.4519
-1.4503 2.4138 4.4519
-1.4262 2.4212 4.4519
-1.3900 2.4076 4.4519
-1.3635 2.4100 4.4519
-1.3410 2.4192 4.4519
-1.3112 2.4150 4.4519
-1.2845 2.4157 4.4519
-1.2624 2.4251 4.4519
-1.2394 2.4324 4.4519
-1.2128 2.4324 4.4519
-1.1880 2.4357 4.4519
-1.1624 2.4370 4.4519
-1.1373 2.4389 4.4519
-1.1143 2.4451 4.4519
-1.0872 2.4419 4.4519
-1.0627 2.4440 4.4519
-1.0421 2.4550 4.4519
-1.0153 2.4511 4.4519
-0.9923 2.4561 4.4519
-0.9624 2.4433 4.4519
-0.9443 2.4600 4.4519
-0.9179 2.4550 4.4519
-0.8944 2.4573 4.4519
-0.8722 2.4631 4.4519
-0.8481 2.4631 4.4519
-0.8263 2.4694 4.4519
-0.8010 2.4651 4.4519
-0.7776 2.4663 4.4519
-0.7552 2.4701 4.4519
-0.7333 2.4757 4.4519
-0.7089 2.4724 4.4519
-0.6865 2.4756 4.4519
-0.6654 2.4834 4.4519
-0.6422 2.4833 4.4519
-0.6179 2.4781 4.4519
-0.5953 2.4795 4.4519
-0.5741 2.4866 4.4519
-0.5517 2.4886 4.4519
-0.5293 2.4904 4.4519
-0.5036 2.4753 4.4519
-0.4829 2.4845 4.4519
-0.4640 2.5034 4.4519
-0.4576 2.5950 4.4519
-0.4438 2.6521 4.4519
-0.5040 3.1823 4.4519
-0.4829 3.2311 4.4519
-0.4795 3.4115 4.4519
-0.4649 3.5315 4.4519
-0.4632 3.7727 4.4519
-0.4723 4.1452 4.4519
-0.4647 4.4216 4.4519
-0.5303 5.5075 4.4519
-2.8422 2.4321 4.4519
-2.5912 2.4045 4.4519
-2.4234 2.4043 4.4519
-2.2012 2.3797 4.4519
-2.0189 2.3671 4.4519
-1.7744 2.3256 4.4519
-1.6867 2.3459 4.4519
-1.5596 2.3478 4.4519
-1.4650 2.3619 4.4519
-1.3723 2.3754 4.4519
-1.2734 2.3844 4.4519
-1.1784 2.3936 4.4519
-1.0737 2.3966 4.4519
-0.9721 2.3992 4.4519
-0.9073 2.4189 4.4519
-0.7982 2.4145 4.4519
-0.6895 2.4084 4.4519
-0.6191 2.4211 4.4519
-0.5506 2.4337 4.4519
-3.0158 3.8788 4.4519
-3.0002 4.1100 4.4519
-3.0041 4.3602 4.4519
-2.9929 4.6089 4.4519
-2.8611 5.8251 4.4519
-2.9807 2.5011 4.8971
-2.9321 2.5043 4.8971
-2.8883 2.5107 4.8971
-2.8326 2.5060 4.8971
-2.7875 2.5099 4.8971
-2.7360 2.5071 4.8971
-2.6892 2.5077 4.8971
-2.6389 2.5042 4.8971
-2.6004 2.5112 4.8971
-2.5442 2.5001 4.8971
-2.4989 2.4989 4.8971
-2.4567 2.4999 4.8971
-2.4146 2.5004 4.8971
-2.3645 2.4917 4.8971
-2.3167 2.4844 4.8971
-2.2700 2.4773 4.8971
-2.2356 2.4828 4.8971
-2.1880 2.4731 4.8971
-2.1427 2.4649 4.8971
-2.0945 2.4523 4.8971
-2.0614 2.4567 4.8971
-2.0119 2.4406 4.8971
-1.9748 2.4387 4.8971
-1.9335 2.4308 4.8971
-1.8938 2.4239 4.8971
-1.8488 2.4094 4.8971
-1.8109 2.4031 4.8971
-1.7684 2.3899 4.8971
-1.7310 2.3826 4.8971
-1.7049 2.3902 4.8971
-1.6754 2.3927 4.8971
-1.6380 2.3834 4.8971
-1.6161 2.3959 4.8971
-1.5846 2.3941 4.8971
-1.5593 2.4011 4.8971
-1.5340 2.4079 4.8971
-1.5092 2.4152 4.8971
-1.4771 2.4104 4.8971
-1.4478 2.4095 4.8971
-1.4236 2.4169 4.8971
-1.4010 2.4266 4.8971
-1.3675 2.4170 4.8971
-1.3415 2.4201 4.8971
-1.3203 2.4317 4.8971
-1.2915 2.4290 4.8971
-1.2629 2.4260 4.8971
-1.2380 2.4298 4.8971
-1.2114 2.4297 4.8971
-1.1902 2.4402 4.8971
-1.1641 2.4406 4.8971
-1.1398 2.4443 4.8971
-1.1164 2.4496 4.8971
-1.0937 2.4565 4.8971
-1.0655 2.4504 4.8971
-1.0421 2.4550 4.8971
-1.0145 2.4492 4.8971
-0.9920 2.4552 4.8971
-0.9683 2.4582 4.8971
-0.9439 2.4591 4.8971
-0.9186 2.4569 4.8971
-0.8978 2.4667 4.8971
-0.8729 2.4650 4.8971
-0.8497 2.4678 4.8971
-0.8240 2.4628 4.8971
-0.7991 2.4594 4.8971
-0.7776 2.4663 4.8971
-0.7546 2.4682 4.8971
-0.7313 2.4690 4.8971
-0.7078 2.4685 4.8971
-0.6865 2.4756 4.8971
-0.6623 2.4718 4.8971
-0.6417 2.4814 4.8971
-0.6198 2.4859 4.8971
-0.5960 2.4825 4.8971
-0.5716 2.4759 4.8971
-0.5500 2.4808 4.8971
-0.5283 2.4855 4.8971
-0.5068 2.4910 4.8971
-0.4810 2.4747 4.8971
-0.4651 2.5093 4.8971
-0.4588 2.6019 4.8971
-0.4522 2.7024 4.8971
-0.5098 3.2189 4.8971
-0.4845 3.2420 4.8971
-0.4813 3.4243 4.8971
-0.4682 3.5563 4.8971
-0.4663 3.7975 4.8971
-0.4640 4.4147 4.8971
-0.5295 5.4986 4.8971
-2.8638 2.4400 4.8971
-2.6596 2.4301 4.8971
-2.4467 2.4132 4.8971
-2.2738 2.4083 4.8971
-2.0421 2.3765 4.8971
-1.7744 2.3256 4.8971
-1.6849 2.3452 4.8971
-1.5936 2.3626 4.8971
-1.4960 2.3757 4.8971
-1.4041 2.3899 4.8971
-1.3087 2.4009 4.8971
-1.2109 2.4091 4.8971
-1.1070 2.4128 4.8971
-1.0070 2.4166 4.8971
-0.9002 2.4152 4.8971
-0.7964 2.4136 4.8971
-0.7319 2.4309 4.8971
-0.6226 2.4230 4.8971
-0.5576 2.4376 4.8971
-3.0175 3.8798 4.8971
-3.0298 4.0466 4.8971
-3.0041 4.3602 4.8971
-2.9904 4.6072 4.8971
-2.8686 5.8317 4.8971
-2.9791 2.4998 5.3423
-2.9374 2.5088 5.3423
-2.8905 2.5127 5.3423
-2.8468 2.5186 5.3423
-2.7972 2.5186 5.3423
-2.7508 2.5206 5.3423
-2.6972 2.5152 5.3423
-2.6512 2.5159 5.3423
-2.6047 2.5154 5.3423
-2.5606 2.5163 5.3423
-2.5124 2.5124 5.3423
-2.4714 2.5149 5.3423
-2.4216 2.5076 5.3423
-2.3762 2.5040 5.3423
-2.3345 2.5034 5.3423
-2.2930 2.5023 5.3423
-2.2429 2.4910 5.3423
-2.1979 2.4843 5.3423
-2.1591 2.4837 5.3423
-2.1127 2.4736 5.3423
-2.0653 2.4613 5.3423
-2.0189 2.4491 5.3423
-1.9786 2.4433 5.3423
-1.9416 2.4410 5.3423
-1.8888 2.4176 5.3423
-1.8561 2.4189 5.3423
-1.8145 2.4079 5.3423
-1.7755 2.3995 5.3423
-1.7293 2.3801 5.3423
-1.7055 2.3911 5.3423
-1.6817 2.4018 5.3423
-1.6522 2.4040 5.3423
-1.6194 2.4009 5.3423
-1.5951 2.4099 5.3423
-1.5664 2.4120 5.3423
-1.5426 2.4214 5.3423
-1.5113 2.4186 5.3423
-1.4870 2.4266 5.3423
-1.4586 2.4275 5.3423
-1.4368 2.4393 5.3423
-1.4045 2.4327 5.3423
-1.3734 2.4274 5.3423
-1.3458 2.4279 5.3423
-1.3251 2.4405 5.3423
-1.2986 2.4422 5.3423
-1.2721 2.4437 5.3423
-1.2507 2.4547 5.3423
-1.2253 2.4575 5.3423
-1.1972 2.4546 5.3423
-1.1688 2.4505 5.3423
-1.1474 2.4606 5.3423
-1.1230 2.4642 5.3423
-1.0945 2.4584 5.3423
-1.0726 2.4669 5.3423
-1.0452 2.4624 5.3423
-1.0221 2.4677 5.3423
-0.9980 2.4700 5.3423
-0.9701 2.4628 5.3423
-0.9472 2.4675 5.3423
-0.9256 2.4756 5.3423
-0.9022 2.4789 5.3423
-0.8752 2.4716 5.3423
-0.8530 2.4773 5.3423
-0.8282 2.4751 5.3423
-0.8044 2.4756 5.3423
-0.7809 2.4768 5.3423
-0.7590 2.4826 5.3423
-0.7356 2.4833 5.3423
-0.7114 2.4810 5.3423
-0.6889 2.4842 5.3423
-0.6634 2.4757 5.3423
-0.6422 2.4833 5.3423
-0.6176 2.4772 5.3423
-0.5948 2.4776 5.3423
-0.5730 2.4817 5.3423
-0.5515 2.4876 5.3423
-0.5277 2.4825 5.3423
-0.5060 2.4870 5.3423
-0.4797 2.4678 5.3423
-0.4698 2.5348 5.3423
-0.4590 2.6028 5.3423
-0.4735 2.8297 5.3423
-0.5031 3.1764 5.3423
-0.5116 3.4230 5.3423
-0.4827 3.4342 5.3423
-0.4691 3.5633 5.3423
-0.4677 3.8094 5.3423
-0.4738 4.1581 5.3423
-0.4642 4.4167 5.3423
-0.5285 5.4886 5.3423
-2.8638 2.4400 5.3423
-2.6830 2.4388 5.3423
-2.5186 2.4408 5.3423
-2.2980 2.4178 5.3423
-2.0671 2.3866 5.3423
-1.8003 2.3363 5.3423
-1.6812 2.3436 5.3423
-1.5908 2.3614 5.3423
-1.4942 2.3749 5.3423
-1.4014 2.3886 5.3423
-1.3033 2.3984 5.3423
-1.2027 2.4053 5.3423
-1.1025 2.4106 5.3423
-1.0410 2.4336 5.3423
-0.9411 2.4361 5.3423
-0.7937 2.4122 5.3423
-0.7310 2.4305 5.3423
-0.5831 2.4015 5.3423
-3.0123 3.8769 5.3423
-3.0289 4.0461 5.3423
-2.9991 4.3570 5.3423
-2.9938 4.6094 5.3423
-2.8957 5.7528 5.3423
-2.9761 2.4972 5.7875
-2.9321 2.5043 5.7875
-2.8845 2.5075 5.7875
-2.8430 2.5153 5.7875
-2.7957 2.5173 5.7875
-2.7478 2.5179 5.7875
-2.6936 2.5118 5.7875
-2.6556 2.5201 5.7875
-2.6069 2.5174 5.7875
-2.5584 2.5142 5.7875
-2.5194 2.5194 5.7875
-2.4721 2.5156 5.7875
-2.4223 2.5083 5.7875
-2.3824 2.5105 5.7875
-2.3352 2.5042 5.7875
-2.2869 2.4957 5.7875
-2.2382 2.4858 5.7875
-2.2012 2.4880 5.7875
-2.1591 2.4837 5.7875
-2.1094 2.4698 5.7875
-2.0666 2.4628 5.7875
-2.0176 2.4476 5.7875
-1.9798 2.4449 5.7875
-1.9416 2.4410 5.7875
-1.8975 2.4286 5.7875
-1.8604 2.4245 5.7875
-1.8157 2.4095 5.7875
-1.7738 2.3971 5.7875
-1.7287 2.3793 5.7875
-1.7090 2.3959 5.7875
-1.6823 2.4026 5.7875
-1.6471 2.3966 5.7875
-1.6245 2.4084 5.7875
-1.5979 2.4141 5.7875
-1.5702 2.4179 5.7875
-1.5410 2.4188 5.7875
-1.5161 2.4263 5.7875
-1.4896 2.4309 5.7875
-1.4617 2.4326 5.7875
-1.4328 2.4324 5.7875
-1.4085 2.4396 5.7875
-1.3778 2.4353 5.7875
-1.3536 2.4419 5.7875
-1.3275 2.4449 5.7875
-1.3014 2.4475 5.7875
-1.2790 2.4570 5.7875
-1.2526 2.4583 5.7875
-1.2279 2.4629 5.7875
-1.2003 2.4609 5.7875
-1.1757 2.4650 5.7875
-1.1453 2.4561 5.7875
-1.1267 2.4724 5.7875
-1.0994 2.4693 5.7875
-1.0746 2.4715 5.7875
-1.0515 2.4771 5.7875
-1.0264 2.4778 5.7875
-0.9998 2.4747 5.7875
-0.9771 2.4805 5.7875
-0.9500 2.4749 5.7875
-0.9256 2.4756 5.7875
-0.8999 2.4723 5.7875
-0.8789 2.4820 5.7875
-0.8546 2.4820 5.7875
-0.8301 2.4808 5.7875
-0.8056 2.4794 5.7875
-0.7800 2.4739 5.7875
-0.7596 2.4845 5.7875
-0.7345 2.4795 5.7875
-0.7100 2.4762 5.7875
-0.6889 2.4842 5.7875
-0.6657 2.4844 5.7875
-0.6402 2.4756 5.7875
-0.6157 2.4694 5.7875
-0.5944 2.4757 5.7875
-0.5725 2.4798 5.7875
-0.5487 2.4749 5.7875
-0.5258 2.4737 5.7875
-0.5044 2.4792 5.7875
-0.4814 2.4766 5.7875
-0.4691 2.5309 5.7875
-0.4586 2.6009 5.7875
-0.5019 2.9993 5.7875
-0.5086 3.2110 5.7875
-0.5089 3.4052 5.7875
-0.4836 3.4412 5.7875
-0.4776 3.6277 5.7875
-0.4690 3.8193 5.7875
-0.4632 4.4067 5.7875
-3.0168 2.4281 5.7875
-2.8638 2.4400 5.7875
-2.6830 2.4388 5.7875
-2.5177 2.4405 5.7875
-2.3240 2.4281 5.7875
-2.0680 2.3870 5.7875
-1.7994 2.3359 5.7875
-1.6821 2.3440 5.7875
-1.5872 2.3598 5.7875
-1.4933 2.3745 5.7875
-1.3986 2.3874 5.7875
-1.3368 2.4140 5.7875
-1.2370 2.4216 5.7875
-1.1375 2.4277 5.7875
-1.0392 2.4327 5.7875
-0.9385 2.4348 5.7875
-0.8337 2.4330 5.7875
-0.7310 2.4305 5.7875
-0.6235 2.4235 5.7875
-0.5611 2.4396 5.7875
-3.0123 3.8769 5.7875
-2.9951 4.1069 5.7875
-2.9948 4.3543 5.7875
-3.0128 4.4502 5.7875
-2.9730 2.4947 6.2327
-2.9291 2.5017 6.2327
-2.8792 2.5029 6.2327
-2.8296 2.5034 6.2327
-2.7927 2.5146 6.2327
-2.7360 2.5071 6.2327
-2.6877 2.5063 6.2327
-2.6433 2.5084 6.2327
-2.6105 2.5209 6.2327
-2.5620 2.5177 6.2327
-2.5124 2.5124 6.2327
-2.4686 2.5121 6.2327
-2.4341 2.5206 6.2327
-2.3790 2.5069 6.2327
-2.3331 2.5020 6.2327
-2.2990 2.5090 6.2327
-2.2536 2.5029 6.2327
-2.2059 2.4933 6.2327
-2.1565 2.4807 6.2327
-2.1172 2.4789 6.2327
-2.0794 2.4782 6.2327
-2.0272 2.4592 6.2327
-1.9817 2.4472 6.2327
-1.9385 2.4370 6.2327
-1.9024 2.4350 6.2327
-1.8622 2.4269 6.2327
-1.8175 2.4119 6.2327
-1.7755 2.3995 6.2327
-1.7357 2.3890 6.2327
-1.7090 2.3959 6.2327
-1.6869 2.4091 6.2327
-1.6516 2.4032 6.2327
-1.6245 2.4084 6.2327
-1.5979 2.4141 6.2327
-1.5707 2.4187 6.2327
-1.5447 2.4248 6.2327
-1.5209 2.4339 6.2327
-1.4923 2.4351 6.2327
-1.4648 2.4378 6.2327
-1.4409 2.4462 6.2327
-1.4140 2.4491 6.2327
-1.3876 2.4527 6.2327
-1.3575 2.4489 6.2327
-1.3294 2.4484 6.2327
-1.3042 2.4528 6.2327
-1.2814 2.4615 6.2327
-1.2539 2.4610 6.2327
-1.2275 2.4620 6.2327
-1.2033 2.4672 6.2327
-1.1723 2.4577 6.2327
-1.1504 2.4670 6.2327
-1.1246 2.4678 6.2327
-1.1002 2.4711 6.2327
-1.0762 2.4751 6.2327
-1.0515 2.4771 6.2327
-1.0252 2.4751 6.2327
-0.9995 2.4737 6.2327
-0.9742 2.4730 6.2327
-0.9500 2.4749 6.2327
-0.9245 2.4728 6.2327
-0.9022 2.4789 6.2327
-0.8776 2.4782 6.2327
-0.8520 2.4744 6.2327
-0.8275 2.4732 6.2327
-0.8056 2.4794 6.2327
-0.7809 2.4768 6.2327
-0.7558 2.4720 6.2327
-0.7319 2.4709 6.2327
-0.7106 2.4781 6.2327
-0.6865 2.4756 6.2327
-0.6639 2.4776 6.2327
-0.6392 2.4717 6.2327
-0.6150 2.4665 6.2327
-0.5920 2.4659 6.2327
-0.5703 2.4700 6.2327
-0.5476 2.4700 6.2327
-0.5246 2.4679 6.2327
-0.5028 2.4714 6.2327
-0.4814 2.4766 6.2327
-0.4722 2.5476 6.2327
-0.4581 2.5979 6.2327
-0.5060 3.0240 6.2327
-0.5156 3.2554 6.2327
-0.4895 3.2756 6.2327
-0.4806 3.4194 6.2327
-0.4807 3.6515 6.2327
-0.4778 3.8918 6.2327
-0.4631 4.4057 6.2327
-2.9951 2.4204 6.2327
-2.8422 2.4321 6.2327
-2.6830 2.4388 6.2327
-2.5177 2.4405 6.2327
-2.3222 2.4273 6.2327
-2.0680 2.3870 6.2327
-1.7994 2.3359 6.2327
-1.6803 2.3432 6.2327
-1.6229 2.3753 6.2327
-1.5289 2.3904 6.2327
-1.4332 2.4031 6.2327
-1.3359 2.4136 6.2327
-1.2352 2.4208 6.2327
-1.1348 2.4264 6.2327
-1.0383 2.4322 6.2327
-0.9394 2.4352 6.2327
-0.7937 2.4122 6.2327
-0.6895 2.4084 6.2327
-0.5866 2.4034 6.2327
-0.5200 2.4168 6.2327
-3.0123 3.8769 6.2327
-3.0272 4.0451 6.2327
-2.9915 4.3521 6.2327
-3.0128 4.4502 6.2327
-2.9562 2.4805 6.6779
-2.9146 2.4893 6.6779
-2.8747 2.4989 6.6779
-2.8326 2.5060 6.6779
-2.7846 2.5072 6.6779
-2.7382 2.5091 6.6779
-2.7016 2.5193 6.6779
-2.6549 2.5194 6.6779
-2.6062 2.5167 6.6779
-2.5634 2.5191 6.6779
-2.5124 2.5124 6.6779
-2.4742 2.5178 6.6779
-2.4209 2.5069 6.6779
-2.3851 2.5134 6.6779
-2.3393 2.5085 6.6779
-2.2984 2.5082 6.6779
-2.2523 2.5014 6.6779
-2.2059 2.4933 6.6779
-2.1611 2.4860 6.6779
-2.1166 2.4782 6.6779
-2.0691 2.4659 6.6779
-2.0316 2.4646 6.6779
-1.9830 2.4488 6.6779
-1.9460 2.4464 6.6779
-1.8975 2.4286 6.6779
-1.8579 2.4213 6.6779
-1.8145 2.4079 6.6779
-1.7755 2.3995 6.6779
-1.7340 2.3866 6.6779
-1.7078 2.3943 6.6779
-1.6846 2.4058 6.6779
-1.6545 2.4073 6.6779
-1.6273 2.4125 6.6779
-1.5934 2.4074 6.6779
-1.5746 2.4246 6.6779
-1.5496 2.4323 6.6779
-1.5225 2.4364 6.6779
-1.4912 2.4334 6.6779
-1.4648 2.4378 6.6779
-1.4409 2.4462 6.6779
-1.4140 2.4491 6.6779
-1.3862 2.4501 6.6779
-1.3623 2.4577 6.6779
-1.3370 2.4624 6.6779
-1.3103 2.4643 6.6779
-1.2823 2.4632 6.6779
-1.2535 2.4601 6.6779
-1.2342 2.4754 6.6779
-1.2033 2.4672 6.6779
-1.1835 2.4812 6.6779
-1.1542 2.4751 6.6779
-1.1288 2.4769 6.6779
-1.1006 2.4721 6.6779
-1.0790 2.4816 6.6779
-1.0511 2.4762 6.6779
-1.0275 2.4806 6.6779
-1.0032 2.4830 6.6779
-0.9760 2.4777 6.6779
-0.9500 2.4749 6.6779
-0.9291 2.4850 6.6779
-0.9033 2.4817 6.6779
-0.8782 2.4801 6.6779
-0.8530 2.4773 6.6779
-0.8275 2.4732 6.6779
-0.8025 2.4699 6.6779
-0.7815 2.4787 6.6779
-0.7570 2.4759 6.6779
-0.7325 2.4728 6.6779
-0.7073 2.4666 6.6779
-0.6841 2.4669 6.6779
-0.6610 2.4670 6.6779
-0.6395 2.4726 6.6779
-0.6150 2.4665 6.6779
-0.5923 2.4669 6.6779
-0.5691 2.4652 6.6779
-0.5456 2.4612 6.6779
-0.5244 2.4669 6.6779
-0.4996 2.4557 6.6779
-0.4791 2.4649 6.6779
-0.4773 2.5751 6.6779
-0.4635 2.6285 6.6779
-0.5113 3.0555 6.6779
-0.5231 3.3028 6.6779
-0.4963 3.3211 6.6779
-0.4853 3.4531 6.6779
-0.4772 3.6247 6.6779
-0.4723 4.1452 6.6779
-0.4623 4.3988 6.6779
-0.5572 5.7872 6.6779
-0.5127 5.8606 6.6779
-0.4584 5.8250 6.6779
-2.9951 2.4204 6.6779
-2.8422 2.4321 6.6779
-2.6830 2.4388 6.6779
-2.5177 2.4405 6.6779
-2.3231 2.4277 6.6779
-2.0671 2.3866 6.6779
-1.7707 2.3240 6.6779
-1.6821 2.3440 6.6779
-1.6229 2.3753 6.6779
-1.5271 2.3896 6.6779
-1.4305 2.4019 6.6779
-1.3332 2.4123 6.6779
-1.2352 2.4208 6.6779
-1.1753 2.4461 6.6779
-1.0365 2.4313 6.6779
-0.9331 2.4320 6.6779
-0.7946 2.4126 6.6779
-0.6895 2.4084 6.6779
-0.5514 2.3844 6.6779
-3.0123 3.8769 6.6779
-3.0263 4.0446 6.6779
-2.9915 4.3521 6.6779
-3.0178 4.4535 6.6779
-2.9093 5.2731 6.6779
-2.8852 5.8461 6.6779
-2.9523 2.4773 7.1231
-2.9146 2.4893 7.1231
-2.8679 2.4930 7.1231
-2.8176 2.4928 7.1231
-2.7771 2.5005 7.1231
-2.7331 2.5044 7.1231
-2.6914 2.5098 7.1231
-2.6454 2.5104 7.1231
-2.5954 2.5063 7.1231
-2.5534 2.5093 7.1231
-2.5124 2.5124 7.1231
-2.4686 2.5121 7.1231
-2.4174 2.5033 7.1231
-2.3728 2.5004 7.1231
-2.3379 2.5071 7.1231
-2.2896 2.4986 7.1231
-2.2429 2.4910 7.1231
-2.2032 2.4903 7.1231
-2.1552 2.4792 7.1231
-2.1159 2.4774 7.1231
-2.0691 2.4659 7.1231
-2.0285 2.4607 7.1231
-1.9861 2.4527 7.1231
-1.9360 2.4339 7.1231
-1.8950 2.4255 7.1231
-1.8561 2.4189 7.1231
-1.8066 2.3975 7.1231
-1.7678 2.3891 7.1231
-1.7281 2.3785 7.1231
-1.7067 2.3927 7.1231
-1.6817 2.4018 7.1231
-1.6533 2.4056 7.1231
-1.6233 2.4067 7.1231
-1.5956 2.4108 7.1231
-1.5735 2.4229 7.1231
-1.5437 2.4231 7.1231
-1.5150 2.4246 7.1231
-1.4928 2.4360 7.1231
-1.4658 2.4395 7.1231
-1.4404 2.4453 7.1231
-1.4125 2.4465 7.1231
-1.3837 2.4457 7.1231
-1.3536 2.4419 7.1231
-1.3308 2.4510 7.1231
-1.3042 2.4528 7.1231
-1.2818 2.4623 7.1231
-1.2603 2.4734 7.1231
-1.2297 2.4664 7.1231
-1.2033 2.4672 7.1231
-1.1787 2.4713 7.1231
-1.1529 2.4724 7.1231
-1.1271 2.4733 7.1231
-1.1010 2.4730 7.1231
-1.0790 2.4816 7.1231
-1.0515 2.4771 7.1231
-1.0267 2.4788 7.1231
-0.9995 2.4737 7.1231
-0.9771 2.4805 7.1231
-0.9504 2.4759 7.1231
-0.9242 2.4719 7.1231
-0.8988 2.4695 7.1231
-0.8729 2.4650 7.1231
-0.8488 2.4650 7.1231
-0.8240 2.4628 7.1231
-0.7994 2.4604 7.1231
-0.7776 2.4663 7.1231
-0.7526 2.4615 7.1231
-0.7282 2.4584 7.1231
-0.7059 2.4618 7.1231
-0.6839 2.4659 7.1231
-0.6615 2.4689 7.1231
-0.6372 2.4639 7.1231
-0.6128 2.4578 7.1231
-0.5918 2.4650 7.1231
-0.5691 2.4652 7.1231
-0.5456 2.4612 7.1231
-0.5208 2.4503 7.1231
-0.4982 2.4488 7.1231
-0.4805 2.4717 7.1231
-0.4764 2.5702 7.1231
-0.4779 2.7102 7.1231
-0.5120 3.0595 7.1231
-0.5017 3.1675 7.1231
-0.5002 3.3468 7.1231
-0.4792 3.6396 7.1231
-0.4714 4.1372 7.1231
-0.4624 4.3998 7.1231
-0.4811 4.9969 7.1231
-0.4525 5.1722 7.1231
-0.4535 5.7622 7.1231
-2.9734 2.4128 7.1231
-2.8422 2.4321 7.1231
-2.6596 2.4301 7.1231
-2.5195 2.4412 7.1231
-2.3240 2.4281 7.1231
-2.0671 2.3866 7.1231
-1.7744 2.3256 7.1231
-1.6830 2.3444 7.1231
-1.6238 2.3757 7.1231
-1.4933 2.3745 7.1231
-1.4314 2.4023 7.1231
-1.3368 2.4140 7.1231
-1.2361 2.4212 7.1231
-1.1375 2.4277 7.1231
-1.0383 2.4322 7.1231
-0.9376 2.4343 7.1231
-0.7609 2.3951 7.1231
-0.6948 2.4112 7.1231
-0.5541 2.3858 7.1231
-3.0106 3.8759 7.1231
-3.0280 4.0456 7.1231
-2.9881 4.3500 7.1231
-3.0153 4.4519 7.1231
-3.0286 4.9903 7.1231
-2.9542 5.0274 7.1231
-2.9318 5.6822 7.1231
-2.9763 5.8217 7.1231
-3.0039 2.4763 7.5683
-2.9539 2.4786 7.5683
-2.9108 2.4861 7.5683
-2.8664 2.4917 7.5683
-2.8176 2.4928 7.5683
-2.7771 2.5005 7.5683
-2.7235 2.4956 7.5683
-2.6855 2.5043 7.5683
-2.6382 2.5035 7.5683
-2.5918 2.5029 7.5683
-2.5442 2.5001 7.5683
-2.5046 2.5046 7.5683
-2.4581 2.5014 7.5683
-2.4153 2.5011 7.5683
-2.3659 2.4931 7.5683
-2.3195 2.4873 7.5683
-2.2767 2.4846 7.5683
-2.2302 2.4769 7.5683
-2.1880 2.4731 7.5683
-2.1407 2.4626 7.5683
-2.0945 2.4523 7.5683
-2.0550 2.4490 7.5683
-2.0119 2.4406 7.5683
-1.9698 2.4325 7.5683
-1.9236 2.4183 7.5683
-1.8888 2.4176 7.5683
-1.8427 2.4015 7.5683
-1.8006 2.3895 7.5683
-1.7583 2.3762 7.5683
-1.7293 2.3801 7.5683
-1.7020 2.3862 7.5683
-1.6685 2.3829 7.5683
-1.6431 2.3908 7.5683
-1.6127 2.3909 7.5683
-1.5852 2.3949 7.5683
-1.5582 2.3994 7.5683
-1.5324 2.4054 7.5683
-1.5087 2.4144 7.5683
-1.4797 2.4147 7.5683
-1.4545 2.4206 7.5683
-1.4206 2.4117 7.5683
-1.3995 2.4240 7.5683
-1.3719 2.4248 7.5683
-1.3473 2.4306 7.5683
-1.3193 2.4299 7.5683
-1.2920 2.4299 7.5683
-1.2707 2.4411 7.5683
-1.2417 2.4369 7.5683
-1.2154 2.4378 7.5683
-1.1902 2.4402 7.5683
-1.1650 2.4424 7.5683
-1.1339 2.4316 7.5683
-1.1135 2.4432 7.5683
-1.0840 2.4346 7.5683
-1.0619 2.4421 7.5683
-1.0386 2.4467 7.5683
-1.0114 2.4418 7.5683
-0.9856 2.4394 7.5683
-0.9632 2.4451 7.5683
-0.9371 2.4413 7.5683
-0.9098 2.4335 7.5683
-0.8875 2.4385 7.5683
-0.8632 2.4377 7.5683
-0.8390 2.4366 7.5683
-0.8139 2.4325 7.5683
-0.7905 2.4328 7.5683
-0.7716 2.4472 7.5683
-0.7473 2.4443 7.5683
-0.7234 2.4421 7.5683
-0.7004 2.4426 7.5683
-0.6807 2.4544 7.5683
-0.6553 2.4457 7.5683
-0.6342 2.4523 7.5683
-0.6118 2.4539 7.5683
-0.5869 2.4445 7.5683
-0.5660 2.4515 7.5683
-0.5433 2.4505 7.5683
-0.5204 2.4483 7.5683
-0.4994 2.4547 7.5683
-0.4826 2.4825 7.5683
-0.4764 2.5702 7.5683
-0.4895 2.7762 7.5683
-0.4994 2.9845 7.5683
-0.5284 3.3364 7.5683
-0.5300 3.5466 7.5683
-0.4959 3.5283 7.5683
-0.4811 3.6545 7.5683
-0.4861 3.9593 7.5683
-0.4805 4.2177 7.5683
-0.4614 4.3898 7.5683
-0.4811 4.9969 7.5683
-0.4944 5.6514 7.5683
-0.4566 5.8011 7.5683
-2.9734 2.4128 7.5683
-2.8422 2.4321 7.5683
-2.6605 2.4304 7.5683
-2.4943 2.4315 7.5683
-2.2487 2.3984 7.5683
-2.0179 2.3668 7.5683
-1.7772 2.3267 7.5683
-1.6527 2.3315 7.5683
-1.5936 2.3626 7.5683
-1.5015 2.3782 7.5683
-1.4068 2.3911 7.5683
-1.2707 2.3831 7.5683
-1.2118 2.4096 7.5683
-1.0737 2.3966 7.5683
-0.9372 2.3818 7.5683
-0.8360 2.3825 7.5683
-0.7281 2.3780 7.5683
-0.6207 2.3718 7.5683
-0.5550 2.3863 7.5683
-3.0080 3.8744 7.5683
-3.0237 4.0431 7.5683
-3.0207 4.2870 7.5683
-3.0103 4.4486 7.5683
-3.0286 4.9903 7.5683
-2.9486 5.0233 7.5683
-2.9405 5.7911 7.5683
-2.9939 2.4680 8.0135
-2.9447 2.4709 8.0135
-2.8964 2.4737 8.0135
-2.8513 2.4786 8.0135
-2.8026 2.4795 8.0135
-2.7608 2.4858 8.0135
-2.7058 2.4794 8.0135
-2.6512 2.4722 8.0135
-2.6070 2.4739 8.0135
-2.5544 2.4667 8.0135
-2.5064 2.4630 8.0135
-2.4664 2.4664 8.0135
-2.4160 2.4586 8.0135
-2.3757 2.4601 8.0135
-2.3246 2.4496 8.0135
-2.2867 2.4522 8.0135
-2.2376 2.4419 8.0135
-2.1954 2.4383 8.0135
-2.1535 2.4341 8.0135
-2.1027 2.4188 8.0135
-2.0607 2.4128 8.0135
-2.0139 2.4000 8.0135
-1.9769 2.3982 8.0135
-1.9408 2.3967 8.0135
-1.9012 2.3901 8.0135
-1.8667 2.3892 8.0135
-1.8220 2.3745 8.0135
-1.7868 2.3711 8.0135
-1.7506 2.3658 8.0135
-1.7281 2.3785 8.0135
-1.6986 2.3813 8.0135
-1.6714 2.3870 8.0135
-1.6386 2.3842 8.0135
-1.6127 2.3909 8.0135
-1.5874 2.3983 8.0135
-1.5566 2.3969 8.0135
-1.5281 2.3986 8.0135
-1.5002 2.4008 8.0135
-1.4729 2.4036 8.0135
-1.4452 2.4052 8.0135
-1.4155 2.4031 8.0135
-1.3885 2.4050 8.0135
-1.3571 2.3987 8.0135
-1.3298 2.3991 8.0135
-1.3031 2.4000 8.0135
-1.2788 2.4051 8.0135
-1.2536 2.4082 8.0135
-1.2321 2.4182 8.0135
-1.2025 2.4118 8.0135
-1.1814 2.4222 8.0135
-1.1490 2.4090 8.0135
-1.1267 2.4162 8.0135
-1.0981 2.4096 8.0135
-1.0746 2.4136 8.0135
-1.0511 2.4174 8.0135
-1.0222 2.4080 8.0135
-0.9977 2.4086 8.0135
-0.9747 2.4125 8.0135
-0.9514 2.4154 8.0135
-0.9278 2.4170 8.0135
-0.9028 2.4147 8.0135
-0.8807 2.4197 8.0135
-0.8542 2.4122 8.0135
-0.8322 2.4167 8.0135
-0.8091 2.4182 8.0135
-0.7874 2.4233 8.0135
-0.7650 2.4263 8.0135
-0.7432 2.4309 8.0135
-0.7203 2.4316 8.0135
-0.6974 2.4320 8.0135
-0.6750 2.4341 8.0135
-0.6514 2.4312 8.0135
-0.6300 2.4359 8.0135
-0.6079 2.4384 8.0135
-0.5855 2.4387 8.0135
-0.5624 2.4359 8.0135
-0.5420 2.4446 8.0135
-0.5214 2.4532 8.0135
-0.4956 2.4361 8.0135
-0.4831 2.4855 8.0135
-0.4678 2.5240 8.0135
-0.4437 2.5162 8.0135
-0.4194 2.5062 8.0135
-0.3970 2.5068 8.0135
-0.3716 2.4864 8.0135
-0.3436 2.4450 8.0135
-0.4845 3.6802 8.0135
-0.4866 3.9632 8.0135
-0.4828 4.2376 8.0135
-0.5418 5.1546 8.0135
-0.4898 5.0865 8.0135
-0.4729 5.4054 8.0135
-0.4716 5.9925 8.0135
-2.9517 2.4051 8.0135
-2.7529 2.3996 8.0135
-2.5219 2.3786 8.0135
-2.3543 2.3778 8.0135
-2.1007 2.3401 8.0135
-1.8863 2.3136 8.0135
-1.7458 2.3137 8.0135
-1.6536 2.3319 8.0135
-1.5624 2.3490 8.0135
-1.4357 2.3489 8.0135
-1.3413 2.3613 8.0135
-1.2462 2.3717 8.0135
-1.1107 2.3614 8.0135
-1.0072 2.3641 8.0135
-0.9479 2.3872 8.0135
-0.8422 2.3857 8.0135
-0.7334 2.3808 8.0135
-0.6251 2.3741 8.0135
-0.5594 2.3887 8.0135
-3.0097 3.8754 8.0135
-3.0246 4.0436 8.0135
-3.0088 4.2796 8.0135
-2.9524 5.1184 8.0135
-2.8536 5.4203 8.0135
-2.9677 2.4464 8.4587
-2.9071 2.4394 8.4587
-2.8553 2.4387 8.4587
-2.8060 2.4392 8.4587
-2.7524 2.4351 8.4587
-2.7013 2.4323 8.4587
-2.6535 2.4314 8.4587
-2.6095 2.4334 8.4587
-2.5548 2.4244 8.4587
-2.5069 2.4209 8.4587
-2.4629 2.4202 8.4587
-2.4162 2.4162 8.4587
-2.3733 2.4151 8.4587
-2.3160 2.3983 8.4587
-2.2764 2.3988 8.4587
-2.2342 2.3959 8.4587
-2.1882 2.3880 8.4587
-2.1446 2.3818 8.4587
-2.1038 2.3779 8.4587
-2.0640 2.3743 8.4587
-2.0243 2.3702 8.4587
-1.9836 2.3640 8.4587
-1.9451 2.3596 8.4587
-1.9169 2.3672 8.4587
-1.8800 2.3635 8.4587
-1.8488 2.3664 8.4587
-1.8080 2.3563 8.4587
-1.7723 2.3520 8.4587
-1.7399 2.3513 8.4587
-1.7187 2.3656 8.4587
-1.6887 2.3674 8.4587
-1.6571 2.3665 8.4587
-1.6211 2.3586 8.4587
-1.5948 2.3644 8.4587
-1.5587 2.3549 8.4587
-1.5326 2.3600 8.4587
-1.5028 2.3590 8.4587
-1.4700 2.3525 8.4587
-1.4447 2.3576 8.4587
-1.4174 2.3589 8.4587
-1.3896 2.3591 8.4587
-1.3610 2.3573 8.4587
-1.3350 2.3595 8.4587
-1.3085 2.3606 8.4587
-1.2840 2.3649 8.4587
-1.2558 2.3619 8.4587
-1.2287 2.3603 8.4587
-1.2022 2.3594 8.4587
-1.1789 2.3644 8.4587
-1.1485 2.3548 8.4587
-1.1292 2.3675 8.4587
-1.1064 2.3727 8.4587
-1.0799 2.3695 8.4587
-1.0583 2.3770 8.4587
-1.0312 2.3715 8.4587
-1.0104 2.3804 8.4587
-0.9873 2.3836 8.4587
-0.9657 2.3903 8.4587
-0.9437 2.3958 8.4587
-0.9199 2.3965 8.4587
-0.8955 2.3951 8.4587
-0.8725 2.3972 8.4587
-0.8495 2.3990 8.4587
-0.8276 2.4035 8.4587
-0.8044 2.4040 8.4587
-0.7827 2.4090 8.4587
-0.7578 2.4034 8.4587
-0.7377 2.4128 8.4587
-0.7154 2.4153 8.4587
-0.6946 2.4224 8.4587
-0.6700 2.4158 8.4587
-0.6491 2.4225 8.4587
-0.6282 2.4291 8.4587
-0.6034 2.4199 8.4587
-0.5813 2.4212 8.4587
-0.5619 2.4340 8.4587
-0.5424 2.4466 8.4587
-0.5198 2.4454 8.4587
-0.4976 2.4459 8.4587
-0.4866 2.5031 8.4587
-0.4842 2.6125 8.4587
-0.5654 3.2065 8.4587
-0.8579 5.1267 8.4587
-0.8128 5.1320 8.4587
-0.7677 5.1369 8.4587
-0.7216 5.1345 8.4587
-0.6753 5.1297 8.4587
-0.6323 5.1493 8.4587
-0.5856 5.1397 8.4587
-0.5468 5.2023 8.4587
-0.4882 5.0705 8.4587
-0.4716 5.3904 8.4587
-2.8433 2.3667 8.4587
-2.6420 2.3593 8.4587
-2.4067 2.3355 8.4587
-2.1844 2.3125 8.4587
-2.0012 2.3009 8.4587
-1.8084 2.2821 8.4587
-1.7218 2.3038 8.4587
-1.5707 2.2967 8.4587
-1.4789 2.3127 8.4587
-1.3471 2.3095 8.4587
-1.2549 2.3219 8.4587
-1.1565 2.3299 8.4587
-1.0538 2.3342 8.4587
-0.9425 2.3326 8.4587
-0.8387 2.3327 8.4587
-0.7692 2.3485 8.4587
-0.7042 2.3655 8.4587
-0.6348 2.3793 8.4587
-0.5655 2.3920 8.4587
-2.9556 5.1208 8.4587
-2.7805 5.0801 8.4587
-2.6430 5.0650 8.4587
-2.5430 5.0772 8.4587
-3.0772 2.5821 8.9039
-2.7675 2.9678 8.9039
-2.7530 3.0044 8.9039
-2.7711 3.3024 8.9039
-2.7542 3.3411 8.9039
-2.7365 3.6314 8.9039
-2.7273 3.6857 8.9039
-2.7322 3.8304 8.9039
-2.7165 3.8795 8.9039
-2.6491 3.8544 8.9039
-2.6042 3.8608 8.9039
-2.5538 3.8584 8.9039
-2.4999 3.8495 8.9039
-2.4544 3.8526 8.9039
-2.4080 3.8535 8.9039
-2.3596 3.8505 8.9039
-2.3089 3.8427 8.9039
-2.2641 3.8437 8.9039
-2.2190 3.8434 8.9039
-2.1814 3.8557 8.9039
-2.1322 3.8466 8.9039
-2.0885 3.8466 8.9039
-2.0572 3.8691 8.9039
-2.0091 3.8594 8.9039
-1.9617 3.8500 8.9039
-1.9195 3.8500 8.9039
-1.8718 3.8379 8.9039
-1.8323 3.8414 8.9039
-1.7936 3.8464 8.9039
-1.7542 3.8491 8.9039
-1.7103 3.8415 8.9039
-1.6700 3.8406 8.9039
-1.6286 3.8367 8.9039
-1.5889 3.8359 8.9039
-1.5482 3.8321 8.9039
-1.5122 3.8389 8.9039
-1.4725 3.8361 8.9039
-1.4316 3.8291 8.9039
-1.3920 3.8245 8.9039
-1.3573 3.8328 8.9039
-1.3286 3.8587 8.9039
-1.0887 3.2537 8.9039
-0.9957 3.0643 8.9039
-0.9611 3.0481 8.9039
-0.9318 3.0477 8.9039
-0.9071 3.0625 8.9039
-0.8801 3.0693 8.9039
-0.8522 3.0730 8.9039
-0.7964 2.9722 8.9039
-0.7687 2.9722 8.9039
-0.7821 3.1370 8.9039
-0.7785 3.2429 8.9039
-0.7639 3.3090 8.9039
-0.7692 3.4698 8.9039
-0.7655 3.6015 8.9039
-0.7470 3.6718 8.9039
-1.0010 5.1496 8.9039
-0.9505 5.1287 8.9039
-0.8979 5.0924 8.9039
-0.8518 5.0902 8.9039
-0.8122 5.1281 8.9039
-0.7673 5.1340 8.9039
-0.7220 5.1375 8.9039
-0.6773 5.1446 8.9039
-0.6324 5.1503 8.9039
-0.5862 5.1447 8.9039
-0.5473 5.2073 8.9039
-0.4901 5.0895 8.9039
-0.4717 5.3914 8.9039
-3.1071 2.5286 8.9039
-2.7595 2.9383 8.9039
-2.7868 3.2321 8.9039
-2.7696 3.5887 8.9039
-2.6491 3.7465 8.9039
-2.6593 3.8284 8.9039
-2.5176 3.8200 8.9039
-2.3740 3.8080 8.9039
-0.7988 2.8987 8.9039
-0.7970 2.9541 8.9039
-1.0780 3.1938 8.9039
-1.0766 3.2542 8.9039
-1.0754 3.3155 8.9039
-1.0751 3.3780 8.9039
-1.0733 3.4403 8.9039
-1.0732 3.5045 8.9039
-1.3652 3.7818 8.9039
-1.0418 3.6124 8.9039
-1.1730 3.7776 8.9039
-1.1081 3.7968 8.9039
-1.0110 3.7900 8.9039
-0.9456 3.8067 8.9039
-2.7852 5.4614 8.9039
-2.6109 5.4129 8.9039
-2.4250 5.3508 8.9039
-2.4286 5.4492 8.9039
-2.3172 5.4474 8.9039
-2.9432 5.2021 9.3491
-2.9278 5.2818 9.3491
-2.9517 5.4364 9.3491
-2.9516 5.5511 9.3491
-2.9353 5.6387 9.3491
-2.9201 5.7310 9.3491
-2.9146 5.8457 9.3491
-2.7017 5.5393 9.3491
-2.6235 5.5004 9.3491
-2.0848 4.4708 9.3491
-2.0710 4.5443 9.3491
-2.4522 5.5078 9.3491
-2.3901 5.4969 9.3491
-2.3327 5.4954 9.3491
-2.1124 5.0998 9.3491
-2.0622 5.1041 9.3491
-2.0114 5.1061 9.3491
-1.9574 5.0992 9.3491
-1.8960 5.0711 9.3491
-1.8555 5.0978 9.3491
-1.8059 5.0997 9.3491
-1.7525 5.0897 9.3491
-1.7017 5.0859 9.3491
-1.4919 4.5917 9.3491
-1.5183 4.8153 9.3491
-1.5484 5.0646 9.3491
-1.4419 4.8679 9.3491
-1.4584 5.0860 9.3491
-1.4091 5.0812 9.3491
-1.3632 5.0875 9.3491
-1.3140 5.0808 9.3491
-1.2778 5.1251 9.3491
-1.3047 5.4346 9.3491
-1.2573 5.6713 9.3491
-1.1144 5.2429 9.3491
-1.0578 5.1995 9.3491
-1.0037 5.1634 9.3491
-0.9518 5.1355 9.3491
-0.9059 5.1377 9.3491
-0.8606 5.1425 9.3491
-0.8128 5.1320 9.3491
-0.7679 5.1379 9.3491
-0.7227 5.1425 9.3491
-0.6780 5.1496 9.3491
-0.6320 5.1473 9.3491
-0.5876 5.1576 9.3491
-0.5473 5.2073 9.3491
-0.4937 5.1273 9.3491
-0.4833 5.5239 9.3491
-2.9843 5.1425 9.3491
-3.0149 5.3556 9.3491
-2.8021 5.4754 9.3491
-2.2033 5.0710 9.3491
-1.8638 4.8715 9.3491
-1.4709 4.6167 9.3491
-1.8880 5.0677 9.3491
-1.7581 5.0406 9.3491
-1.4972 4.8906 9.3491
-1.5837 5.0577 9.3491
-1.4813 5.0498 9.3491
-1.3795 5.0404 9.3491
-1.2102 5.0502 9.3491
-1.2430 5.1725 9.3491
-1.0033 5.1037 9.3491
-0.9326 5.1180 9.3491
-0.8317 5.0983 9.3491
-0.7603 5.1091 9.3491
-0.6877 5.1176 9.3491
-0.5561 5.1472 9.3491
-0.4465 5.2000 9.3491
-2.9862 3.9628 9.7943
-2.9842 4.0329 9.7943
-2.9842 4.1074 9.7943
-2.9854 4.1854 9.7943
-2.9797 4.2555 9.7943
-2.9821 4.3390 9.7943
-2.9749 4.4105 9.7943
-2.9705 4.4880 9.7943
-2.9677 4.5699 9.7943
-2.9632 4.6513 9.7943
-2.9607 4.7380 9.7943
-2.9495 4.8132 9.7943
-2.9409 4.8944 9.7943
-2.9224 4.9613 9.7943
-3.0150 5.2221 9.7943
-3.0353 5.3649 9.7943
-2.9006 5.2328 9.7943
-2.9517 5.4364 9.7943
-2.7727 5.2147 9.7943
-2.7095 5.2050 9.7943
-2.6577 5.2160 9.7943
-2.5964 5.2076 9.7943
-2.5219 5.1708 9.7943
-2.4660 5.1700 9.7943
-2.3105 4.9548 9.7943
-2.3534 5.1640 9.7943
-2.2920 5.1478 9.7943
-2.2366 5.1438 9.7943
-2.1936 5.1677 9.7943
-2.1139 5.1035 9.7943
-2.0633 5.1069 9.7943
-2.0143 5.1136 9.7943
-1.9592 5.1039 9.7943
-1.8904 5.0562 9.7943
-1.8442 5.0668 9.7943
-1.7789 5.0233 9.7943
-1.7437 5.0642 9.7943
-1.7128 5.1191 9.7943
-1.6616 5.1138 9.7943
-1.6151 5.1224 9.7943
-1.5636 5.1143 9.7943
-1.5121 5.1048 9.7943
-1.4617 5.0976 9.7943
-1.4124 5.0928 9.7943
-1.3645 5.0924 9.7943
-1.3152 5.0857 9.7943
-1.2832 5.1464 9.7943
-1.2872 5.3616 9.7943
-1.1828 5.1232 9.7943
-1.1378 5.1324 9.7943
-1.0899 5.1274 9.7943
-1.0425 5.1240 9.7943
-0.9951 5.1192 9.7943
-0.9518 5.1355 9.7943
-0.9045 5.1299 9.7943
-0.8551 5.1099 9.7943
-0.6276 3.9626 9.7943
-0.5371 3.5941 9.7943
-0.5137 3.6551 9.7943
-0.5207 4.2411 9.7943
-0.5179 4.5456 9.7943
-0.5284 5.0273 9.7943
-0.4942 5.1323 9.7943
-0.5074 5.7998 9.7943
-2.2451 2.4585 9.7943
-2.9987 3.7907 9.7943
-3.0414 3.9730 9.7943
-3.0182 4.2855 9.7943
-0.5845 3.2146 9.7943
-0.5836 3.2733 9.7943
-2.9971 5.1521 9.7943
-0.5528 3.3707 9.7943
-0.5516 3.4311 9.7943
-0.5512 3.4929 9.7943
-0.5835 3.5821 9.7943
-0.5830 3.6460 9.7943
-0.5839 3.7121 9.7943
-0.5840 3.7785 9.7943
-0.5849 3.8465 9.7943
-0.5863 3.9161 9.7943
-1.7901 5.0693 9.7943
-0.5534 4.0258 9.7943
-0.5547 4.0981 9.7943
-0.5558 4.1714 9.7943
-0.5904 4.2784 9.7943
-0.5964 4.3597 9.7943
-0.5957 4.4357 9.7943
-0.7748 4.6960 9.7943
-0.5641 4.5606 9.7943
-0.5724 4.6496 9.7943
-0.7526 4.9249 9.7943
-0.7925 5.0555 9.7943
-2.8205 2.2435 10.2395
-2.7573 2.2328 10.2395
-2.7045 2.2295 10.2395
-2.6551 2.2279 10.2395
-2.6059 2.2257 10.2395
-2.5562 2.2221 10.2395
-2.5255 2.2344 10.2395
-2.4977 2.2489 10.2395
-2.4529 2.2477 10.2395
-2.4076 2.2451 10.2395
-2.3560 2.2358 10.2395
-2.3206 2.2410 10.2395
-2.2810 2.2415 10.2395
-2.2550 2.2550 10.2395
-2.2639 2.3038 10.2395
-2.3716 2.4558 10.2395
-2.4395 2.5707 10.2395
-2.3911 2.5641 10.2395
-2.2720 2.4795 10.2395
-2.2483 2.4970 10.2395
-2.2118 2.5000 10.2395
-2.1761 2.5034 10.2395
-2.1659 2.5360 10.2395
-2.2478 2.6789 10.2395
-2.3955 2.9059 10.2395
-2.2303 2.7542 10.2395
-2.2977 2.8886 10.2395
-2.2527 2.8833 10.2395
-2.2135 2.8846 10.2395
-2.1370 2.8360 10.2395
-1.9891 2.6881 10.2395
-1.8697 2.5735 10.2395
-1.8037 2.5286 10.2395
-1.7683 2.5254 10.2395
-1.7321 2.5202 10.2395
-1.7374 2.5758 10.2395
-1.7347 2.6209 10.2395
-1.4999 2.3097 10.2395
-1.4212 2.2308 10.2395
-1.3836 2.2143 10.2395
-1.3590 2.2177 10.2395
-1.3339 2.2201 10.2395
-1.3079 2.2204 10.2395
-1.2825 2.2214 10.2395
-1.2537 2.2159 10.2395
-1.2309 2.2207 10.2395
-1.2058 2.2208 10.2395
-1.1812 2.2215 10.2395
-1.1567 2.2220 10.2395
-1.1332 2.2240 10.2395
-1.0963 2.1989 10.2395
-1.0674 2.1886 10.2395
-1.0474 2.1960 10.2395
-1.0232 2.1942 10.2395
-0.9998 2.1939 10.2395
-0.9758 2.1916 10.2395
-0.9578 2.2028 10.2395
-0.9335 2.1991 10.2395
-0.9138 2.2062 10.2395
-0.8856 2.1919 10.2395
-0.8664 2.1995 10.2395
-0.8479 2.2089 10.2395
-0.8247 2.2059 10.2395
-0.8017 2.2026 10.2395
-0.7811 2.2058 10.2395
-0.7657 2.2239 10.2395
-0.7536 2.2523 10.2395
-0.7453 2.2939 10.2395
-0.7385 2.3423 10.2395
-0.7274 2.3793 10.2395
-0.7154 2.4153 10.2395
-0.7200 2.5108 10.2395
-0.6908 2.4910 10.2395
-0.6750 2.5191 10.2395
-0.6653 2.5724 10.2395
-0.6597 2.6460 10.2395
-0.6611 2.7538 10.2395
-0.6546 2.8354 10.2395
-0.6331 2.8557 10.2395
-0.6190 2.9119 10.2395
-0.6137 3.0162 10.2395
-0.6079 3.1275 10.2395
-0.5970 3.2211 10.2395
-0.5861 3.3237 10.2395
-0.5757 3.4402 10.2395
-0.5674 3.5823 10.2395
-0.5664 3.7899 10.2395
-0.5486 3.9036 10.2395
-0.5387 4.0917 10.2395
-0.5373 4.3761 10.2395
-0.5216 4.5784 10.2395
-0.5303 5.0452 10.2395
-0.4891 5.0795 10.2395
-0.5058 5.7809 10.2395
-2.6143 2.1596 10.2395
-2.4969 2.1820 10.2395
-2.3089 2.1774 10.2395
-2.1054 2.1640 10.2395
-1.9458 2.1632 10.2395
-1.7755 2.1556 10.2395
-1.6271 2.1536 10.2395
-1.5052 2.1596 10.2395
-1.3781 2.1614 10.2395
-1.2449 2.1584 10.2395
-1.0791 2.1389 10.2395
-1.0173 2.1626 10.2395
-0.8663 2.1448 10.2395
-2.9537 3.1679 10.2395
-2.9637 3.2452 10.2395
-2.9774 3.3250 10.2395
-2.9946 3.4076 10.2395
-2.9882 3.5545 10.2395
-2.9805 3.7032 10.2395
-2.9784 3.8576 10.2395
-2.9875 4.0217 10.2395
-2.9577 4.3306 10.2395
-2.9750 4.4257 10.2395
-2.9895 4.6938 10.2395
-3.0081 5.0673 10.2395
-2.9471 5.2080 10.2395
-2.9757 5.4215 10.2395
-2.7309 2.2915 10.6846
-2.6698 2.2802 10.6846
-2.6166 2.2746 10.6846
-2.5637 2.2681 10.6846
-2.5215 2.2704 10.6846
-2.4986 2.2896 10.6846
-2.4486 2.2833 10.6846
-2.4024 2.2798 10.6846
-2.3573 2.2764 10.6846
-2.3166 2.2766 10.6846
-2.2705 2.2705 10.6846
-2.2268 2.2660 10.6846
-2.1910 2.2688 10.6846
-2.1545 2.2704 10.6846
-2.1108 2.2635 10.6846
-2.0714 2.2605 10.6846
-2.0395 2.2651 10.6846
-1.9998 2.2603 10.6846
-1.9610 2.2558 10.6846
-1.9256 2.2546 10.6846
-1.8975 2.2614 10.6846
-1.8548 2.2501 10.6846
-1.8275 2.2568 10.6846
-1.7910 2.2516 10.6846
-1.7651 2.2592 10.6846
-1.7295 2.2539 10.6846
-1.6971 2.2522 10.6846
-1.6649 2.2500 10.6846
-1.6376 2.2539 10.6846
-1.6045 2.2494 10.6846
-1.5773 2.2527 10.6846
-1.5435 2.2457 10.6846
-1.5160 2.2475 10.6846
-1.4897 2.2507 10.6846
-1.4607 2.2493 10.6846
-1.4303 2.2451 10.6846
-1.4069 2.2516 10.6846
-1.3778 2.2484 10.6846
-1.3520 2.2501 10.6846
-1.3262 2.2514 10.6846
-1.3050 2.2603 10.6846
-1.2734 2.2507 10.6846
-1.2474 2.2504 10.6846
-1.2225 2.2515 10.6846
-1.2028 2.2621 10.6846
-1.1779 2.2628 10.6846
-1.1522 2.2614 10.6846
-1.1284 2.2633 10.6846
-1.0946 2.2443 10.6846
-1.0737 2.2510 10.6846
-1.0489 2.2495 10.6846
-1.0239 2.2467 10.6846
-1.0055 2.2583 10.6846
-0.9761 2.2450 10.6846
-0.9569 2.2543 10.6846
-0.9326 2.2515 10.6846
-0.9129 2.2595 10.6846
-0.8906 2.2609 10.6846
-0.8680 2.2611 10.6846
-0.8496 2.2724 10.6846
-0.8308 2.2825 10.6846
-0.8235 2.3255 10.6846
-0.8107 2.3543 10.6846
-0.8104 2.4220 10.6846
-0.7948 2.4461 10.6846
-0.7704 2.4434 10.6846
-0.7511 2.4567 10.6846
-0.7237 2.4431 10.6846
-0.7100 2.4762 10.6846
-0.6975 2.5151 10.6846
-0.6786 2.5327 10.6846
-0.6683 2.5840 10.6846
-0.6602 2.6479 10.6846
-0.6497 2.7061 10.6846
-0.6393 2.7692 10.6846
-0.6266 2.8264 10.6846
-0.6163 2.8992 10.6846
-0.6073 2.9849 10.6846
-0.6110 3.1432 10.6846
-0.6021 3.2487 10.6846
-0.5934 3.3651 10.6846
-0.5853 3.4974 10.6846
-0.5818 3.6732 10.6846
-0.5568 3.7256 10.6846
-0.5403 3.8442 10.6846
-0.5309 4.0322 10.6846
-0.5346 4.3543 10.6846
-0.5146 4.5168 10.6846
-0.5016 4.7727 10.6846
-0.5057 5.2517 10.6846
-2.5631 2.2047 10.6846
-2.4201 2.2168 10.6846
-2.2501 2.2166 10.6846
-2.0695 2.2095 10.6846
-1.9090 2.2068 10.6846
-1.7686 2.2093 10.6846
-1.6193 2.2057 10.6846
-1.4973 2.2108 10.6846
-1.3682 2.2108 10.6846
-1.2350 2.2067 10.6846
-1.1068 2.2025 10.6846
-1.0001 2.2058 10.6846
-0.9344 2.2264 10.6846
-2.9682 3.2473 10.6846
-2.9800 3.3264 10.6846
-2.9700 3.4698 10.6846
-2.9658 3.6187 10.6846
-2.9875 3.7070 10.6846
-2.9987 3.7907 10.6846
-3.0025 3.9505 10.6846
-3.0079 4.1146 10.6846
-2.9612 4.5016 10.6846
-2.9855 4.6038 10.6846
-3.0106 4.7968 10.6846
-2.9724 5.3224 10.6846
-2.8340 2.5074 11.1298
-2.7697 2.4938 11.1298
-2.7058 2.4794 11.1298
-2.6475 2.4688 11.1298
-2.6099 2.4767 11.1298
-2.5637 2.4758 11.1298
-2.5156 2.4721 11.1298
-2.4586 2.4586 11.1298
-2.4202 2.4629 11.1298
-2.3653 2.4494 11.1298
-2.3184 2.4431 11.1298
-2.2751 2.4398 11.1298
-2.2376 2.4419 11.1298
-2.1974 2.4405 11.1298
-2.1495 2.4296 11.1298
-2.1138 2.4317 11.1298
-2.0782 2.4333 11.1298
-2.0389 2.4299 11.1298
-2.0017 2.4283 11.1298
-1.9647 2.4262 11.1298
-1.9286 2.4245 11.1298
-1.8932 2.4231 11.1298
-1.8579 2.4213 11.1298
-1.8211 2.4167 11.1298
-1.7970 2.4285 11.1298
-1.7587 2.4206 11.1298
-1.7311 2.4269 11.1298
-1.6961 2.4222 11.1298
-1.6681 2.4271 11.1298
-1.6317 2.4191 11.1298
-1.6045 2.4241 11.1298
-1.5702 2.4179 11.1298
-1.5404 2.4180 11.1298
-1.5134 2.4220 11.1298
-1.4860 2.4249 11.1298
-1.4524 2.4172 11.1298
-1.4297 2.4272 11.1298
-1.3940 2.4145 11.1298
-1.3684 2.4187 11.1298
-1.3376 2.4131 11.1298
-1.3174 2.4264 11.1298
-1.2845 2.4157 11.1298
-1.2578 2.4162 11.1298
-1.2312 2.4164 11.1298
-1.2101 2.4271 11.1298
-1.1797 2.4187 11.1298
-1.1585 2.4289 11.1298
-1.1271 2.4171 11.1298
-1.1085 2.4323 11.1298
-1.0840 2.4346 11.1298
-1.0579 2.4330 11.1298
-1.0370 2.4430 11.1298
-1.0110 2.4409 11.1298
-0.9830 2.4329 11.1298
-0.9573 2.4303 11.1298
-0.9368 2.4404 11.1298
-0.9147 2.4466 11.1298
-0.8896 2.4441 11.1298
-0.8646 2.4414 11.1298
-0.8419 2.4451 11.1298
-0.8218 2.4562 11.1298
-0.7997 2.4613 11.1298
-0.7776 2.4663 11.1298
-0.7546 2.4682 11.1298
-0.7322 2.4718 11.1298
-0.7178 2.5031 11.1298
-0.7055 2.5440 11.1298
-0.6926 2.5848 11.1298
-0.6788 2.6246 11.1298
-0.6708 2.6906 11.1298
-0.6569 2.7362 11.1298
-0.6472 2.8033 11.1298
-0.6340 2.8596 11.1298
-0.6239 2.9354 11.1298
-0.6152 3.0240 11.1298
-0.6091 3.1334 11.1298
-0.7515 4.0549 11.1298
-0.5700 3.8136 11.1298
-0.5450 3.8779 11.1298
-0.5389 4.0937 11.1298
-0.5255 4.2799 11.1298
-0.5162 4.5307 11.1298
-0.5034 4.7896 11.1298
-0.5230 5.4319 11.1298
-0.4835 5.5269 11.1298
-2.6146 2.4133 11.1298
-2.3767 2.3864 11.1298
-2.2012 2.3797 11.1298
-2.0161 2.3660 11.1298
-1.8797 2.3692 11.1298
-1.7373 2.3674 11.1298
-1.6229 2.3753 11.1298
-1.4988 2.3770 11.1298
-1.3732 2.3758 11.1298
-1.2408 2.3692 11.1298
-1.1802 2.3945 11.1298
-1.0710 2.3953 11.1298
-0.9721 2.3992 11.1298
-0.9055 2.4180 11.1298
-0.7946 2.4126 11.1298
-2.9845 3.8611 11.1298
-3.0016 3.9500 11.1298
-3.0045 4.1126 11.1298
-2.7460 4.1958 11.1298
-2.9801 4.4290 11.1298
-2.9971 4.6117 11.1298
-3.0040 4.7922 11.1298
-2.9577 5.4072 11.1298
-2.8201 2.6298 11.5750
-2.7724 2.6309 11.5750
-2.6939 2.6015 11.5750
-2.6412 2.5955 11.5750
-2.5901 2.5901 11.5750
-2.5457 2.5905 11.5750
-2.5008 2.5896 11.5750
-2.4326 2.5635 11.5750
-2.3945 2.5678 11.5750
-2.3477 2.5620 11.5750
-2.3065 2.5616 11.5750
-2.2556 2.5494 11.5750
-1.3211 2.5377 11.5750
-1.2934 2.5385 11.5750
-1.2645 2.5362 11.5750
-1.2402 2.5427 11.5750
-1.2127 2.5426 11.5750
-1.1825 2.5358 11.5750
-1.1582 2.5415 11.5750
-1.1299 2.5378 11.5750
-1.1069 2.5458 11.5750
-1.0745 2.5314 11.5750
-1.0520 2.5397 11.5750
-1.0231 2.5321 11.5750
-1.0057 2.5531 11.5750
-0.9830 2.5608 11.5750
-0.9564 2.5581 11.5750
-0.9344 2.5672 11.5750
-0.9080 2.5640 11.5750
-0.8862 2.5737 11.5750
-0.8589 2.5671 11.5750
-0.8365 2.5745 11.5750
-0.8146 2.5836 11.5750
-0.7920 2.5906 11.5750
-0.7697 2.5984 11.5750
-0.7484 2.6098 11.5750
-0.7298 2.6317 11.5750
-0.7151 2.6689 11.5750
-0.7008 2.7098 11.5750
-0.6873 2.7566 11.5750
-0.6730 2.8033 11.5750
-0.6611 2.8637 11.5750
-0.6480 2.9230 11.5750
-0.6377 3.0000 11.5750
-0.6292 3.0926 11.5750
-0.6440 3.3130 11.5750
-0.8403 4.5338 11.5750
-0.5902 3.9491 11.5750
-0.5596 3.9819 11.5750
-0.5459 4.1462 11.5750
-0.5366 4.3702 11.5750
-0.5392 4.7324 11.5750
-0.5141 4.8911 11.5750
-0.5101 5.2975 11.5750
-0.4874 5.5707 11.5750
-2.8426 2.5652 11.5750
-2.5622 2.5219 11.5750
-2.3656 2.5072 11.5750
-2.2179 2.5093 11.5750
-2.9248 2.8715 11.5750
-2.9307 2.9440 11.5750
-2.9358 3.0168 11.5750
-2.9438 3.0915 11.5750
-2.9573 3.1696 11.5750
-1.2885 2.5013 11.5750
-1.2271 2.5264 11.5750
-1.1238 2.5292 11.5750
-1.0244 2.5322 11.5750
-0.9588 2.5516 11.5750
-0.8942 2.5705 11.5750
-0.8243 2.5855 11.5750
-2.9748 3.9345 11.5750
-2.9875 4.0217 11.5750
-2.9888 4.1847 11.5750
-2.9801 4.4290 11.5750
-2.9549 4.7578 11.5750
-2.9880 4.8704 11.5750
-2.9851 5.1431 11.5750
-2.9625 5.7080 11.5750
-2.8303 3.0351 12.0202
-2.7787 3.0324 12.0202
-2.6531 2.9466 12.0202
-2.6339 2.9771 12.0202
-2.4858 2.8596 12.0202
-2.4133 2.8257 12.0202
-2.3391 2.7876 12.0202
-2.2746 2.7593 12.0202
-2.2341 2.7589 12.0202
-2.1813 2.7423 12.0202
-2.1333 2.7305 12.0202
-2.0801 2.7109 12.0202
-2.0389 2.7058 12.0202
-2.0117 2.7186 12.0202
-1.9861 2.7337 12.0202
-1.9297 2.7053 12.0202
-1.9026 2.7171 12.0202
-1.8714 2.7229 12.0202
-1.8403 2.7284 12.0202
-1.8010 2.7210 12.0202
-1.7543 2.7014 12.0202
-1.7306 2.7166 12.0202
-1.6926 2.7087 12.0202
-1.6506 2.6935 12.0202
-1.6224 2.7001 12.0202
-1.6028 2.7210 12.0202
-1.5705 2.7202 12.0202
-1.5472 2.7347 12.0202
-1.5126 2.7288 12.0202
-1.4854 2.7358 12.0202
-1.4549 2.7363 12.0202
-1.4291 2.7453 12.0202
-1.4046 2.7568 12.0202
-1.3881 2.7841 12.0202
-1.3576 2.7836 12.0202
-1.3311 2.7908 12.0202
-1.3080 2.8050 12.0202
-1.2822 2.8136 12.0202
-1.2523 2.8128 12.0202
-1.2365 2.8438 12.0202
-1.2101 2.8508 12.0202
-1.1944 2.8834 12.0202
-1.1515 2.8502 12.0202
-1.1460 2.9094 12.0202
-1.1124 2.8978 12.0202
-1.0926 2.9224 12.0202
-1.0596 2.9112 12.0202
-1.0278 2.9024 12.0202
-1.0054 2.9198 12.0202
-0.9751 2.9142 12.0202
-0.9512 2.9274 12.0202
-0.9265 2.9384 12.0202
-0.9104 2.9779 12.0202
-0.8827 2.9800 12.0202
-0.8614 3.0039 12.0202
-0.8332 3.0046 12.0202
-0.7969 2.9741 12.0202
-0.7647 2.9567 12.0202
-0.7400 2.9681 12.0202
-0.7251 3.0202 12.0202
-0.7050 3.0537 12.0202
-0.6870 3.0988 12.0202
-0.7329 3.4480 12.0202
-0.7564 3.7178 12.0202
-0.7047 3.6251 12.0202
-0.6384 3.4443 12.0202
-0.6383 3.6202 12.0202
-0.6188 3.6976 12.0202
-0.6045 3.8164 12.0202
-0.5880 3.9343 12.0202
-0.6133 4.3641 12.0202
-0.6034 4.5834 12.0202
-0.5828 4.7464 12.0202
-0.5687 4.9917 12.0202
-0.5525 5.2570 12.0202
-0.5379 5.5862 12.0202
-2.6845 2.9049 12.0202
-2.3769 2.8332 12.0202
-2.2459 2.8379 12.0202
-2.0837 2.8254 12.0202
-1.9446 2.8214 12.0202
-1.8008 2.8124 12.0202
-1.7448 2.8456 12.0202
-1.6249 2.8448 12.0202
-2.9349 3.6023 12.0202
-2.9533 3.6884 12.0202
-1.3116 2.9147 12.0202
-1.2488 2.9380 12.0202
-1.1514 2.9402 12.0202
-1.0227 2.9218 12.0202
-0.9254 2.9202 12.0202
-2.9365 4.4007 12.0202
-2.9656 4.5904 12.0202
-2.8778 5.2485 12.0202
-2.8823 5.4436 12.0202
-2.8882 5.6456 12.0202
-2.9398 5.7905 12.0202
