-0.5879 3.0244 0.0000
-0.5254 2.8347 0.0000
-0.5024 2.8490 0.0000
-2.8855 2.9944 0.0000
-2.3770 2.9654 0.0000
-2.1073 2.9007 0.0000
-1.9681 2.8958 0.0000
-1.8259 2.8869 0.0000
-1.7083 2.8882 0.0000
-1.6210 2.9037 0.0000
-1.4681 2.8820 0.0000
-1.3745 2.8904 0.0000
-1.2838 2.8989 0.0000
-1.1890 2.9035 0.0000
-1.0584 2.8854 0.0000
-0.9601 2.8842 0.0000
-0.8973 2.9030 0.0000
-0.7946 2.8960 0.0000
-0.5355 2.7875 0.0000
-0.6603 2.9225 0.0000
-0.3920 2.8011 0.0000
-2.3724 4.3500 0.0000
-2.5687 4.5713 0.0000
-2.3327 4.6514 0.0000
-2.4513 4.8275 0.0000
-2.4455 5.3683 0.0000
-3.1401 2.9799 0.4621
-3.1234 3.0162 0.4621
-3.1091 3.0553 0.4621
-3.0597 3.0597 0.4621
-3.0328 3.0862 0.4621
-3.0544 3.1629 0.4621
-3.0852 3.2511 0.4621
-3.0874 3.3108 0.4621
-3.0847 3.3664 0.4621
-3.0907 3.4326 0.4621
-3.0825 3.4841 0.4621
-3.0841 3.5479 0.4621
-3.0810 3.6074 0.4621
-3.0822 3.6732 0.4621
-3.0773 3.7331 0.4621
-3.0780 3.8010 0.4621
-3.0721 3.8622 0.4621
-3.0808 3.9432 0.4621
-3.0718 4.0033 0.4621
-3.0711 4.0754 0.4621
-3.0627 4.1391 0.4621
-3.0635 4.2166 0.4621
-3.0580 4.2871 0.4621
-3.0635 4.3751 0.4621
-3.0552 4.4453 0.4621
-3.0543 4.5282 0.4621
-3.0500 4.6081 0.4621
-3.0522 4.6999 0.4621
-3.0067 4.7196 0.4621
-2.9442 4.7118 0.4621
-2.8805 4.7006 0.4621
-2.8203 4.6938 0.4621
-2.7575 4.6812 0.4621
-2.7035 4.6826 0.4621
-2.6384 4.6634 0.4621
-2.5700 4.6364 0.4621
-2.5151 4.6322 0.4621
-2.4610 4.6284 0.4621
-2.3997 4.6098 0.4621
-2.3340 4.5807 0.4621
-2.2707 4.5543 0.4621
-2.2168 4.5452 0.4621
-2.1500 4.5075 0.4621
-2.0975 4.4980 0.4621
-2.0519 4.5025 0.4621
-2.0077 4.5093 0.4621
-1.9555 4.4973 0.4621
-1.9056 4.4893 0.4621
-1.8591 4.4882 0.4621
-1.8123 4.4857 0.4621
-1.7673 4.4865 0.4621
-1.7230 4.4887 0.4621
-1.6820 4.4988 0.4621
-1.6369 4.4974 0.4621
-1.5936 4.5002 0.4621
-1.5468 4.4922 0.4621
-1.5094 4.5112 0.4621
-1.4709 4.5270 0.4621
-1.4271 4.5263 0.4621
-1.3826 4.5224 0.4621
-1.3431 4.5343 0.4621
-1.3040 4.5477 0.4621
-1.2662 4.5657 0.4621
-1.2224 4.5621 0.4621
-1.1838 4.5774 0.4621
-1.1428 4.5837 0.4621
-1.1012 4.5867 0.4621
-0.7016 3.0391 0.4621
-0.6270 2.8283 0.4621
-0.5980 2.8132 0.4621
-0.5696 2.7996 0.4621
-0.5366 2.7603 0.4621
-0.5117 2.7610 0.4621
-0.4918 2.7890 0.4621
-0.4701 2.8089 0.4621
-0.5394 3.4055 0.4621
-0.5861 3.9214 0.4621
-0.5847 4.1601 0.4621
-0.5835 4.4318 0.4621
-0.5749 4.6818 0.4621
-3.1704 2.9038 0.4621
-3.1273 2.9574 0.4621
-3.0847 3.0110 0.4621
-3.0293 3.1305 0.4621
-3.1577 3.3378 0.4621
-3.1593 3.4897 0.4621
-3.1494 3.7163 0.4621
-3.1376 3.9478 0.4621
-3.1365 4.1919 0.4621
-0.6005 2.7212 0.4621
-0.6046 2.7773 0.4621
-0.6276 2.9013 0.4621
-0.6605 2.9788 0.4621
-0.7214 3.0767 0.4621
-0.6539 3.2055 0.4621
-0.6525 3.2640 0.4621
-0.6511 3.3233 0.4621
-0.6499 3.3834 0.4621
-0.6496 3.4450 0.4621
-0.6501 3.5080 0.4621
-0.6498 3.5714 0.4621
-0.6496 3.6356 0.4621
-0.6501 3.7013 0.4621
-0.6506 3.7680 0.4621
-0.6510 3.8356 0.4621
-0.6520 3.9049 0.4621
-0.6530 3.9751 0.4621
-0.6545 4.0469 0.4621
-0.6567 4.1204 0.4621
-1.0381 4.5489 0.4621
-0.6225 4.2348 0.4621
-0.9091 4.5861 0.4621
-0.6264 4.3891 0.4621
-0.6289 4.4689 0.4621
-0.7054 4.6254 0.4621
-0.6329 4.6318 0.4621
-3.1474 2.9868 0.9242
-3.1083 3.0016 0.9242
-3.0691 3.0160 0.9242
-3.0441 3.0441 0.9242
-3.0553 3.1091 0.9242
-3.0551 3.1637 0.9242
-3.1045 3.2714 0.9242
-3.1072 3.3320 0.9242
-3.1104 3.3944 0.9242
-3.1021 3.4452 0.9242
-3.0997 3.5036 0.9242
-3.0999 3.5660 0.9242
-3.1024 3.6325 0.9242
-3.1015 3.6962 0.9242
-3.1002 3.7609 0.9242
-3.0975 3.8251 0.9242
-3.0989 3.8958 0.9242
-3.0869 3.9511 0.9242
-3.0876 4.0239 0.9242
-3.0873 4.0970 0.9242
-3.0830 4.1664 0.9242
-3.0806 4.2401 0.9242
-3.0789 4.3164 0.9242
-3.0807 4.3997 0.9242
-3.0829 4.4857 0.9242
-3.0426 4.5108 0.9242
-2.9589 4.4705 0.9242
-2.8822 4.4382 0.9242
-2.8160 4.4202 0.9242
-2.7402 4.3853 0.9242
-2.6721 4.3604 0.9242
-2.5984 4.3244 0.9242
-2.5336 4.3013 0.9242
-2.4665 4.2721 0.9242
-2.4075 4.2552 0.9242
-2.3576 4.2533 0.9242
-2.2970 4.2306 0.9242
-2.2441 4.2205 0.9242
-2.1896 4.2062 0.9242
-2.1387 4.1975 0.9242
-2.0945 4.2008 0.9242
-2.0507 4.2046 0.9242
-1.9993 4.1916 0.9242
-1.9504 4.1826 0.9242
-1.9014 4.1722 0.9242
-1.8572 4.1712 0.9242
-1.8119 4.1671 0.9242
-1.7735 4.1782 0.9242
-1.7362 4.1916 0.9242
-1.6955 4.1964 0.9242
-1.6544 4.1999 0.9242
-1.6134 4.2030 0.9242
-1.5773 4.2188 0.9242
-1.5353 4.2183 0.9242
-1.4961 4.2249 0.9242
-1.4537 4.2217 0.9242
-1.4161 4.2324 0.9242
-1.3779 4.2408 0.9242
-1.3393 4.2479 0.9242
-1.3002 4.2527 0.9242
-1.2636 4.2658 0.9242
-1.2263 4.2767 0.9242
-1.1897 4.2901 0.9242
-1.1520 4.2993 0.9242
-1.1144 4.3092 0.9242
-1.0790 4.3275 0.9242
-1.0398 4.3309 0.9242
-0.6850 2.9670 0.9242
-0.6398 2.8859 0.9242
-0.5965 2.8063 0.9242
-0.5722 2.8124 0.9242
-0.5432 2.7947 0.9242
-0.5190 2.8003 0.9242
-0.4952 2.8087 0.9242
-0.4743 2.8346 0.9242
-0.5787 3.6535 0.9242
-0.5908 3.9531 0.9242
-0.5881 4.1849 0.9242
-0.5905 4.4853 0.9242
-0.5751 4.6838 0.9242
-0.5724 5.0235 0.9242
-0.5236 4.9816 0.9242
-0.4807 4.9919 0.9242
-3.1034 2.9473 0.9242
-3.1797 3.1254 0.9242
-3.1812 3.2740 0.9242
-2.9783 3.3255 0.9242
-3.1620 3.4911 0.9242
-3.1459 3.7145 0.9242
-3.1657 3.8833 0.9242
-3.1339 4.1903 0.9242
-0.6004 2.7747 0.9242
-0.5338 2.7864 0.9242
-0.6343 2.9056 0.9242
-0.7255 3.0219 0.9242
-0.7239 3.0784 0.9242
-2.1357 4.1070 0.9242
-2.0079 4.0948 0.9242
-0.6555 3.2066 0.9242
-0.6525 3.2640 0.9242
-0.6511 3.3233 0.9242
-0.6507 3.3840 0.9242
-0.6504 3.4456 0.9242
-0.6493 3.5074 0.9242
-0.6490 3.5707 0.9242
-0.6496 3.6356 0.9242
-0.6501 3.7013 0.9242
-0.6506 3.7680 0.9242
-0.6510 3.8356 0.9242
-0.6520 3.9049 0.9242
-0.6530 3.9751 0.9242
-0.6538 4.0462 0.9242
-0.6559 4.1197 0.9242
-0.6593 4.1957 0.9242
-0.6609 4.2712 0.9242
-0.6631 4.3486 0.9242
-3.1590 2.9978 1.3862
-3.1090 3.0023 1.3862
-3.0748 3.0216 1.3862
-3.0533 3.0533 1.3862
-3.0553 3.1091 1.3862
-3.0489 3.1572 1.3862
-3.1114 3.2787 1.3862
-3.1147 3.3401 1.3862
-3.1104 3.3944 1.3862
-3.1034 3.4467 1.3862
-3.1017 3.5059 1.3862
-3.1025 3.5690 1.3862
-3.0972 3.6264 1.3862
-3.0995 3.6939 1.3862
-3.1015 3.7624 1.3862
-3.0981 3.8259 1.3862
-3.0914 3.8864 1.3862
-3.0906 3.9558 1.3862
-3.0889 4.0255 1.3862
-3.0921 4.1034 1.3862
-3.0859 4.1704 1.3862
-3.0688 4.2239 1.3862
-2.9929 4.1960 1.3862
-2.9184 4.1678 1.3862
-2.8315 4.1198 1.3862
-2.7613 4.0938 1.3862
-2.6830 4.0535 1.3862
-2.6066 4.0139 1.3862
-2.5436 3.9926 1.3862
-2.4912 3.9867 1.3862
-2.4375 3.9776 1.3862
-2.3882 3.9747 1.3862
-2.3311 3.9575 1.3862
-2.2750 3.9404 1.3862
-2.2213 3.9262 1.3862
-2.1773 3.9279 1.3862
-2.1277 3.9186 1.3862
-2.0798 3.9115 1.3862
-2.0335 3.9064 1.3862
-1.9939 3.9133 1.3862
-1.9503 3.9118 1.3862
-1.9091 3.9142 1.3862
-1.8658 3.9118 1.3862
-1.8312 3.9270 1.3862
-1.7923 3.9329 1.3862
-1.7555 3.9429 1.3862
-1.7162 3.9470 1.3862
-1.6762 3.9490 1.3862
-1.6325 3.9413 1.3862
-1.5973 3.9535 1.3862
-1.5595 3.9589 1.3862
-1.5173 3.9528 1.3862
-1.4782 3.9537 1.3862
-1.4430 3.9646 1.3862
-1.4080 3.9761 1.3862
-1.3736 3.9891 1.3862
-1.3368 3.9953 1.3862
-1.3007 4.0030 1.3862
-1.2657 4.0142 1.3862
-1.2321 4.0299 1.3862
-1.1968 4.0405 1.3862
-1.1610 4.0488 1.3862
-1.1272 4.0646 1.3862
-1.0943 4.0839 1.3862
-1.0579 4.0904 1.3862
-1.0255 4.1131 1.3862
-0.9898 4.1228 1.3862
-0.6866 2.9738 1.3862
-0.6541 2.9504 1.3862
-0.5996 2.8210 1.3862
-0.5734 2.8183 1.3862
-0.5467 2.8124 1.3862
-0.5227 2.8200 1.3862
-0.5005 2.8382 1.3862
-0.4780 2.8563 1.3862
-0.5912 3.7325 1.3862
-0.5914 3.9571 1.3862
-0.5933 4.2215 1.3862
-0.5897 4.4793 1.3862
-0.5766 4.6957 1.3862
-0.6103 5.3563 1.3862
-3.1052 2.9481 1.3862
-3.1788 3.1250 1.3862
-3.1550 3.3365 1.3862
-3.1629 3.4915 1.3862
-2.9468 3.4580 1.3862
-3.1736 3.6510 1.3862
-3.1648 3.8828 1.3862
-3.1642 4.1258 1.3862
-2.6196 3.8813 1.3862
-2.4977 3.8837 1.3862
-0.5995 2.7741 1.3862
-0.6317 2.8488 1.3862
-0.6310 2.9035 1.3862
-0.7255 3.0219 1.3862
-0.7222 3.0772 1.3862
-1.7739 3.8584 1.3862
-1.6811 3.8659 1.3862
-0.6547 3.2061 1.3862
-0.6533 3.2646 1.3862
-0.6520 3.3239 1.3862
-0.6507 3.3840 1.3862
-0.6504 3.4456 1.3862
-0.6501 3.5080 1.3862
-0.6498 3.5714 1.3862
-0.6496 3.6356 1.3862
-0.6501 3.7013 1.3862
-0.6506 3.7680 1.3862
-0.6510 3.8356 1.3862
-0.6520 3.9049 1.3862
-0.6530 3.9751 1.3862
-0.6538 4.0462 1.3862
-0.6559 4.1197 1.3862
-0.6571 4.1936 1.3862
-3.1365 2.9764 1.8483
-3.1119 3.0051 1.8483
-3.0784 3.0251 1.8483
-3.0441 3.0441 1.8483
-3.0553 3.1091 1.8483
-3.0502 3.1586 1.8483
-3.1114 3.2787 1.8483
-3.1065 3.3313 1.8483
-3.1077 3.3915 1.8483
-3.1054 3.4489 1.8483
-3.1097 3.5148 1.8483
-3.1078 3.5751 1.8483
-3.1031 3.6332 1.8483
-3.1059 3.7015 1.8483
-3.1022 3.7632 1.8483
-3.0975 3.8251 1.8483
-3.0989 3.8958 1.8483
-3.0949 3.9613 1.8483
-3.0889 4.0255 1.8483
-3.0031 3.9852 1.8483
-2.8962 3.9140 1.8483
-2.7843 3.8323 1.8483
-2.7136 3.8044 1.8483
-2.6356 3.7640 1.8483
-2.5551 3.7176 1.8483
-2.4985 3.7041 1.8483
-2.4434 3.6916 1.8483
-2.4002 3.6960 1.8483
-2.3432 3.6780 1.8483
-2.2998 3.6805 1.8483
-2.2488 3.6698 1.8483
-2.1982 3.6584 1.8483
-2.1484 3.6473 1.8483
-2.1005 3.6382 1.8483
-2.0569 3.6355 1.8483
-2.0158 3.6367 1.8483
-1.9711 3.6304 1.8483
-1.9342 3.6377 1.8483
-1.8996 3.6492 1.8483
-1.8659 3.6620 1.8483
-1.8294 3.6692 1.8483
-1.7886 3.6671 1.8483
-1.7578 3.6853 1.8483
-1.7222 3.6932 1.8483
-1.6820 3.6908 1.8483
-1.6465 3.6980 1.8483
-1.6141 3.7123 1.8483
-1.5766 3.7142 1.8483
-1.5407 3.7195 1.8483
-1.5097 3.7366 1.8483
-1.4737 3.7412 1.8483
-1.4363 3.7418 1.8483
-1.4036 3.7542 1.8483
-1.3698 3.7635 1.8483
-1.3366 3.7743 1.8483
-1.3055 3.7915 1.8483
-1.2695 3.7942 1.8483
-1.2392 3.8137 1.8483
-1.2085 3.8330 1.8483
-1.1771 3.8501 1.8483
-1.1446 3.8640 1.8483
-1.1097 3.8700 1.8483
-1.0783 3.8882 1.8483
-1.0456 3.9023 1.8483
-1.0123 3.9142 1.8483
-0.9805 3.9326 1.8483
-0.9476 3.9468 1.8483
-0.6852 2.9679 1.8483
-0.6556 2.9572 1.8483
-0.6056 2.8493 1.8483
-0.5806 2.8535 1.8483
-0.5518 2.8389 1.8483
-0.5265 2.8406 1.8483
-0.5013 2.8431 1.8483
-0.4795 2.8652 1.8483
-0.5810 3.6683 1.8483
-0.5920 3.9610 1.8483
-0.5909 4.2047 1.8483
-0.5880 4.4665 1.8483
-0.5763 4.6938 1.8483
-0.6695 5.8760 1.8483
-0.6200 5.8985 1.8483
-3.1052 2.9481 1.8483
-3.1797 3.1254 1.8483
-3.1550 3.3365 1.8483
-3.1638 3.4919 1.8483
-3.1727 3.6506 1.8483
-2.8718 3.7204 1.8483
-2.4666 3.5681 1.8483
-2.2915 3.5400 1.8483
-2.1475 3.5269 1.8483
-2.0299 3.5270 1.8483
-1.9707 3.5608 1.8483
-0.6301 2.7932 1.8483
-0.5659 2.8069 1.8483
-0.6628 2.9242 1.8483
-0.7247 3.0213 1.8483
-0.7222 3.0772 1.8483
-1.5185 3.6828 1.8483
-1.4566 3.7087 1.8483
-0.6539 3.2055 1.8483
-0.6525 3.2640 1.8483
-0.6520 3.3239 1.8483
-0.6515 3.3846 1.8483
-0.6504 3.4456 1.8483
-0.6501 3.5080 1.8483
-0.6498 3.5714 1.8483
-0.6496 3.6356 1.8483
-0.6501 3.7013 1.8483
-0.6506 3.7680 1.8483
-0.6510 3.8356 1.8483
-0.6520 3.9049 1.8483
-0.6530 3.9751 1.8483
-3.1771 3.0150 2.3104
-3.1162 3.0093 2.3104
-3.0770 3.0237 2.3104
-3.0469 3.0469 2.3104
-3.0553 3.1091 2.3104
-3.0537 3.1622 2.3104
-3.1059 3.2729 2.3104
-3.1065 3.3313 2.3104
-3.1104 3.3944 2.3104
-3.1054 3.4489 2.3104
-3.1110 3.5163 2.3104
-3.1110 3.5788 2.3104
-3.1115 3.6431 2.3104
-3.1111 3.7077 2.3104
-3.1092 3.7717 2.3104
-3.1032 3.8321 2.3104
-3.1014 3.8990 2.3104
-2.9632 3.7927 2.3104
-2.8752 3.7470 2.3104
-2.7431 3.6402 2.3104
-2.6690 3.6069 2.3104
-2.5845 3.5572 2.3104
-2.5203 3.5333 2.3104
-2.4366 3.4798 2.3104
-2.3596 3.4333 2.3104
-2.2888 3.3933 2.3104
-2.2475 3.3956 2.3104
-2.2063 3.3975 2.3104
-2.1739 3.4124 2.3104
-2.1366 3.4193 2.3104
-2.0942 3.4174 2.3104
-2.0545 3.4192 2.3104
-2.0210 3.4310 2.3104
-1.9865 3.4407 2.3104
-1.9461 3.4396 2.3104
-1.9131 3.4512 2.3104
-1.8757 3.4546 2.3104
-1.8436 3.4673 2.3104
-1.8050 3.4673 2.3104
-1.7710 3.4758 2.3104
-1.7388 3.4876 2.3104
-1.7079 3.5017 2.3104
-1.6704 3.5020 2.3104
-1.6414 3.5201 2.3104
-1.6094 3.5316 2.3104
-1.5781 3.5446 2.3104
-1.5432 3.5490 2.3104
-1.5125 3.5633 2.3104
-1.4791 3.5708 2.3104
-1.4505 3.5901 2.3104
-1.4162 3.5951 2.3104
-1.3847 3.6074 2.3104
-1.3518 3.6156 2.3104
-1.3195 3.6253 2.3104
-1.2888 3.6395 2.3104
-1.2567 3.6497 2.3104
-1.2264 3.6653 2.3104
-1.1968 3.6834 2.3104
-1.1634 3.6899 2.3104
-1.1332 3.7066 2.3104
-1.1057 3.7327 2.3104
-1.0775 3.7576 2.3104
-1.0470 3.7755 2.3104
-1.0164 3.7932 2.3104
-0.9847 3.8077 2.3104
-0.9541 3.8268 2.3104
-0.9193 3.8292 2.3104
-0.6879 2.9796 2.3104
-0.6558 2.9582 2.3104
-0.6088 2.8640 2.3104
-0.5816 2.8584 2.3104
-0.5545 2.8526 2.3104
-0.5288 2.8534 2.3104
-0.5060 2.8697 2.3104
-0.4805 2.8711 2.3104
-0.5084 3.2100 2.3104
-0.5920 3.9610 2.3104
-0.5933 4.2215 2.3104
-0.5953 4.5220 2.3104
-0.5772 4.7007 2.3104
-0.6447 5.6584 2.3104
-3.1255 2.9567 2.3104
-3.0801 3.0090 2.3104
-3.1779 3.1246 2.3104
-3.1541 3.3360 2.3104
-3.1611 3.4906 2.3104
-3.1709 3.6497 2.3104
-2.4174 3.3271 2.3104
-2.2783 3.3220 2.3104
-2.1660 3.3292 2.3104
-2.0802 3.3495 2.3104
-1.9935 3.3680 2.3104
-1.9062 3.3848 2.3104
-1.8182 3.3998 2.3104
-1.7584 3.4307 2.3104
-1.6681 3.4418 2.3104
-0.5625 2.8047 2.3104
-0.6628 2.9242 2.3104
-0.7247 3.0213 2.3104
-0.7230 3.0778 2.3104
-1.3602 3.5740 2.3104
-1.2977 3.5975 2.3104
-0.6547 3.2061 2.3104
-0.6533 3.2646 2.3104
-0.6520 3.3239 2.3104
-0.6523 3.3852 2.3104
-0.6504 3.4456 2.3104
-0.6493 3.5074 2.3104
-0.6498 3.5714 2.3104
-0.6496 3.6356 2.3104
-0.6501 3.7013 2.3104
-0.6506 3.7680 2.3104
-0.6510 3.8356 2.3104
-0.6520 3.9049 2.3104
-3.1205 3.0134 2.7725
-3.0820 3.0286 2.7725
-3.0483 3.0483 2.7725
-3.0567 3.1105 2.7725
-3.0537 3.1622 2.7725
-3.1010 3.2678 2.7725
-3.1140 3.3394 2.7725
-3.1064 3.3900 2.7725
-3.1108 3.4549 2.7725
-3.1110 3.5163 2.7725
-3.1143 3.5826 2.7725
-3.1057 3.6363 2.7725
-3.1079 3.7038 2.7725
-3.1079 3.7702 2.7725
-3.1057 3.8352 2.7725
-2.9955 3.7659 2.7725
-2.8610 3.6619 2.7725
-2.7279 3.5550 2.7725
-2.6426 3.5068 2.7725
-2.5476 3.4429 2.7725
-2.4240 3.3364 2.7725
-2.3478 3.2915 2.7725
-2.3081 3.2963 2.7725
-2.2696 3.3023 2.7725
-2.2261 3.3004 2.7725
-2.1835 3.2989 2.7725
-2.1508 3.3119 2.7725
-2.1008 3.2977 2.7725
-2.0709 3.3142 2.7725
-2.0262 3.3065 2.7725
-1.9942 3.3190 2.7725
-1.9591 3.3259 2.7725
-1.9250 3.3342 2.7725
-1.8939 3.3474 2.7725
-1.8617 3.3585 2.7725
-1.8309 3.3720 2.7725
-1.7924 3.3711 2.7725
-1.7593 3.3795 2.7725
-1.7315 3.3983 2.7725
-1.6938 3.3972 2.7725
-1.6627 3.4091 2.7725
-1.6325 3.4226 2.7725
-1.6059 3.4440 2.7725
-1.5725 3.4506 2.7725
-1.5432 3.4660 2.7725
-1.5121 3.4775 2.7725
-1.4836 3.4952 2.7725
-1.4465 3.4923 2.7725
-1.4205 3.5159 2.7725
-1.3890 3.5263 2.7725
-1.3589 3.5401 2.7725
-1.3276 3.5509 2.7725
-1.2969 3.5633 2.7725
-1.2658 3.5745 2.7725
-1.2391 3.5986 2.7725
-1.2070 3.6074 2.7725
-1.1774 3.6235 2.7725
-1.1469 3.6375 2.7725
-1.1177 3.6560 2.7725
-1.0881 3.6732 2.7725
-1.0576 3.6884 2.7725
-1.0259 3.6994 2.7725
-0.9988 3.7275 2.7725
-0.9680 3.7429 2.7725
-0.9362 3.7550 2.7725
-0.9048 3.7689 2.7725
-0.6893 2.9855 2.7725
-0.6552 2.9552 2.7725
-0.6163 2.8992 2.7725
-0.5810 2.8555 2.7725
-0.5547 2.8536 2.7725
-0.5312 2.8662 2.7725
-0.5043 2.8599 2.7725
-0.4809 2.8740 2.7725
-0.4699 2.9670 2.7725
-0.5929 3.9669 2.7725
-0.5901 4.1987 2.7725
-0.5859 4.4506 2.7725
-0.5762 4.6928 2.7725
-0.6415 5.6306 2.7725
-0.6129 5.8309 2.7725
-3.1273 2.9574 2.7725
-3.0801 3.0090 2.7725
-3.1760 3.1237 2.7725
-3.1541 3.3360 2.7725
-3.1620 3.4911 2.7725
-2.4134 3.2553 2.7725
-2.2470 3.2365 2.7725
-2.1061 3.2285 2.7725
-2.0208 3.2487 2.7725
-1.9635 3.2835 2.7725
-1.8758 3.3000 2.7725
-1.8175 3.3325 2.7725
-1.7282 3.3457 2.7725
-1.6681 3.3753 2.7725
-1.6070 3.4037 2.7725
-0.5600 2.8031 2.7725
-0.6620 2.9236 2.7725
-0.7247 3.0213 2.7725
-0.7247 3.0789 2.7725
-1.2968 3.5304 2.7725
-0.6555 3.2066 2.7725
-0.6525 3.2640 2.7725
-0.6511 3.3233 2.7725
-0.6515 3.3846 2.7725
-0.6504 3.4456 2.7725
-0.6501 3.5080 2.7725
-0.6498 3.5714 2.7725
-0.6496 3.6356 2.7725
-0.6501 3.7013 2.7725
-0.6506 3.7680 2.7725
-0.6510 3.8356 2.7725
-3.1198 3.0127 3.2346
-3.0855 3.0321 3.2346
-3.0519 3.0519 3.2346
-3.0518 3.1055 3.2346
-3.0530 3.1615 3.2346
-3.1024 3.2693 3.2346
-3.1099 3.3350 3.2346
-3.1138 3.3981 3.2346
-3.1121 3.4564 3.2346
-3.1137 3.5193 3.2346
-3.1110 3.5788 3.2346
-3.1102 3.6416 3.2346
-3.1092 3.7054 3.2346
-3.1060 3.7678 3.2346
-3.1032 3.8321 3.2346
-3.0429 3.8254 3.2346
-2.9145 3.7304 3.2346
-2.7857 3.6304 3.2346
-2.6985 3.5811 3.2346
-2.6148 3.5338 3.2346
-2.5386 3.4941 3.2346
-2.4517 3.4372 3.2346
-2.3465 3.3512 3.2346
-2.2690 3.3014 3.2346
-2.2301 3.3062 3.2346
-2.1818 3.2964 3.2346
-2.1442 3.3018 3.2346
-2.1089 3.3103 3.2346
-2.0609 3.2981 3.2346
-2.0262 3.3065 3.2346
-1.9880 3.3087 3.2346
-1.9510 3.3121 3.2346
-1.9200 3.3255 3.2346
-1.8825 3.3274 3.2346
-1.8486 3.3349 3.2346
-1.8185 3.3492 3.2346
-1.7873 3.3614 3.2346
-1.7546 3.3706 3.2346
-1.7202 3.3760 3.2346
-1.6884 3.3864 3.2346
-1.6570 3.3974 3.2346
-1.6265 3.4100 3.2346
-1.5958 3.4222 3.2346
-1.5613 3.4260 3.2346
-1.5375 3.4532 3.2346
-1.5029 3.4564 3.2346
-1.4719 3.4675 3.2346
-1.4446 3.4876 3.2346
-1.4119 3.4946 3.2346
-1.3835 3.5123 3.2346
-1.3518 3.5215 3.2346
-1.3164 3.5210 3.2346
-1.2894 3.5426 3.2346
-1.2591 3.5556 3.2346
-1.2267 3.5627 3.2346
-1.1956 3.5733 3.2346
-1.1672 3.5921 3.2346
-1.1373 3.6070 3.2346
-1.1037 3.6101 3.2346
-1.0747 3.6282 3.2346
-1.0452 3.6451 3.2346
-1.0155 3.6618 3.2346
-0.9887 3.6898 3.2346
-0.9577 3.7032 3.2346
-0.7971 3.1971 3.2346
-0.7678 3.1981 3.2346
-0.6886 2.9825 3.2346
-0.6588 2.9718 3.2346
-0.6206 2.9198 3.2346
-0.5869 2.8849 3.2346
-0.5596 2.8791 3.2346
-0.5319 2.8701 3.2346
-0.5055 2.8668 3.2346
-0.4826 2.8839 3.2346
-0.4605 2.9078 3.2346
-0.5905 3.9511 3.2346
-0.5904 4.2007 3.2346
-0.5883 4.4684 3.2346
-0.5763 4.6938 3.2346
-0.6564 5.7607 3.2346
-0.6157 5.8577 3.2346
-3.1273 2.9574 3.2346
-3.0801 3.0090 3.2346
-3.1760 3.1237 3.2346
-3.1541 3.3360 3.2346
-3.1575 3.4888 3.2346
-3.1709 3.6497 3.2346
-2.2470 3.2365 3.2346
-2.1351 3.2442 3.2346
-2.0497 3.2647 3.2346
-1.9635 3.2835 3.2346
-1.8758 3.3000 3.2346
-1.8175 3.3325 3.2346
-1.7282 3.3457 3.2346
-1.6681 3.3753 3.2346
-1.6070 3.4037 3.2346
-0.5954 2.8257 3.2346
-0.5295 2.8376 3.2346
-0.7255 3.0219 3.2346
-0.7247 3.0789 3.2346
-1.2976 3.5310 3.2346
-0.6866 3.1696 3.2346
-1.1701 3.5736 3.2346
-0.6533 3.2646 3.2346
-0.6511 3.3233 3.2346
-0.6515 3.3846 3.2346
-0.6496 3.4450 3.2346
-0.6501 3.5080 3.2346
-0.6498 3.5714 3.2346
-0.6496 3.6356 3.2346
-0.6501 3.7013 3.2346
-0.6506 3.7680 3.2346
-0.6510 3.8356 3.2346
-3.1241 3.0169 3.6967
-3.0862 3.0328 3.6967
-3.0519 3.0519 3.6967
-3.0532 3.1069 3.6967
-3.0489 3.1572 3.6967
-3.0893 3.2555 3.6967
-3.1058 3.3306 3.6967
-3.1151 3.3996 3.6967
-3.1068 3.4504 3.6967
-3.1064 3.5111 3.6967
-3.1123 3.5803 3.6967
-3.1083 3.6393 3.6967
-3.1092 3.7054 3.6967
-3.1085 3.7709 3.6967
-3.0981 3.8259 3.6967
-3.1020 3.8997 3.6967
-3.0488 3.9022 3.6967
-2.9872 3.8930 3.6967
-2.8809 3.8231 3.6967
-2.7921 3.7733 3.6967
-2.6750 3.6818 3.6967
-2.5992 3.6440 3.6967
-2.5249 3.6059 3.6967
-2.4593 3.5784 3.6967
-2.3771 3.5242 3.6967
-2.3126 3.4940 3.6967
-2.2445 3.4562 3.6967
-2.1836 3.4275 3.6967
-2.1101 3.3769 3.6967
-2.0728 3.3824 3.6967
-2.0359 3.3884 3.6967
-1.9921 3.3819 3.6967
-1.9565 3.3888 3.6967
-1.9229 3.3987 3.6967
-1.8893 3.4084 3.6967
-1.8542 3.4151 3.6967
-1.8145 3.4126 3.6967
-1.7791 3.4177 3.6967
-1.7483 3.4313 3.6967
-1.7188 3.4473 3.6967
-1.6833 3.4514 3.6967
-1.6506 3.4605 3.6967
-1.6157 3.4648 3.6967
-1.5899 3.4888 3.6967
-1.5537 3.4897 3.6967
-1.5216 3.4995 3.6967
-1.4902 3.5108 3.6967
-1.4619 3.5292 3.6967
-1.4276 3.5335 3.6967
-1.3916 3.5328 3.6967
-1.3650 3.5560 3.6967
-1.3346 3.5697 3.6967
-1.3017 3.5765 3.6967
-1.2721 3.5924 3.6967
-1.2401 3.6015 3.6967
-1.2092 3.6141 3.6967
-1.1780 3.6254 3.6967
-1.1451 3.6318 3.6967
-1.1157 3.6493 3.6967
-1.0861 3.6665 3.6967
-1.0529 3.6720 3.6967
-1.0219 3.6849 3.6967
-0.9908 3.6976 3.6967
-0.9600 3.7119 3.6967
-0.9309 3.7337 3.6967
-0.8981 3.7407 3.6967
-0.6897 2.9874 3.6967
-0.6582 2.9689 3.6967
-0.6217 2.9247 3.6967
-0.5877 2.8888 3.6967
-0.5629 2.8958 3.6967
-0.5350 2.8868 3.6967
-0.5079 2.8806 3.6967
-0.4838 2.8908 3.6967
-0.4610 2.9107 3.6967
-0.5914 3.9571 3.6967
-0.5876 4.1809 3.6967
-0.5876 4.4635 3.6967
-0.5763 4.6938 3.6967
-0.6145 5.3931 3.6967
-3.1282 2.9578 3.6967
-3.0811 3.0094 3.6967
-3.1769 3.1241 3.6967
-3.1812 3.2740 3.6967
-3.1575 3.4888 3.6967
-3.1709 3.6497 3.6967
-2.6680 3.6075 3.6967
-2.0802 3.3495 3.6967
-1.9944 3.3685 3.6967
-1.9062 3.3848 3.6967
-1.8182 3.3998 3.6967
-1.7286 3.4124 3.6967
-1.6681 3.4418 3.6967
-0.6291 2.8472 3.6967
-0.5270 2.8359 3.6967
-0.7255 3.0219 3.6967
-0.7239 3.0784 3.6967
-1.3289 3.5525 3.6967
-0.6891 3.1713 3.6967
-1.2018 3.5963 3.6967
-0.6541 3.2651 3.6967
-0.6536 3.3251 3.6967
-0.6507 3.3840 3.6967
-0.6496 3.4450 3.6967
-0.6501 3.5080 3.6967
-0.6498 3.5714 3.6967
-0.6496 3.6356 3.6967
-0.7820 3.8101 3.6967
-0.6506 3.7680 3.6967
-0.6510 3.8356 3.6967
-3.1227 3.0155 4.1587
-3.0934 3.0398 4.1587
-3.0498 3.0498 4.1587
-3.0497 3.1034 4.1587
-3.0489 3.1572 4.1587
-3.0955 3.2620 4.1587
-3.1106 3.3357 4.1587
-3.1124 3.3966 4.1587
-3.1088 3.4527 4.1587
-3.1137 3.5193 4.1587
-3.1110 3.5788 4.1587
-3.1050 3.6355 4.1587
-3.1047 3.7000 4.1587
-3.1123 3.7756 4.1587
-3.1044 3.8337 4.1587
-3.1001 3.8974 4.1587
-3.1029 3.9716 4.1587
-3.0998 4.0398 4.1587
-3.0313 4.0227 4.1587
-2.9592 3.9992 4.1587
-2.8702 3.9504 4.1587
-2.7880 3.9086 4.1587
-2.6941 3.8476 4.1587
-2.6179 3.8091 4.1587
-2.5550 3.7879 4.1587
-2.5058 3.7858 4.1587
-2.4280 3.7388 4.1587
-2.3663 3.7143 4.1587
-2.2988 3.6788 4.1587
-2.2342 3.6459 4.1587
-2.1611 3.5967 4.1587
-2.1068 3.5766 4.1587
-2.0530 3.5559 4.1587
-2.0056 3.5450 4.1587
-1.9611 3.5378 4.1587
-1.9062 3.5109 4.1587
-1.8690 3.5150 4.1587
-1.8359 3.5268 4.1587
-1.8010 3.5346 4.1587
-1.7692 3.5484 4.1587
-1.7342 3.5556 4.1587
-1.7035 3.5715 4.1587
-1.6723 3.5863 4.1587
-1.6331 3.5834 4.1587
-1.6021 3.5985 4.1587
-1.5699 3.6105 4.1587
-1.5328 3.6111 4.1587
-1.5013 3.6244 4.1587
-1.4688 3.6355 4.1587
-1.4371 3.6482 4.1587
-1.4030 3.6550 4.1587
-1.3714 3.6680 4.1587
-1.3376 3.6751 4.1587
-1.3079 3.6933 4.1587
-1.2733 3.6979 4.1587
-1.2416 3.7108 4.1587
-1.2073 3.7158 4.1587
-1.1797 3.7414 4.1587
-1.1446 3.7439 4.1587
-1.1128 3.7567 4.1587
-1.0797 3.7653 4.1587
-1.0484 3.7803 4.1587
-1.0146 3.7864 4.1587
-0.9810 3.7932 4.1587
-0.9476 3.8006 4.1587
-0.9156 3.8136 4.1587
-0.6893 2.9855 4.1587
-0.6565 2.9611 4.1587
-0.6250 2.9403 4.1587
-0.5873 2.8869 4.1587
-0.5612 2.8870 4.1587
-0.5336 2.8790 4.1587
-0.5083 2.8825 4.1587
-0.4849 2.8977 4.1587
-0.4629 2.9226 4.1587
-0.5911 3.9551 4.1587
-0.5897 4.1958 4.1587
-0.5862 4.4526 4.1587
-0.5788 4.7136 4.1587
-0.6586 5.7806 4.1587
-0.6194 5.8935 4.1587
-3.1282 2.9578 4.1587
-3.0811 3.0094 4.1587
-3.1760 3.1237 4.1587
-3.1541 3.3360 4.1587
-3.1593 3.4897 4.1587
-3.1736 3.6510 4.1587
-3.1622 3.8814 4.1587
-2.8483 3.8615 4.1587
-2.2078 3.5624 4.1587
-2.0299 3.5270 4.1587
-1.8804 3.5054 4.1587
-1.8207 3.5372 4.1587
-0.6291 2.8472 4.1587
-0.5270 2.8359 4.1587
-0.7264 3.0224 4.1587
-0.7247 3.0789 4.1587
-0.7191 3.1334 4.1587
-1.3927 3.6640 4.1587
-1.3296 3.6875 4.1587
-0.6533 3.2646 4.1587
-0.6536 3.3251 4.1587
-0.6515 3.3846 4.1587
-0.6504 3.4456 4.1587
-0.6501 3.5080 4.1587
-0.6498 3.5714 4.1587
-0.6496 3.6356 4.1587
-0.6501 3.7013 4.1587
-0.6506 3.7680 4.1587
-0.6510 3.8356 4.1587
-0.6520 3.9049 4.1587
-3.1298 3.0225 4.6208
-3.0955 3.0419 4.6208
-3.0632 3.0632 4.6208
-3.0511 3.1048 4.6208
-3.0482 3.1565 4.6208
-3.0763 3.2417 4.6208
-3.1085 3.3335 4.6208
-3.1050 3.3885 4.6208
-3.1121 3.4564 4.6208
-3.1011 3.5051 4.6208
-3.0999 3.5660 4.6208
-3.1024 3.6325 4.6208
-3.1027 3.6977 4.6208
-3.1009 3.7617 4.6208
-3.0925 3.8189 4.6208
-3.0958 3.8919 4.6208
-3.0968 3.9637 4.6208
-3.0974 4.0366 4.6208
-3.0921 4.1034 4.6208
-3.0877 4.1728 4.6208
-3.0494 4.1972 4.6208
-2.9866 4.1870 4.6208
-2.9098 4.1556 4.6208
-2.8422 4.1355 4.6208
-2.7579 4.0888 4.6208
-2.6780 4.0460 4.6208
-2.6007 4.0047 4.6208
-2.5205 3.9563 4.6208
-2.4615 3.9392 4.6208
-2.4051 3.9247 4.6208
-2.3383 3.8915 4.6208
-2.2880 3.8842 4.6208
-2.2325 3.8668 4.6208
-2.1780 3.8496 4.6208
-2.1225 3.8291 4.6208
-2.0699 3.8123 4.6208
-2.0192 3.7976 4.6208
-1.9670 3.7787 4.6208
-1.9158 3.7600 4.6208
-1.8731 3.7569 4.6208
-1.8320 3.7561 4.6208
-1.7862 3.7448 4.6208
-1.7475 3.7476 4.6208
-1.7069 3.7454 4.6208
-1.6701 3.7510 4.6208
-1.6289 3.7462 4.6208
-1.5950 3.7575 4.6208
-1.5602 3.7667 4.6208
-1.5261 3.7773 4.6208
-1.4913 3.7859 4.6208
-1.4614 3.8071 4.6208
-1.4309 3.8272 4.6208
-1.3972 3.8386 4.6208
-1.3639 3.8516 4.6208
-1.3257 3.8502 4.6208
-1.2930 3.8644 4.6208
-1.2592 3.8756 4.6208
-1.2221 3.8759 4.6208
-1.1885 3.8874 4.6208
-1.1514 3.8871 4.6208
-1.1202 3.9066 4.6208
-1.0887 3.9258 4.6208
-1.0542 3.9342 4.6208
-1.0178 3.9355 4.6208
-0.9849 3.9501 4.6208
-0.9494 3.9546 4.6208
-0.6906 2.9913 4.6208
-0.6586 2.9709 4.6208
-0.6231 2.9315 4.6208
-0.5903 2.9016 4.6208
-0.5612 2.8870 4.6208
-0.5343 2.8829 4.6208
-0.5086 2.8845 4.6208
-0.4846 2.8957 4.6208
-0.4612 2.9117 4.6208
-0.5918 3.9600 4.6208
-0.5898 4.1968 4.6208
-0.5868 4.4575 4.6208
-0.5783 4.7096 4.6208
-0.6223 5.4617 4.6208
-0.6254 5.9502 4.6208
-3.1301 2.9586 4.6208
-3.0829 3.0102 4.6208
-3.1769 3.1241 4.6208
-3.1532 3.3356 4.6208
-3.1611 3.4906 4.6208
-3.1718 3.6501 4.6208
-3.1640 3.8824 4.6208
-3.1573 4.1217 4.6208
-2.5335 3.9057 4.6208
-2.2888 3.8297 4.6208
-0.6274 2.8461 4.6208
-0.5286 2.8370 4.6208
-0.6296 2.9584 4.6208
-0.7247 3.0789 4.6208
-0.7232 3.1362 4.6208
-1.5541 3.7770 4.6208
-1.4925 3.8036 4.6208
-0.6541 3.2651 4.6208
-0.6536 3.3251 4.6208
-0.6523 3.3852 4.6208
-0.6512 3.4462 4.6208
-0.6509 3.5087 4.6208
-0.6498 3.5714 4.6208
-0.6496 3.6356 4.6208
-0.6501 3.7013 4.6208
-0.6506 3.7680 4.6208
-0.6510 3.8356 4.6208
-0.6520 3.9049 4.6208
-0.6530 3.9751 4.6208
-0.6553 4.0476 4.6208
-3.1227 3.0155 5.0829
-3.0955 3.0419 5.0829
-3.0618 3.0618 5.0829
-3.0483 3.1019 5.0829
-3.0384 3.1464 5.0829
-3.0735 3.2388 5.0829
-3.1092 3.3342 5.0829
-3.1016 3.3848 5.0829
-3.1101 3.4541 5.0829
-3.1064 3.5111 5.0829
-3.1058 3.5728 5.0829
-3.1018 3.6317 5.0829
-3.0989 3.6931 5.0829
-3.0983 3.7586 5.0829
-3.0950 3.8220 5.0829
-3.0889 3.8833 5.0829
-3.0912 3.9566 5.0829
-3.0943 4.0326 5.0829
-3.0909 4.1018 5.0829
-3.0895 4.1752 5.0829
-3.0870 4.2490 5.0829
-3.0841 4.3238 5.0829
-3.0813 4.4005 5.0829
-3.0801 4.4816 5.0829
-3.0068 4.4577 5.0829
-2.9197 4.4113 5.0829
-2.8457 4.3821 5.0829
-2.7649 4.3401 5.0829
-2.6936 4.3106 5.0829
-2.6130 4.2641 5.0829
-2.5453 4.2361 5.0829
-2.4814 4.2125 5.0829
-2.4160 4.1846 5.0829
-2.3454 4.1455 5.0829
-2.2873 4.1265 5.0829
-2.2298 4.1067 5.0829
-2.1718 4.0845 5.0829
-2.1162 4.0652 5.0829
-2.0661 4.0550 5.0829
-2.0213 4.0541 5.0829
-1.9700 4.0392 5.0829
-1.9188 4.0228 5.0829
-1.8790 4.0294 5.0829
-1.8358 4.0284 5.0829
-1.7933 4.0278 5.0829
-1.7501 4.0250 5.0829
-1.7091 4.0263 5.0829
-1.6677 4.0263 5.0829
-1.6277 4.0286 5.0829
-1.5884 4.0324 5.0829
-1.5481 4.0331 5.0829
-1.5097 4.0380 5.0829
-1.4693 4.0369 5.0829
-1.4314 4.0420 5.0829
-1.3931 4.0459 5.0829
-1.3587 4.0607 5.0829
-1.3170 4.0534 5.0829
-1.2819 4.0657 5.0829
-1.2437 4.0681 5.0829
-1.2099 4.0846 5.0829
-1.1723 4.0882 5.0829
-1.1387 4.1060 5.0829
-1.1044 4.1216 5.0829
-1.0721 4.1456 5.0829
-1.0325 4.1412 5.0829
-0.9935 4.1384 5.0829
-0.6908 2.9923 5.0829
-0.6601 2.9777 5.0829
-0.6192 2.9129 5.0829
-0.5895 2.8976 5.0829
-0.5650 2.9066 5.0829
-0.5360 2.8918 5.0829
-0.5088 2.8855 5.0829
-0.4847 2.8967 5.0829
-0.4638 2.9285 5.0829
-0.5933 3.9699 5.0829
-0.5897 4.1958 5.0829
-0.5837 4.4337 5.0829
-0.5791 4.7166 5.0829
-0.6481 5.6882 5.0829
-3.1301 2.9586 5.0829
-3.0847 3.0110 5.0829
-3.1779 3.1246 5.0829
-3.1568 3.3373 5.0829
-3.1593 3.4897 5.0829
-3.1700 3.6492 5.0829
-3.1640 3.8824 5.0829
-3.1599 4.1232 5.0829
-0.6603 2.8670 5.0829
-0.5630 2.8594 5.0829
-0.7255 3.0219 5.0829
-2.1921 4.0687 5.0829
-0.7224 3.1356 5.0829
-1.9104 4.0265 5.0829
-1.7864 4.0132 5.0829
-0.6549 3.2657 5.0829
-1.5957 4.0222 5.0829
-0.6515 3.3846 5.0829
-0.6504 3.4456 5.0829
-0.6509 3.5087 5.0829
-0.6506 3.5720 5.0829
-0.6496 3.6356 5.0829
-0.6501 3.7013 5.0829
-0.6506 3.7680 5.0829
-0.6510 3.8356 5.0829
-0.6513 3.9042 5.0829
-0.6530 3.9751 5.0829
-0.6545 4.0469 5.0829
-0.6559 4.1197 5.0829
-0.6586 4.1950 5.0829
-0.6602 4.2706 5.0829
-3.1291 3.0218 5.5450
-3.0955 3.0419 5.5450
-3.0667 3.0667 5.5450
-3.0511 3.1048 5.5450
-3.0447 3.1529 5.5450
-3.0701 3.2352 5.5450
-3.1072 3.3320 5.5450
-3.0989 3.3819 5.5450
-3.1034 3.4467 5.5450
-3.1037 3.5081 5.5450
-3.0979 3.5637 5.5450
-3.1044 3.6347 5.5450
-3.0976 3.6916 5.5450
-3.1015 3.7624 5.5450
-3.0912 3.8173 5.5450
-3.0958 3.8919 5.5450
-3.0931 3.9590 5.5450
-3.0907 4.0279 5.5450
-3.0915 4.1026 5.5450
-3.0848 4.1688 5.5450
-3.0812 4.2409 5.5450
-3.0830 4.3221 5.5450
-3.0772 4.3948 5.5450
-3.0745 4.4734 5.5450
-3.0778 4.5630 5.5450
-3.0815 4.6556 5.5450
-3.0189 4.6488 5.5450
-2.9111 4.5695 5.5450
-2.8139 4.5031 5.5450
-2.7149 4.4303 5.5450
-2.6293 4.3758 5.5450
-2.5499 4.3288 5.5450
-2.4755 4.2877 5.5450
-2.4109 4.2613 5.5450
-2.3402 4.2218 5.5450
-2.2732 4.1867 5.5450
-2.2126 4.1613 5.5450
-2.1541 4.1379 5.5450
-2.0902 4.1022 5.5450
-2.0306 4.0728 5.5450
-1.9779 4.0554 5.5450
-1.9347 4.0562 5.5450
-1.8891 4.0512 5.5450
-1.8487 4.0566 5.5450
-1.8002 4.0434 5.5450
-1.7629 4.0543 5.5450
-1.7196 4.0511 5.5450
-1.6850 4.0678 5.5450
-1.6475 4.0778 5.5450
-1.6119 4.0920 5.5450
-1.5786 4.1124 5.5450
-1.5423 4.1251 5.5450
-1.5090 4.1459 5.5450
-1.4748 4.1646 5.5450
-1.4432 4.1915 5.5450
-1.4072 4.2058 5.5450
-1.3714 4.2208 5.5450
-1.3375 4.2421 5.5450
-1.3034 4.2632 5.5450
-1.2653 4.2715 5.5450
-1.2277 4.2815 5.5450
-1.1908 4.2939 5.5450
-1.1523 4.3003 5.5450
-1.1152 4.3121 5.5450
-1.0766 4.3178 5.5450
-1.0379 4.3232 5.5450
-0.6908 2.9923 5.5450
-0.6593 2.9738 5.5450
-0.6175 2.9051 5.5450
-0.5895 2.8976 5.5450
-0.5635 2.8987 5.5450
-0.5365 2.8947 5.5450
-0.5123 2.9052 5.5450
-0.4872 2.9115 5.5450
-0.4646 2.9334 5.5450
-0.5898 3.9462 5.5450
-0.5904 4.2007 5.5450
-0.5859 4.4506 5.5450
-0.5795 4.7196 5.5450
-0.6474 5.6822 5.5450
-3.1310 2.9590 5.5450
-3.0829 3.0102 5.5450
-3.1779 3.1246 5.5450
-3.1550 3.3365 5.5450
-3.1602 3.4902 5.5450
-3.1745 3.6515 5.5450
-3.1640 3.8824 5.5450
-3.1625 4.1248 5.5450
-0.6595 2.8665 5.5450
-0.5605 2.8577 5.5450
-0.7280 3.0235 5.5450
-0.7272 3.0806 5.5450
-0.7224 3.1356 5.5450
-1.8138 3.9588 5.5450
-1.7204 3.9662 5.5450
-0.6541 3.2651 5.5450
-0.6536 3.3251 5.5450
-0.6523 3.3852 5.5450
-0.6512 3.4462 5.5450
-0.6509 3.5087 5.5450
-0.6506 3.5720 5.5450
-0.6496 3.6356 5.5450
-0.6501 3.7013 5.5450
-0.6506 3.7680 5.5450
-0.6510 3.8356 5.5450
-0.6513 3.9042 5.5450
-0.6530 3.9751 5.5450
-0.6545 4.0469 5.5450
-0.6559 4.1197 5.5450
-0.6586 4.1950 5.5450
-0.6609 4.2712 5.5450
-0.6638 4.3493 5.5450
-3.1270 3.0197 6.0071
-3.0998 3.0462 6.0071
-3.0667 3.0667 6.0071
-3.0511 3.1048 6.0071
-3.0475 3.1557 6.0071
-3.0611 3.2257 6.0071
-3.1058 3.3306 6.0071
-3.1010 3.3841 6.0071
-3.1094 3.4534 6.0071
-3.1044 3.5089 6.0071
-3.1071 3.5743 6.0071
-3.1018 3.6317 6.0071
-3.1059 3.7015 6.0071
-3.0932 3.7524 6.0071
-3.0925 3.8189 6.0071
-3.0976 3.8943 6.0071
-3.0962 3.9629 6.0071
-3.0974 4.0366 6.0071
-3.0891 4.0994 6.0071
-3.0877 4.1728 6.0071
-3.0888 4.2514 6.0071
-3.0841 4.3238 6.0071
-3.0767 4.3939 6.0071
-3.0852 4.4890 6.0071
-3.0196 4.4768 6.0071
-2.9181 4.4088 6.0071
-2.8092 4.3259 6.0071
-2.7203 4.2701 6.0071
-2.6379 4.2216 6.0071
-2.5576 4.1737 6.0071
-2.4768 4.1221 6.0071
-2.4083 4.0884 6.0071
-2.3415 4.0556 6.0071
-2.2647 4.0028 6.0071
-2.1850 3.9419 6.0071
-2.1191 3.9028 6.0071
-2.0661 3.8859 6.0071
-2.0012 3.8443 6.0071
-1.9494 3.8260 6.0071
-1.9093 3.8294 6.0071
-1.8749 3.8441 6.0071
-1.8379 3.8531 6.0071
-1.7966 3.8527 6.0071
-1.7566 3.8546 6.0071
-1.7250 3.8743 6.0071
-1.6895 3.8856 6.0071
-1.6520 3.8919 6.0071
-1.6191 3.9089 6.0071
-1.5917 3.9396 6.0071
-1.5591 3.9580 6.0071
-1.5227 3.9668 6.0071
-1.4884 3.9809 6.0071
-1.4594 4.0097 6.0071
-1.4264 4.0279 6.0071
-1.3947 4.0506 6.0071
-1.3612 4.0683 6.0071
-1.3282 4.0876 6.0071
-1.2915 4.0962 6.0071
-1.2581 4.1150 6.0071
-1.2227 4.1277 6.0071
-1.1905 4.1517 6.0071
-1.1513 4.1513 6.0071
-1.1158 4.1641 6.0071
-1.0796 4.1747 6.0071
-1.0441 4.1878 6.0071
-1.0064 4.1919 6.0071
-0.6926 3.0001 6.0071
-0.6630 2.9904 6.0071
-0.6183 2.9090 6.0071
-0.5903 2.9016 6.0071
-0.5642 2.9027 6.0071
-0.5374 2.8996 6.0071
-0.5126 2.9072 6.0071
-0.4887 2.9204 6.0071
-0.4649 2.9354 6.0071
-0.5878 3.9333 6.0071
-0.5936 4.2235 6.0071
-0.5859 4.4506 6.0071
-0.5791 4.7166 6.0071
-0.6467 5.6763 6.0071
-3.1310 2.9590 6.0071
-3.0838 3.0106 6.0071
-3.1788 3.1250 6.0071
-3.1559 3.3369 6.0071
-3.1611 3.4906 6.0071
-3.1736 3.6510 6.0071
-3.1631 3.8819 6.0071
-3.1625 4.1248 6.0071
-0.6603 2.8670 6.0071
-0.5613 2.8583 6.0071
-0.7280 3.0235 6.0071
-0.7272 3.0806 6.0071
-0.7240 3.1368 6.0071
-1.6508 3.8447 6.0071
-0.6840 3.2270 6.0071
-1.5561 3.9205 6.0071
-0.6528 3.3245 6.0071
-0.6515 3.3846 6.0071
-0.6512 3.4462 6.0071
-0.6501 3.5080 6.0071
-0.6498 3.5714 6.0071
-0.6496 3.6356 6.0071
-0.6501 3.7013 6.0071
-0.6506 3.7680 6.0071
-0.6510 3.8356 6.0071
-0.6513 3.9042 6.0071
-0.6530 3.9751 6.0071
-0.6545 4.0469 6.0071
-0.6559 4.1197 6.0071
-0.6586 4.1950 6.0071
-0.6602 4.2706 6.0071
-3.1298 3.0225 6.4692
-3.0998 3.0462 6.4692
-3.0653 3.0653 6.4692
-3.0462 3.0998 6.4692
-3.0461 3.1543 6.4692
-3.0549 3.2192 6.4692
-3.1072 3.3320 6.4692
-3.1016 3.3848 6.4692
-3.1054 3.4489 6.4692
-3.1150 3.5208 6.4692
-3.1078 3.5751 6.4692
-3.1005 3.6302 6.4692
-3.1027 3.6977 6.4692
-3.0983 3.7586 6.4692
-3.0975 3.8251 6.4692
-3.0945 3.8903 6.4692
-3.0900 3.9550 6.4692
-3.0901 4.0271 6.4692
-3.0879 4.0978 6.4692
-3.0859 4.1704 6.4692
-3.0847 4.2457 6.4692
-3.0835 4.3230 6.4692
-3.0795 4.3980 6.4692
-2.9685 4.3192 6.4692
-2.8659 4.2488 6.4692
-2.7845 4.2070 6.4692
-2.7079 4.1699 6.4692
-2.6236 4.1183 6.4692
-2.5463 4.0749 6.4692
-2.4709 4.0321 6.4692
-2.3985 3.9918 6.4692
-2.3118 3.9247 6.4692
-2.2380 3.8763 6.4692
-2.1696 3.8348 6.4692
-2.0648 3.7250 6.4692
-2.0198 3.7200 6.4692
-1.9765 3.7172 6.4692
-1.9412 3.7290 6.4692
-1.9095 3.7476 6.4692
-1.8691 3.7489 6.4692
-1.8289 3.7498 6.4692
-1.7935 3.7602 6.4692
-1.7644 3.7838 6.4692
-1.7206 3.7754 6.4692
-1.6855 3.7857 6.4692
-1.6524 3.8003 6.4692
-1.6227 3.8229 6.4692
-1.5855 3.8276 6.4692
-1.5565 3.8524 6.4692
-1.5232 3.8668 6.4692
-1.4919 3.8865 6.4692
-1.4593 3.9031 6.4692
-1.4303 3.9298 6.4692
-1.3997 3.9525 6.4692
-1.3684 3.9740 6.4692
-1.3365 3.9943 6.4692
-1.3044 4.0144 6.4692
-1.2726 4.0361 6.4692
-1.2388 4.0519 6.4692
-1.2034 4.0625 6.4692
-1.1687 4.0757 6.4692
-1.1334 4.0868 6.4692
-1.0989 4.1013 6.4692
-1.0639 4.1137 6.4692
-1.0291 4.1276 6.4692
-0.9931 4.1365 6.4692
-0.6933 3.0030 6.4692
-0.6630 2.9904 6.4692
-0.6192 2.9129 6.4692
-0.5889 2.8947 6.4692
-0.5652 2.9076 6.4692
-0.5387 2.9065 6.4692
-0.5126 2.9072 6.4692
-0.4867 2.9086 6.4692
-0.4663 2.9443 6.4692
-0.5898 3.9462 6.4692
-0.5879 4.1829 6.4692
-0.5835 4.4318 6.4692
-0.5799 4.7225 6.4692
-0.6450 5.6614 6.4692
-3.1540 2.9688 6.4692
-3.0838 3.0106 6.4692
-3.1788 3.1250 6.4692
-3.1559 3.3369 6.4692
-3.1629 3.4915 6.4692
-3.1459 3.7145 6.4692
-3.1666 3.8838 6.4692
-3.1625 4.1248 6.4692
-2.0952 3.6371 6.4692
-2.0344 3.6708 6.4692
-0.6603 2.8670 6.4692
-0.5613 2.8583 6.4692
-0.7280 3.0235 6.4692
-0.7255 3.0795 6.4692
-0.7240 3.1368 6.4692
-0.6840 3.2270 6.4692
-0.6832 3.2863 6.4692
-1.4333 3.9020 6.4692
-0.6507 3.3840 6.4692
-0.6512 3.4462 6.4692
-0.6501 3.5080 6.4692
-0.6498 3.5714 6.4692
-0.6496 3.6356 6.4692
-0.6501 3.7013 6.4692
-0.6506 3.7680 6.4692
-0.6510 3.8356 6.4692
-0.6513 3.9042 6.4692
-0.6530 3.9751 6.4692
-0.6538 4.0462 6.4692
-0.6559 4.1197 6.4692
-0.6586 4.1950 6.4692
-3.1298 3.0225 6.9312
-3.1048 3.0511 6.9312
-3.0710 3.0710 6.9312
-3.0497 3.1034 6.9312
-3.0447 3.1529 6.9312
-3.0494 3.2134 6.9312
-3.1051 3.3299 6.9312
-3.1016 3.3848 6.9312
-3.1008 3.4437 6.9312
-3.1017 3.5059 6.9312
-3.1078 3.5751 6.9312
-3.1031 3.6332 6.9312
-3.1092 3.7054 6.9312
-3.1060 3.7678 6.9312
-3.0963 3.8236 6.9312
-3.1001 3.8974 6.9312
-3.0937 3.9598 6.9312
-3.0956 4.0342 6.9312
-3.0855 4.0946 6.9312
-3.0848 4.1688 6.9312
-3.0870 4.2490 6.9312
-3.0824 4.3213 6.9312
-3.0520 4.3587 6.9312
-2.9170 4.2442 6.9312
-2.8250 4.1883 6.9312
-2.7326 4.1286 6.9312
-2.6524 4.0843 6.9312
-2.5737 4.0398 6.9312
-2.4927 3.9892 6.9312
-2.4286 3.9631 6.9312
-2.3594 3.9267 6.9312
-2.2753 3.8627 6.9312
-2.1875 3.7889 6.9312
-2.1051 3.7208 6.9312
-2.0357 3.6725 6.9312
-1.9983 3.6805 6.9312
-1.9605 3.6872 6.9312
-1.9241 3.6962 6.9312
-1.8868 3.7030 6.9312
-1.8473 3.7050 6.9312
-1.8149 3.7210 6.9312
-1.7802 3.7322 6.9312
-1.7433 3.7385 6.9312
-1.7040 3.7390 6.9312
-1.6709 3.7528 6.9312
-1.6424 3.7774 6.9312
-1.6067 3.7851 6.9312
-1.5732 3.7981 6.9312
-1.5396 3.8107 6.9312
-1.5126 3.8398 6.9312
-1.4772 3.8482 6.9312
-1.4460 3.8675 6.9312
-1.4163 3.8913 6.9312
-1.3850 3.9110 6.9312
-1.3550 3.9352 6.9312
-1.3209 3.9479 6.9312
-1.2864 3.9592 6.9312
-1.2560 3.9837 6.9312
-1.2212 3.9945 6.9312
-1.1909 4.0203 6.9312
-1.1596 4.0440 6.9312
-1.1293 4.0723 6.9312
-1.0966 4.0926 6.9312
-1.0639 4.1137 6.9312
-1.0255 4.1131 6.9312
-0.9921 4.1326 6.9312
-0.6955 3.0128 6.9312
-0.6645 2.9972 6.9312
-0.6252 2.9413 6.9312
-0.5889 2.8947 6.9312
-0.5646 2.9046 6.9312
-0.5383 2.9045 6.9312
-0.5121 2.9042 6.9312
-0.4889 2.9214 6.9312
-0.4643 2.9315 6.9312
-0.5890 3.9412 6.9312
-0.5900 4.1977 6.9312
-0.5868 4.4575 6.9312
-0.5785 4.7116 6.9312
-3.1549 2.9692 6.9312
-3.0847 3.0110 6.9312
-3.1806 3.1258 6.9312
-3.1577 3.3378 6.9312
-3.1638 3.4919 6.9312
-3.1441 3.7135 6.9312
-3.1640 3.8824 6.9312
-3.1633 4.1253 6.9312
-2.0330 3.5990 6.9312
-1.9742 3.6331 6.9312
-1.8866 3.6483 6.9312
-0.5622 2.8588 6.9312
-0.6305 2.9589 6.9312
-0.7860 3.1203 6.9312
-1.6157 3.7496 6.9312
-1.5218 3.8245 6.9312
-0.6832 3.2863 6.9312
-1.3987 3.8765 6.9312
-0.6507 3.3840 6.9312
-0.6512 3.4462 6.9312
-0.6501 3.5080 6.9312
-0.6498 3.5714 6.9312
-0.6496 3.6356 6.9312
-0.6501 3.7013 6.9312
-0.6506 3.7680 6.9312
-0.6510 3.8356 6.9312
-0.6513 3.9042 6.9312
-0.6530 3.9751 6.9312
-0.6545 4.0469 6.9312
-0.6567 4.1204 6.9312
-0.6586 4.1950 6.9312
-3.1298 3.0225 7.3933
-3.1091 3.0553 7.3933
-3.0696 3.0696 7.3933
-3.0433 3.0969 7.3933
-3.0426 3.1507 7.3933
-3.0425 3.2062 7.3933
-3.0983 3.3225 7.3933
-3.0989 3.3819 7.3933
-3.1048 3.4482 7.3933
-3.1011 3.5051 7.3933
-3.1005 3.5668 7.3933
-3.1089 3.6401 7.3933
-3.1059 3.7015 7.3933
-3.0990 3.7594 7.3933
-3.0981 3.8259 7.3933
-3.0989 3.8958 7.3933
-3.1005 3.9684 7.3933
-3.0925 4.0302 7.3933
-3.0855 4.0946 7.3933
-3.0859 4.1704 7.3933
-3.0829 4.2433 7.3933
-3.0806 4.3189 7.3933
-3.0491 4.3546 7.3933
-2.9198 4.2484 7.3933
-2.8256 4.1891 7.3933
-2.7194 4.1086 7.3933
-2.6377 4.0617 7.3933
-2.5565 4.0129 7.3933
-2.4890 3.9833 7.3933
-2.4192 3.9477 7.3933
-2.3352 3.8864 7.3933
-2.2565 3.8308 7.3933
-2.1820 3.7793 7.3933
-2.1081 3.7260 7.3933
-2.0323 3.6664 7.3933
-1.9969 3.6778 7.3933
-1.9661 3.6978 7.3933
-1.9278 3.7033 7.3933
-1.8872 3.7039 7.3933
-1.8544 3.7193 7.3933
-1.8219 3.7354 7.3933
-1.7836 3.7394 7.3933
-1.7484 3.7494 7.3933
-1.7160 3.7654 7.3933
-1.6814 3.7766 7.3933
-1.6428 3.7783 7.3933
-1.6137 3.8017 7.3933
-1.5763 3.8055 7.3933
-1.5449 3.8237 7.3933
-1.5085 3.8296 7.3933
-1.4765 3.8464 7.3933
-1.4432 3.8600 7.3933
-1.4156 3.8894 7.3933
-1.3806 3.8988 7.3933
-1.3446 3.9050 7.3933
-1.3082 3.9099 7.3933
-1.2793 3.9374 7.3933
-1.2470 3.9551 7.3933
-1.2122 3.9648 7.3933
-1.1807 3.9858 7.3933
-1.1491 4.0075 7.3933
-1.1160 4.0241 7.3933
-1.0826 4.0405 7.3933
-1.0533 4.0730 7.3933
-1.0209 4.0946 7.3933
-0.9872 4.1122 7.3933
-0.6955 3.0128 7.3933
-0.6658 3.0031 7.3933
-0.6329 2.9775 7.3933
-0.5907 2.9035 7.3933
-0.5650 2.9066 7.3933
-0.5381 2.9036 7.3933
-0.5130 2.9091 7.3933
-0.4874 2.9125 7.3933
-0.4641 2.9305 7.3933
-0.5899 3.9472 7.3933
-0.5908 4.2037 7.3933
-0.5885 4.4704 7.3933
-0.5789 4.7146 7.3933
-3.1558 2.9696 7.3933
-3.0866 3.0118 7.3933
-3.1558 3.1882 7.3933
-3.1595 3.3386 7.3933
-3.1664 3.4933 7.3933
-3.1441 3.7135 7.3933
-3.1683 3.8848 7.3933
-3.1322 4.1893 7.3933
-2.0637 3.6178 7.3933
-2.0056 3.6527 7.3933
-1.9161 3.6671 7.3933
-0.5639 2.8599 7.3933
-0.6305 2.9589 7.3933
-0.7247 3.0789 7.3933
-0.7240 3.1368 7.3933
-1.5836 3.7976 7.3933
-0.6832 3.2264 7.3933
-1.4607 3.8512 7.3933
-0.6536 3.3251 7.3933
-0.6515 3.3846 7.3933
-0.6504 3.4456 7.3933
-0.6509 3.5087 7.3933
-0.6498 3.5714 7.3933
-0.6496 3.6356 7.3933
-0.6501 3.7013 7.3933
-0.6506 3.7680 7.3933
-0.6510 3.8356 7.3933
-0.6520 3.9049 7.3933
-0.6530 3.9751 7.3933
-0.6553 4.0476 7.3933
-0.6559 4.1197 7.3933
-0.6586 4.1950 7.3933
-0.6588 4.2692 7.3933
-3.1471 3.0391 7.8554
-3.1055 3.0518 7.8554
-3.0703 3.0703 7.8554
-3.0497 3.1034 7.8554
-3.0364 3.1442 7.8554
-3.0446 3.2083 7.8554
-3.1092 3.3342 7.8554
-3.0976 3.3804 7.8554
-3.1014 3.4445 7.8554
-3.1070 3.5119 7.8554
-3.0999 3.5660 7.8554
-3.0946 3.6233 7.8554
-3.1021 3.6969 7.8554
-3.1015 3.7624 7.8554
-3.0994 3.8274 7.8554
-3.0927 3.8880 7.8554
-3.0937 3.9598 7.8554
-3.0937 4.0318 7.8554
-3.0921 4.1034 7.8554
-3.0848 4.1688 7.8554
-3.0882 4.2506 7.8554
-3.0777 4.3148 7.8554
-3.0824 4.4021 7.8554
-2.9719 4.3242 7.8554
-2.8642 4.2463 7.8554
-2.7762 4.1944 7.8554
-2.6856 4.1355 7.8554
-2.6032 4.0862 7.8554
-2.5309 4.0503 7.8554
-2.4557 4.0074 7.8554
-2.3748 3.9524 7.8554
-2.3068 3.9161 7.8554
-2.2395 3.8789 7.8554
-2.1795 3.8522 7.8554
-2.1206 3.8256 7.8554
-2.0441 3.7649 7.8554
-2.0009 3.7631 7.8554
-1.9453 3.7370 7.8554
-1.9149 3.7583 7.8554
-1.8718 3.7542 7.8554
-1.8355 3.7633 7.8554
-1.7974 3.7683 7.8554
-1.7670 3.7893 7.8554
-1.7305 3.7973 7.8554
-1.6953 3.8077 7.8554
-1.6552 3.8067 7.8554
-1.6286 3.8367 7.8554
-1.5939 3.8480 7.8554
-1.5602 3.8617 7.8554
-1.5268 3.8761 7.8554
-1.5001 3.9080 7.8554
-1.4656 3.9200 7.8554
-1.4283 3.9242 7.8554
-1.3936 3.9355 7.8554
-1.3619 3.9551 7.8554
-1.3254 3.9611 7.8554
-1.2901 3.9707 7.8554
-1.2542 3.9780 7.8554
-1.2221 3.9974 7.8554
-1.1889 4.0136 7.8554
-1.1552 4.0286 7.8554
-1.1245 4.0550 7.8554
-1.0909 4.0714 7.8554
-1.0586 4.0933 7.8554
-1.0248 4.1102 7.8554
-0.9900 4.1238 7.8554
-0.6991 3.0283 7.8554
-0.6651 3.0002 7.8554
-0.6379 3.0010 7.8554
-0.5959 2.9290 7.8554
-0.5636 2.8997 7.8554
-0.5391 2.9085 7.8554
-0.5126 2.9072 7.8554
-0.4867 2.9086 7.8554
-0.4663 2.9443 7.8554
-0.5911 3.9551 7.8554
-0.5890 4.1908 7.8554
-0.5891 4.4744 7.8554
-0.5796 4.7205 7.8554
-0.5964 5.2341 7.8554
-0.6240 5.9373 7.8554
-3.1568 2.9699 7.8554
-3.0847 3.0110 7.8554
-3.1567 3.1886 7.8554
-3.1632 3.3403 7.8554
-3.1709 3.4955 7.8554
-3.1503 3.7168 7.8554
-3.1368 3.9473 7.8554
-3.1331 4.1898 7.8554
-2.2888 3.8297 7.8554
-1.9802 3.7079 7.8554
-0.5597 2.8572 7.8554
-0.6296 2.9584 7.8554
-0.7239 3.0784 7.8554
-0.7224 3.1356 7.8554
-1.6180 3.8217 7.8554
-1.5560 3.8489 7.8554
-0.6549 3.2657 7.8554
-1.4630 3.9240 7.8554
-0.6523 3.3852 7.8554
-0.6512 3.4462 7.8554
-0.6509 3.5087 7.8554
-0.6506 3.5720 7.8554
-0.6496 3.6356 7.8554
-0.6501 3.7013 7.8554
-0.6506 3.7680 7.8554
-0.6510 3.8356 7.8554
-0.6513 3.9042 7.8554
-0.6530 3.9751 7.8554
-0.6545 4.0469 7.8554
-0.6559 4.1197 7.8554
-0.6586 4.1950 7.8554
-0.6609 4.2712 7.8554
-0.6588 4.3444 7.8554
-3.1105 3.0567 8.3175
-3.0688 3.0688 8.3175
-3.0300 3.0834 8.3175
-3.0364 3.1442 8.3175
-3.0391 3.2025 8.3175
-3.0997 3.3240 8.3175
-3.0935 3.3760 8.3175
-3.0927 3.4348 8.3175
-3.0964 3.4999 8.3175
-3.0900 3.5547 8.3175
-3.1005 3.6302 8.3175
-3.0963 3.6900 8.3175
-3.0926 3.7516 8.3175
-3.0843 3.8088 8.3175
-3.0889 3.8833 8.3175
-3.0882 3.9527 8.3175
-3.0864 4.0223 8.3175
-3.0885 4.0986 8.3175
-3.0889 4.1744 8.3175
-3.0847 4.2457 8.3175
-3.0841 4.3238 8.3175
-3.0732 4.3890 8.3175
-3.0756 4.4750 8.3175
-3.0118 4.4652 8.3175
-2.9120 4.3996 8.3175
-2.8131 4.3317 8.3175
-2.7306 4.2861 8.3175
-2.6448 4.2326 8.3175
-2.5691 4.1924 8.3175
-2.4979 4.1573 8.3175
-2.4113 4.0936 8.3175
-2.3445 4.0608 8.3175
-2.2853 4.0393 8.3175
-2.2146 3.9953 8.3175
-2.1596 3.9775 8.3175
-2.1042 3.9574 8.3175
-2.0552 3.9481 8.3175
-1.9967 3.9186 8.3175
-1.9410 3.8930 8.3175
-1.9017 3.8990 8.3175
-1.8671 3.9145 8.3175
-1.8236 3.9107 8.3175
-1.7815 3.9092 8.3175
-1.7429 3.9145 8.3175
-1.7066 3.9250 8.3175
-1.6676 3.9287 8.3175
-1.6325 3.9413 8.3175
-1.5988 3.9572 8.3175
-1.5602 3.9608 8.3175
-1.5252 3.9733 8.3175
-1.4891 3.9827 8.3175
-1.4539 3.9946 8.3175
-1.4210 4.0128 8.3175
-1.3885 4.0326 8.3175
-1.3539 4.0465 8.3175
-1.3195 4.0610 8.3175
-1.2873 4.0829 8.3175
-1.2554 4.1064 8.3175
-1.2210 4.1220 8.3175
-1.1828 4.1248 8.3175
-1.1478 4.1388 8.3175
-1.1129 4.1535 8.3175
-1.0784 4.1698 8.3175
-1.0432 4.1839 8.3175
-1.0101 4.2074 8.3175
-0.7016 3.0391 8.3175
-0.6686 3.0158 8.3175
-0.6389 3.0058 8.3175
-0.6065 2.9809 8.3175
-0.5661 2.9125 8.3175
-0.5400 2.9134 8.3175
-0.5138 2.9140 8.3175
-0.4867 2.9086 8.3175
-0.4655 2.9394 8.3175
-0.5833 3.9027 8.3175
-0.5886 4.1878 8.3175
-0.5883 4.4684 8.3175
-0.5795 4.7196 8.3175
-0.5799 5.0901 8.3175
-0.6204 5.9025 8.3175
-3.1558 2.9696 8.3175
-3.0856 3.0114 8.3175
-3.1603 3.1902 8.3175
-3.1650 3.3412 8.3175
-3.1410 3.5570 8.3175
-3.1521 3.7177 8.3175
-3.1429 3.9507 8.3175
-3.1382 4.1929 8.3175
-3.1534 4.4553 8.3175
-0.5622 2.8588 8.3175
-0.6280 2.9573 8.3175
-0.7247 3.0789 8.3175
-0.7232 3.1362 8.3175
-1.7155 3.8900 8.3175
-0.6832 3.2264 8.3175
-1.5917 3.9464 8.3175
-0.6536 3.3251 8.3175
-0.6507 3.3840 8.3175
-0.6512 3.4462 8.3175
-0.6501 3.5080 8.3175
-0.6498 3.5714 8.3175
-0.6496 3.6356 8.3175
-0.6501 3.7013 8.3175
-0.6506 3.7680 8.3175
-0.6510 3.8356 8.3175
-0.6520 3.9049 8.3175
-0.6530 3.9751 8.3175
-0.6545 4.0469 8.3175
-0.6567 4.1204 8.3175
-0.6578 4.1943 8.3175
-0.6602 4.2706 8.3175
-0.6638 4.3493 8.3175
-3.1673 3.0586 8.7796
-3.0841 3.0307 8.7796
-3.0547 3.0547 8.7796
-3.0272 3.0805 8.7796
-3.0058 3.1126 8.7796
-3.0005 3.1619 8.7796
-2.9865 3.2026 8.7796
-3.0901 3.3723 8.7796
-3.0954 3.4378 8.7796
-3.0944 3.4976 8.7796
-3.0861 3.5502 8.7796
-3.0966 3.6256 8.7796
-3.0931 3.6862 8.7796
-3.0894 3.7478 8.7796
-3.0849 3.8096 8.7796
-3.0871 3.8810 8.7796
-3.0826 3.9456 8.7796
-3.0791 4.0128 8.7796
-3.0795 4.0866 8.7796
-3.0782 4.1600 8.7796
-3.0818 4.2417 8.7796
-3.0766 4.3132 8.7796
-3.0721 4.3874 8.7796
-3.0711 4.4684 8.7796
-3.0705 4.5522 8.7796
-3.0666 4.6331 8.7796
-2.9966 4.6144 8.7796
-2.8998 4.5518 8.7796
-2.8224 4.5167 8.7796
-2.7280 4.4516 8.7796
-2.6406 4.3947 8.7796
-2.5697 4.3624 8.7796
-2.4820 4.2990 8.7796
-2.4227 4.2822 8.7796
-2.3620 4.2611 8.7796
-2.3042 4.2438 8.7796
-2.2502 4.2320 8.7796
-2.1901 4.2071 8.7796
-2.1328 4.1859 8.7796
-2.0753 4.1623 8.7796
-2.0235 4.1488 8.7796
-1.9752 4.1411 8.7796
-1.9246 4.1273 8.7796
-1.8790 4.1230 8.7796
-1.8360 4.1237 8.7796
-1.7932 4.1240 8.7796
-1.7501 4.1229 8.7796
-1.7087 4.1251 8.7796
-1.6689 4.1306 8.7796
-1.6273 4.1311 8.7796
-1.5883 4.1376 8.7796
-1.5490 4.1429 8.7796
-1.5110 4.1516 8.7796
-1.4748 4.1646 8.7796
-1.4403 4.1830 8.7796
-1.4031 4.1935 8.7796
-1.3659 4.2037 8.7796
-1.3303 4.2192 8.7796
-1.2920 4.2259 8.7796
-1.2562 4.2409 8.7796
-1.2208 4.2574 8.7796
-1.1863 4.2776 8.7796
-1.1481 4.2848 8.7796
-1.1134 4.3054 8.7796
-0.7812 3.1331 8.7796
-0.7421 3.0912 8.7796
-0.7025 3.0430 8.7796
-0.6703 3.0236 8.7796
-0.6395 3.0088 8.7796
-0.6073 2.9849 8.7796
-0.5686 2.9252 8.7796
-0.5396 2.9114 8.7796
-0.5142 2.9160 8.7796
-0.4877 2.9145 8.7796
-0.4626 2.9206 8.7796
-0.5535 3.7039 8.7796
-0.5905 4.2017 8.7796
-0.5918 4.4952 8.7796
-0.5796 4.7205 8.7796
-0.5996 5.2630 8.7796
-0.6213 5.9114 8.7796
-3.1310 2.9590 8.7796
-3.0829 3.0102 8.7796
-3.1593 3.4897 8.7796
-2.9450 3.4571 8.7796
-3.1547 3.7192 8.7796
-3.1455 3.9522 8.7796
-2.8050 3.8365 8.7796
-3.1459 4.1976 8.7796
-3.1517 4.4542 8.7796
-0.5597 2.8572 8.7796
-0.6280 2.9573 8.7796
-0.7239 3.0784 8.7796
-0.7240 3.1368 8.7796
-2.0767 4.1429 8.7796
-1.9191 4.1079 8.7796
-0.6541 3.2651 8.7796
-1.7307 4.1221 8.7796
-0.6515 3.3846 8.7796
-0.6504 3.4456 8.7796
-0.6501 3.5080 8.7796
-1.4457 4.2045 8.7796
-0.6496 3.6356 8.7796
-0.6501 3.7013 8.7796
-0.6506 3.7680 8.7796
-0.6510 3.8356 8.7796
-0.6513 3.9042 8.7796
-0.6530 3.9751 8.7796
-0.6553 4.0476 8.7796
-0.6567 4.1204 8.7796
-0.6578 4.1943 8.7796
-0.6602 4.2706 8.7796
-0.6638 4.3493 8.7796
-0.6663 4.4283 8.7796
-0.6636 4.5036 8.7796
-3.1083 3.0546 9.2417
-3.0688 3.0688 9.2417
-3.0398 3.0934 9.2417
-3.0370 3.1450 9.2417
-3.0446 3.2083 9.2417
-3.0881 3.3116 9.2417
-3.0901 3.3723 9.2417
-3.0874 3.4289 9.2417
-3.0865 3.4886 9.2417
-3.0841 3.5479 9.2417
-3.0881 3.6157 9.2417
-3.0835 3.6747 9.2417
-3.0773 3.7331 9.2417
-3.0805 3.8041 9.2417
-3.0765 3.8676 9.2417
-3.0728 3.9330 9.2417
-3.0761 4.0088 9.2417
-3.0747 4.0802 9.2417
-3.0746 4.1551 9.2417
-3.0788 4.2376 9.2417
-3.0528 4.2798 9.2417
-3.0308 4.3284 9.2417
-3.0008 4.3662 9.2417
-2.9475 4.3699 9.2417
-2.8910 4.3679 9.2417
-2.8261 4.3519 9.2417
-2.7789 4.3620 9.2417
-2.7227 4.3573 9.2417
-2.6736 4.3630 9.2417
-2.6190 4.3587 9.2417
-2.5656 4.3555 9.2417
-2.5090 4.3457 9.2417
-2.4552 4.3396 9.2417
-2.4042 4.3372 9.2417
-2.3510 4.3299 9.2417
-2.3075 4.3397 9.2417
-2.2519 4.3260 9.2417
-2.2023 4.3223 9.2417
-2.1560 4.3243 9.2417
-2.1042 4.3142 9.2417
-2.0535 4.3053 9.2417
-2.0057 4.3013 9.2417
-1.9669 4.3159 9.2417
-1.9169 4.3055 9.2417
-1.8725 4.3065 9.2417
-1.8204 4.2886 9.2417
-1.7795 4.2960 9.2417
-1.7348 4.2938 9.2417
-1.6833 4.2734 9.2417
-1.6403 4.2730 9.2417
-1.5973 4.2722 9.2417
-1.5555 4.2737 9.2417
-1.5141 4.2758 9.2417
-1.4712 4.2728 9.2417
-1.4285 4.2694 9.2417
-1.3835 4.2579 9.2417
-1.3427 4.2583 9.2417
-1.2999 4.2517 9.2417
-1.2562 4.2409 9.2417
-1.2161 4.2411 9.2417
-1.1769 4.2438 9.2417
-1.1349 4.2356 9.2417
-1.0912 4.2192 9.2417
-1.0519 4.2188 9.2417
-1.0097 4.2055 9.2417
-0.7133 3.0897 9.2417
-0.6697 3.0207 9.2417
-0.6418 3.0195 9.2417
-0.6081 2.9888 9.2417
-0.5703 2.9341 9.2417
-0.5440 2.9350 9.2417
-0.5171 2.9328 9.2417
-0.4910 2.9342 9.2417
-0.4663 2.9443 9.2417
-0.4508 3.0165 9.2417
-0.5845 4.1591 9.2417
-0.6907 5.2467 9.2417
-0.6702 5.4580 9.2417
-3.0875 3.0122 9.2417
-3.1395 3.2546 9.2417
-3.1677 3.3425 9.2417
-3.1482 3.5606 9.2417
-3.1308 3.7848 9.2417
-3.1507 3.9551 9.2417
-2.7594 4.0441 9.2417
-2.6119 4.0316 9.2417
-2.6187 4.1146 9.2417
-0.5915 2.8779 9.2417
-0.5246 2.8888 9.2417
-0.7247 3.0789 9.2417
-0.7215 3.1351 9.2417
-1.8785 4.0041 9.2417
-1.7522 3.9888 9.2417
-0.6533 3.2646 9.2417
-0.6528 3.3245 9.2417
-0.6523 3.3852 9.2417
-0.6504 3.4456 9.2417
-0.6493 3.5074 9.2417
-0.6498 3.5714 9.2417
-0.6496 3.6356 9.2417
-0.6501 3.7013 9.2417
-0.6506 3.7680 9.2417
-0.6837 3.8636 9.2417
-3.0955 3.0419 9.7037
-3.0476 3.0476 9.7037
-2.9915 3.0442 9.7037
-2.9349 3.0392 9.7037
-2.8828 3.0379 9.7037
-2.8344 3.0395 9.7037
-2.7861 3.0405 9.7037
-2.7314 3.0335 9.7037
-2.6863 3.0363 9.7037
-2.6433 3.0407 9.7037
-2.5997 3.0439 9.7037
-2.5461 3.0343 9.7037
-2.5017 3.0348 9.7037
-2.4625 3.0410 9.7037
-2.4185 3.0404 9.7037
-2.3684 3.0315 9.7037
-2.3285 3.0346 9.7037
-2.2923 3.0420 9.7037
-2.2413 3.0289 9.7037
-2.2048 3.0346 9.7037
-2.1579 3.0253 9.7037
-2.1199 3.0276 9.7037
-2.0821 3.0295 9.7037
-2.0439 3.0301 9.7037
-2.0052 3.0295 9.7037
-1.9661 3.0276 9.7037
-1.9332 3.0345 9.7037
-1.8945 3.0318 9.7037
-1.8543 3.0260 9.7037
-1.8212 3.0309 9.7037
-1.7860 3.0321 9.7037
-1.7475 3.0268 9.7037
-1.7107 3.0236 9.7037
-1.6765 3.0244 9.7037
-1.6486 3.0363 9.7037
-1.6108 3.0294 9.7037
-1.5778 3.0309 9.7037
-1.5427 3.0276 9.7037
-1.5064 3.0213 9.7037
-1.4756 3.0253 9.7037
-1.4444 3.0282 9.7037
-1.4107 3.0253 9.7037
-1.3805 3.0293 9.7037
-1.3467 3.0247 9.7037
-1.3175 3.0300 9.7037
-1.2921 3.0441 9.7037
-1.2629 3.0488 9.7037
-1.2268 3.0365 9.7037
-1.1970 3.0387 9.7037
-1.1654 3.0360 9.7037
-1.1469 3.0676 9.7037
-1.2159 3.3406 9.7037
-1.0759 3.0381 9.7037
-1.8730 5.4396 9.7037
-1.0525 3.1456 9.7037
-1.7194 5.2917 9.7037
-0.9740 3.0891 9.7037
-0.9952 3.2553 9.7037
-1.5618 5.2725 9.7037
-1.4917 5.2023 9.7037
-1.4487 5.2238 9.7037
-1.3945 5.2044 9.7037
-1.3478 5.2115 9.7037
-0.5789 2.9783 9.7037
-0.5491 2.9625 9.7037
-0.5187 2.9416 9.7037
-0.4900 2.9283 9.7037
-0.4645 2.9324 9.7037
-0.4421 2.9581 9.7037
-2.9002 3.1430 9.7037
-2.9339 3.2310 9.7037
-1.4510 2.7543 9.7037
-2.3618 3.3673 9.7037
-1.9342 3.2007 9.7037
-1.8173 3.2008 9.7037
-1.9347 3.3340 9.7037
-2.2090 3.6346 9.7037
-2.2470 3.7301 9.7037
-0.5282 2.9464 9.7037
-1.9760 4.0724 9.7037
-1.9158 4.1056 9.7037
-1.7584 4.0675 9.7037
-1.6929 4.0942 9.7037
-0.7498 3.4586 9.7037
-0.7488 3.5211 9.7037
-2.8045 5.1913 9.7037
-3.0541 5.5827 9.7037
-2.2463 5.1982 9.7037
-2.1826 5.2354 9.7037
-1.9277 5.1028 9.7037
-1.9196 5.2777 9.7037
-1.9435 5.3932 9.7037
-1.7055 5.2625 9.7037
-1.7234 5.3725 9.7037
-1.5913 5.4313 9.7037
-2.6721 3.1844 10.1658
-2.8255 3.4276 10.1658
-2.8332 3.4987 10.1658
-2.8237 3.5499 10.1658
-2.7376 3.5677 10.1658
-2.6985 3.5811 10.1658
-2.6719 3.6109 10.1658
-2.6752 4.0418 10.1658
-2.6807 4.1279 10.1658
-2.6381 4.1411 10.1658
-2.5473 4.0766 10.1658
-2.5007 4.0807 10.1658
-2.4768 4.1221 10.1658
-2.4418 4.1453 10.1658
-2.3850 4.1309 10.1658
-2.3395 4.1351 10.1658
-2.3009 4.1509 10.1658
-2.2460 4.1366 10.1658
-2.2056 4.1481 10.1658
-2.1651 4.1592 10.1658
-2.1151 4.1512 10.1658
-2.0708 4.1534 10.1658
-2.0165 4.1345 10.1658
-1.9674 4.1248 10.1658
-1.9305 4.1400 10.1658
-1.8765 4.1176 10.1658
-1.8376 4.1274 10.1658
-1.7932 4.1240 10.1658
-1.7505 4.1239 10.1658
-1.7079 4.1233 10.1658
-1.6644 4.1195 10.1658
-1.6218 4.1171 10.1658
-1.5829 4.1236 10.1658
-1.5409 4.1214 10.1658
-1.4998 4.1206 10.1658
-1.4314 4.0420 10.1658
-1.0799 3.1363 10.1658
-1.1867 3.5467 10.1658
-1.3421 4.1304 10.1658
-1.2386 3.9284 10.1658
-1.0929 3.5747 10.1658
-1.2196 4.1172 10.1658
-1.1883 4.1440 10.1658
-1.1537 4.1600 10.1658
-1.0917 4.0743 10.1658
-1.0736 4.1514 10.1658
-1.3052 5.2347 10.1658
-1.2538 5.2226 10.1658
-1.2042 5.2158 10.1658
-1.1562 5.2154 10.1658
-1.1082 5.2135 10.1658
-1.0614 5.2171 10.1658
-1.0132 5.2124 10.1658
-0.9671 5.2181 10.1658
-0.9200 5.2175 10.1658
-0.8724 5.2135 10.1658
-0.8275 5.2249 10.1658
-0.7813 5.2279 10.1658
-0.7351 5.2306 10.1658
-0.6883 5.2279 10.1658
-0.6451 5.2535 10.1658
-0.6080 5.3365 10.1658
-0.6078 5.7831 10.1658
-2.6442 3.0928 10.1658
-2.5450 3.2533 10.1658
-2.7687 3.5882 10.1658
-2.6033 3.5716 10.1658
-2.5528 3.6169 10.1658
-1.4003 3.0255 10.1658
-1.3074 3.0320 10.1658
-2.5093 3.9675 10.1658
-2.3449 4.0937 10.1658
-2.2833 4.1302 10.1658
-2.1011 4.0832 10.1658
-1.9784 4.0741 10.1658
-1.8857 4.0841 10.1658
-1.7576 4.0669 10.1658
-1.6648 4.0733 10.1658
-1.5692 4.0761 10.1658
-1.5032 4.1000 10.1658
-1.3766 4.0757 10.1658
-2.6643 5.1737 10.1658
-1.1462 4.0377 10.1658
-2.4580 5.1917 10.1658
-2.3527 5.1963 10.1658
-1.0897 4.2104 10.1658
-2.9777 5.2630 10.6279
-2.9127 5.2547 10.6279
-2.8553 5.2588 10.6279
-2.7948 5.2562 10.6279
-2.7349 5.2538 10.6279
-2.6749 5.2498 10.6279
-2.6098 5.2345 10.6279
-2.4474 5.0180 10.6279
-2.3471 4.9209 10.6279
-2.4140 5.1768 10.6279
-2.3907 5.2459 10.6279
-2.3339 5.2419 10.6279
-2.2804 5.2447 10.6279
-2.2244 5.2404 10.6279
-2.1648 5.2264 10.6279
-2.1177 5.2414 10.6279
-2.0638 5.2392 10.6279
-2.0015 5.2140 10.6279
-1.9083 5.1039 10.6279
-1.8934 5.2021 10.6279
-1.8436 5.2062 10.6279
-1.7919 5.2041 10.6279
-1.7093 5.1086 10.6279
-1.5380 4.7334 10.6279
-1.5856 5.0289 10.6279
-1.5984 5.2281 10.6279
-1.5499 5.2323 10.6279
-1.4948 5.2129 10.6279
-1.4476 5.2200 10.6279
-1.4000 5.2247 10.6279
-1.4046 5.4313 10.6279
-1.3027 5.2250 10.6279
-1.2513 5.2119 10.6279
-1.2053 5.2207 10.6279
-1.1554 5.2115 10.6279
-1.1075 5.2106 10.6279
-1.0610 5.2152 10.6279
-1.0140 5.2164 10.6279
-0.9668 5.2162 10.6279
-0.9186 5.2096 10.6279
-0.8726 5.2145 10.6279
-0.8255 5.2120 10.6279
-0.7785 5.2091 10.6279
-0.7344 5.2256 10.6279
-0.6902 5.2428 10.6279
-0.6446 5.2496 10.6279
-0.6047 5.3077 10.6279
-0.5887 5.6011 10.6279
-3.0378 5.1828 10.6279
-2.1903 4.6272 10.6279
-2.8021 5.1894 10.6279
-2.6948 5.1980 10.6279
-2.5606 5.1831 10.6279
-2.4595 5.1929 10.6279
-2.3205 5.1693 10.6279
-2.2204 5.1761 10.6279
-2.0709 5.1383 10.6279
-1.8592 5.1316 10.6279
-1.7994 5.1676 10.6279
-1.6642 5.1327 10.6279
-1.4755 5.0443 10.6279
-1.4968 5.1537 10.6279
-1.3867 5.1363 10.6279
-1.2514 5.1811 10.6279
-1.1504 5.1677 10.6279
-1.0790 5.1835 10.6279
-0.9770 5.1656 10.6279
-0.9026 5.1757 10.6279
-0.8352 5.1924 10.6279
-0.7632 5.2030 10.6279
-0.6947 5.2166 10.6279
-2.9470 2.2207 11.0900
-2.8997 2.2250 11.0900
-2.9873 2.3340 11.0900
-3.0733 2.4446 11.0900
-3.0247 2.4493 11.0900
-3.0363 2.5030 11.0900
-3.0458 2.5557 11.0900
-3.0629 2.6160 11.0900
-3.0807 2.6780 11.0900
-3.0745 2.7201 11.0900
-3.0677 2.7622 11.0900
-3.0619 2.8057 11.0900
-3.0629 2.8562 11.0900
-3.0654 2.9090 11.0900
-3.0896 2.9836 11.0900
-3.0891 3.0356 11.0900
-3.0879 3.0879 11.0900
-3.0924 3.1469 11.0900
-3.0891 3.1989 11.0900
-3.0900 3.2562 11.0900
-3.0949 3.3189 11.0900
-3.0989 3.3819 11.0900
-3.0867 3.4281 11.0900
-3.0308 3.4257 11.0900
-3.0999 3.5660 11.0900
-3.0920 3.6203 11.0900
-3.0995 3.6939 11.0900
-3.0990 3.7594 11.0900
-3.1044 3.8337 11.0900
-3.0970 3.8935 11.0900
-3.0371 3.8873 11.0900
-2.9969 3.9057 11.0900
-3.0656 4.0682 11.0900
-3.0990 4.1881 11.0900
-3.1053 4.2740 11.0900
-3.1068 4.3555 11.0900
-3.1088 4.4398 11.0900
-3.1033 4.5154 11.0900
-3.1002 4.5962 11.0900
-3.0958 4.6773 11.0900
-3.0331 4.6706 11.0900
-2.9702 4.6623 11.0900
-2.9087 4.6549 11.0900
-2.9396 4.7970 11.0900
-2.8775 4.7890 11.0900
-2.8295 4.8036 11.0900
-2.6770 4.6367 11.0900
-2.5119 4.4397 11.0900
-2.5322 4.5681 11.0900
-2.4454 4.5039 11.0900
-2.3300 4.3821 11.0900
-2.2316 4.2869 11.0900
-2.2450 4.4060 11.0900
-1.0731 2.2002 11.0900
-1.0522 2.2059 11.0900
-1.0227 2.1933 11.0900
-0.9969 2.1875 11.0900
-0.9782 2.1971 11.0900
-0.9566 2.2000 11.0900
-0.9327 2.1972 11.0900
-0.9112 2.1998 11.0900
-0.8916 2.2067 11.0900
-0.8759 2.2237 11.0900
-0.8554 2.2285 11.0900
-0.8401 2.2471 11.0900
-0.8294 2.2788 11.0900
-0.8215 2.3198 11.0900
-0.8116 2.3572 11.0900
-0.8002 2.3917 11.0900
-0.7985 2.4575 11.0900
-0.8065 2.5579 11.0900
-0.7888 2.5801 11.0900
-0.7731 2.6099 11.0900
-0.7806 2.7223 11.0900
-0.7699 2.7762 11.0900
-0.7578 2.8282 11.0900
-0.7451 2.8812 11.0900
-0.7340 2.9439 11.0900
-0.7251 3.0202 11.0900
-0.7180 3.1102 11.0900
-0.7065 3.1866 11.0900
-0.7013 3.2993 11.0900
-0.6948 3.4150 11.0900
-0.6852 3.5250 11.0900
-0.6752 3.6430 11.0900
-0.6654 3.7738 11.0900
-0.6574 3.9284 11.0900
-0.6505 4.1068 11.0900
-0.6263 4.1905 11.0900
-0.6210 4.4186 11.0900
-0.6209 4.7163 11.0900
-0.5909 4.8129 11.0900
-0.5977 5.2461 11.0900
-0.6076 5.7812 11.0900
-2.8716 2.1807 11.0900
-2.7423 2.2024 11.0900
-2.6983 2.2513 11.0900
-3.0601 2.4435 11.0900
-3.0436 2.5737 11.0900
-3.0525 2.7150 11.0900
-3.0601 2.7878 11.0900
-3.0721 2.9340 11.0900
-1.2148 2.1979 11.0900
-1.0045 2.1569 11.0900
-3.1103 3.1674 11.0900
-3.1009 3.3106 11.0900
-1.6399 2.6727 11.0900
-1.5198 2.6723 11.0900
-1.3973 2.6686 11.0900
-1.2710 2.6606 11.0900
-0.9597 2.5520 11.0900
-1.0787 2.6707 11.0900
-0.9765 2.6698 11.0900
-0.8799 2.6704 11.0900
-3.1202 4.0999 11.0900
-3.1192 4.2646 11.0900
-3.1263 4.6109 11.0900
-3.1285 4.8794 11.0900
-3.0898 5.4141 11.0900
-2.8762 2.3291 11.5521
-2.8249 2.3287 11.5521
-2.7823 2.3346 11.5521
-2.7306 2.3322 11.5521
-2.6958 2.3434 11.5521
-2.6521 2.3463 11.5521
-2.6084 2.3486 11.5521
-2.5547 2.3409 11.5521
-2.5042 2.3352 11.5521
-2.4641 2.3383 11.5521
-2.4191 2.3361 11.5521
-2.3723 2.3312 11.5521
-2.3271 2.3271 11.5521
-2.2815 2.3216 11.5521
-2.2444 2.3242 11.5521
-2.1986 2.3168 11.5521
-2.1626 2.3191 11.5521
-2.1261 2.3202 11.5521
-2.0877 2.3186 11.5521
-2.0528 2.3203 11.5521
-2.0161 2.3192 11.5521
-1.9795 2.3177 11.5521
-1.9502 2.3242 11.5521
-1.9057 2.3118 11.5521
-1.8735 2.3136 11.5521
-1.8420 2.3157 11.5521
-1.8131 2.3207 11.5521
-1.7782 2.3174 11.5521
-1.7368 2.3049 11.5521
-1.7101 2.3111 11.5521
-1.6822 2.3154 11.5521
-1.6486 2.3113 11.5521
-1.6204 2.3141 11.5521
-1.5865 2.3084 11.5521
-1.5590 2.3114 11.5521
-1.5322 2.3149 11.5521
-1.4983 2.3072 11.5521
-1.4744 2.3143 11.5521
-1.4509 2.3220 11.5521
-1.4175 2.3132 11.5521
-1.3901 2.3135 11.5521
-1.3643 2.3161 11.5521
-1.3395 2.3201 11.5521
-1.3108 2.3169 11.5521
-1.2847 2.3177 11.5521
-1.2583 2.3174 11.5521
-1.2380 2.3283 11.5521
-1.2126 2.3293 11.5521
-1.1881 2.3318 11.5521
-1.1557 2.3179 11.5521
-1.1275 2.3117 11.5521
-1.0974 2.3007 11.5521
-1.0781 2.3120 11.5521
-1.0525 2.3095 11.5521
-1.0339 2.3222 11.5521
-1.0092 2.3211 11.5521
-0.9843 2.3188 11.5521
-0.9636 2.3263 11.5521
-0.9522 2.3569 11.5521
-0.9346 2.3726 11.5521
-0.9181 2.3918 11.5521
-0.9007 2.4091 11.5521
-0.8893 2.4432 11.5521
-0.8769 2.4763 11.5521
-0.8706 2.5283 11.5521
-0.8650 2.5851 11.5521
-0.8547 2.6306 11.5521
-0.8573 2.7190 11.5521
-0.8338 2.7274 11.5521
-0.8111 2.7384 11.5521
-0.7908 2.7579 11.5521
-0.7750 2.7945 11.5521
-0.7591 2.8331 11.5521
-0.7471 2.8890 11.5521
-0.7352 2.9487 11.5521
-0.7269 3.0280 11.5521
-0.7194 3.1160 11.5521
-0.7062 3.1857 11.5521
-0.7032 3.3081 11.5521
-0.6940 3.4111 11.5521
-0.6835 3.5162 11.5521
-0.6805 3.6715 11.5521
-0.6762 3.8348 11.5521
-0.6513 3.8919 11.5521
-0.6447 4.0703 11.5521
-0.6251 4.1825 11.5521
-0.6204 4.4146 11.5521
-0.6190 4.7014 11.5521
-0.5858 4.7712 11.5521
-0.5645 4.9549 11.5521
-0.5724 5.4460 11.5521
-2.8231 2.2943 11.5521
-2.6671 2.3043 11.5521
-2.4362 2.2844 11.5521
-2.2399 2.2732 11.5521
-2.1097 2.2839 11.5521
-1.9491 2.2804 11.5521
-1.8103 2.2829 11.5521
-1.6636 2.2796 11.5521
-1.5440 2.2854 11.5521
-1.4184 2.2864 11.5521
-1.3197 2.2972 11.5521
-1.1557 2.2767 11.5521
-1.0550 2.2826 11.5521
-3.1054 3.3128 11.5521
-3.1011 3.4607 11.5521
-3.1268 3.5498 11.5521
-3.1309 3.7065 11.5521
-3.1368 3.8673 11.5521
-3.1202 4.0999 11.5521
-3.1192 4.2646 11.5521
-3.1403 4.5330 11.5521
-3.1571 4.7196 11.5521
-3.1443 4.9819 11.5521
-3.1205 5.4381 11.5521
-2.8221 2.4968 12.0142
-2.7333 2.4611 12.0142
-2.6800 2.4558 12.0142
-2.6446 2.4661 12.0142
-2.6099 2.4767 12.0142
-2.5587 2.4709 12.0142
-2.5121 2.4686 12.0142
-2.4650 2.4650 12.0142
-2.4181 2.4607 12.0142
-2.3723 2.4565 12.0142
-2.3294 2.4547 12.0142
-2.2854 2.4508 12.0142
-2.2430 2.4478 12.0142
-2.1981 2.4412 12.0142
-2.1608 2.4423 12.0142
-2.1224 2.4415 12.0142
-2.0815 2.4371 12.0142
-2.0396 2.4307 12.0142
-2.0100 2.4383 12.0142
-1.9729 2.4364 12.0142
-1.9366 2.4347 12.0142
-1.9036 2.4365 12.0142
-1.8713 2.4388 12.0142
-1.8379 2.4390 12.0142
-1.8065 2.4413 12.0142
-1.7663 2.4311 12.0142
-1.7351 2.4326 12.0142
-1.7058 2.4362 12.0142
-1.6703 2.4303 12.0142
-1.6435 2.4365 12.0142
-1.6144 2.4391 12.0142
-1.5865 2.4430 12.0142
-1.5528 2.4374 12.0142
-1.5177 2.4288 12.0142
-1.4896 2.4309 12.0142
-1.4622 2.4335 12.0142
-1.4348 2.4358 12.0142
-1.4070 2.4370 12.0142
-1.3793 2.4379 12.0142
-1.3516 2.4384 12.0142
-1.3246 2.4396 12.0142
-1.2981 2.4414 12.0142
-1.2707 2.4411 12.0142
-1.2439 2.4414 12.0142
-1.2119 2.4306 12.0142
-1.1849 2.4294 12.0142
-1.1585 2.4289 12.0142
-1.1360 2.4362 12.0142
-1.1126 2.4414 12.0142
-1.0925 2.4538 12.0142
-1.0702 2.4614 12.0142
-1.0526 2.4798 12.0142
-1.0290 2.4843 12.0142
-1.0141 2.5099 12.0142
-0.9980 2.5335 12.0142
-0.9895 2.5776 12.0142
-0.9802 2.6217 12.0142
-0.9683 2.6603 12.0142
-0.9667 2.7299 12.0142
-0.9412 2.7335 12.0142
-0.9148 2.7340 12.0142
-0.8872 2.7305 12.0142
-0.8606 2.7295 12.0142
-0.8379 2.7408 12.0142
-0.8148 2.7509 12.0142
-0.7941 2.7694 12.0142
-0.7753 2.7955 12.0142
-0.7620 2.8437 12.0142
-0.7509 2.9035 12.0142
-0.7381 2.9604 12.0142
-0.7290 3.0367 12.0142
-0.7216 3.1258 12.0142
-0.7086 3.1964 12.0142
-0.7050 3.3169 12.0142
-0.6942 3.4121 12.0142
-0.6881 3.5397 12.0142
-0.6783 3.6597 12.0142
-0.6698 3.7984 12.0142
-0.6590 3.9382 12.0142
-0.6545 4.1325 12.0142
-0.6351 4.2498 12.0142
-0.6398 4.5523 12.0142
-0.6174 4.6895 12.0142
-0.5980 4.8704 12.0142
-0.5811 5.1000 12.0142
-0.5791 5.5097 12.0142
-0.5698 5.9176 12.0142
-2.6146 2.4133 12.0142
-2.4253 2.4050 12.0142
-2.2496 2.3988 12.0142
-2.0949 2.3979 12.0142
-1.9306 2.3902 12.0142
-1.7622 2.3780 12.0142
-1.6449 2.3849 12.0142
-1.5243 2.3884 12.0142
-1.4287 2.4011 12.0142
-1.3341 2.4127 12.0142
-1.2082 2.4078 12.0142
-1.1465 2.4321 12.0142
-3.1020 3.4612 12.0142
-3.0991 3.6123 12.0142
-3.1291 3.7055 12.0142
-3.1046 3.9290 12.0142
-3.1306 4.1060 12.0142
-3.1303 4.2714 12.0142
-3.1246 4.6098 12.0142
-3.1056 4.8634 12.0142
-3.1606 4.9935 12.0142
-3.1260 5.4424 12.0142
-3.1139 5.9392 12.0142
-2.9457 2.7954 12.4762
-2.9097 2.8099 12.4762
-2.7211 2.6740 12.4762
-2.5703 2.5703 12.4762
-2.5303 2.5748 12.4762
-2.4883 2.5767 12.4762
-2.4409 2.5722 12.4762
-2.3945 2.5678 12.4762
-2.3436 2.5576 12.4762
-2.3098 2.5653 12.4762
-2.2642 2.5592 12.4762
-2.2260 2.5607 12.4762
-2.1731 2.5443 12.4762
-2.1341 2.5433 12.4762
-2.0965 2.5433 12.4762
-2.0585 2.5420 12.4762
-2.0219 2.5419 12.4762
-1.9837 2.5390 12.4762
-1.9511 2.5427 12.4762
-1.9168 2.5437 12.4762
-1.8790 2.5394 12.4762
-1.8439 2.5379 12.4762
-1.8141 2.5433 12.4762
-1.7781 2.5394 12.4762
-1.7411 2.5334 12.4762
-1.7122 2.5385 12.4762
-1.6829 2.5425 12.4762
-1.6535 2.5462 12.4762
-1.6248 2.5504 12.4762
-1.5898 2.5441 12.4762
-1.5633 2.5511 12.4762
-1.5312 2.5484 12.4762
-1.4998 2.5461 12.4762
-1.4740 2.5530 12.4762
-1.4453 2.5545 12.4762
-1.4161 2.5548 12.4762
-1.3857 2.5521 12.4762
-1.3558 2.5500 12.4762
-1.3303 2.5555 12.4762
-1.2957 2.5429 12.4762
-1.2685 2.5443 12.4762
-1.2463 2.5553 12.4762
-1.2291 2.5769 12.4762
-1.2053 2.5848 12.4762
-1.1860 2.6025 12.4762
-1.1694 2.6264 12.4762
-1.1612 2.6705 12.4762
-1.1480 2.7044 12.4762
-1.1408 2.7541 12.4762
-1.1152 2.7602 12.4762
-1.0856 2.7559 12.4762
-1.0575 2.7550 12.4762
-1.0293 2.7529 12.4762
-1.0011 2.7505 12.4762
-0.9777 2.7610 12.4762
-0.9487 2.7552 12.4762
-0.9243 2.7625 12.4762
-0.8900 2.7390 12.4762
-0.8681 2.7534 12.4762
-0.8412 2.7513 12.4762
-0.8185 2.7633 12.4762
-0.8016 2.7953 12.4762
-0.7835 2.8254 12.4762
-0.7664 2.8601 12.4762
-0.7559 2.9228 12.4762
-0.7396 2.9662 12.4762
-0.7400 3.0824 12.4762
-0.7318 3.1696 12.4762
-0.7058 3.1837 12.4762
-0.8075 3.7991 12.4762
-0.7243 3.5601 12.4762
-0.6331 3.2570 12.4762
-0.6076 3.2782 12.4762
-0.6135 3.4793 12.4762
-0.6590 3.9382 12.4762
-0.6551 4.1364 12.4762
-0.6363 4.2577 12.4762
-0.6366 4.5295 12.4762
-0.6238 4.7381 12.4762
-0.6082 4.9538 12.4762
-0.5907 5.1845 12.4762
-0.5922 5.6340 12.4762
-2.5380 2.5124 12.4762
-2.4398 2.5372 12.4762
-2.2373 2.5173 12.4762
-2.0531 2.5015 12.4762
-1.9155 2.5025 12.4762
-1.7737 2.4994 12.4762
-1.6571 2.5052 12.4762
-1.5643 2.5201 12.4762
-1.4753 2.5353 12.4762
-1.3487 2.5307 12.4762
-1.2557 2.5964 12.4762
-3.0337 3.6548 12.4762
-1.1165 2.6912 12.4762
-1.0404 2.7052 12.4762
-0.9757 2.7246 12.4762
-0.8781 2.7240 12.4762
-3.1099 4.1759 12.4762
-3.1165 4.3469 12.4762
-3.1189 4.6939 12.4762
-3.1080 4.8651 12.4762
-3.1177 5.2430 12.4762
-3.0929 5.6142 12.4762
-3.1299 5.9528 12.4762
-2.9115 2.8611 12.9383
-2.8560 2.8560 12.9383
-2.8092 2.8587 12.9383
-2.7453 2.8428 12.9383
-2.6990 2.8442 12.9383
-2.6502 2.8420 12.9383
-2.6105 2.8488 12.9383
-2.5454 2.8269 12.9383
-2.5074 2.8340 12.9383
-2.4583 2.8279 12.9383
-2.4172 2.8302 12.9383
-2.3687 2.8229 12.9383
-2.3287 2.8249 12.9383
-2.2876 2.8249 12.9383
-2.2491 2.8276 12.9383
-2.2090 2.8274 12.9383
-2.1690 2.8267 12.9383
-2.1292 2.8256 12.9383
-2.0973 2.8344 12.9383
-2.0508 2.8227 12.9383
-2.0121 2.8209 12.9383
-1.9731 2.8179 12.9383
-1.9399 2.8226 12.9383
-1.9018 2.8196 12.9383
-1.8639 2.8160 12.9383
-1.8267 2.8129 12.9383
-1.7946 2.8169 12.9383
-1.7572 2.8121 12.9383
-1.7258 2.8163 12.9383
-1.6873 2.8081 12.9383
-1.6566 2.8124 12.9383
-1.6255 2.8154 12.9383
-1.5945 2.8182 12.9383
-1.5577 2.8102 12.9383
-1.5264 2.8113 12.9383
-1.4962 2.8140 12.9383
-1.4656 2.8154 12.9383
-1.4346 2.8156 12.9383
-1.4046 2.8173 12.9383
-1.3743 2.8177 12.9383
-1.3436 2.8170 12.9383
-1.3139 2.8177 12.9383
-1.2868 2.8236 12.9383
-1.2597 2.8293 12.9383
-1.2297 2.8282 12.9383
-1.1992 2.8250 12.9383
-1.1733 2.8326 12.9383
-1.1437 2.8307 12.9383
-1.1164 2.8341 12.9383
-1.0880 2.8344 12.9383
-1.0643 2.8465 12.9383
-1.0360 2.8463 12.9383
-1.0088 2.8487 12.9383
-0.9813 2.8498 12.9383
-0.9567 2.8592 12.9383
-0.9305 2.8636 12.9383
-0.9051 2.8707 12.9383
-0.8827 2.8871 12.9383
-0.8617 2.9091 12.9383
-0.8440 2.9434 12.9383
-0.8231 2.9680 12.9383
-0.8042 3.0011 12.9383
-0.7874 3.0448 12.9383
-0.7715 3.0943 12.9383
-0.7573 3.1544 12.9383
-0.7340 3.1794 12.9383
-0.7292 3.2891 12.9383
-0.7260 3.4157 12.9383
-0.7161 3.5199 12.9383
-0.7031 3.6173 12.9383
-0.6954 3.7521 12.9383
-0.6873 3.8979 12.9383
-0.6703 4.0053 12.9383
-0.6515 4.1137 12.9383
-0.6612 4.4239 12.9383
-0.6543 4.6553 12.9383
-0.6485 4.9255 12.9383
-0.6972 5.6784 12.9383
-0.6481 5.6882 12.9383
-0.6024 5.7314 12.9383
-2.8325 2.9013 12.9383
-2.7366 2.9281 12.9383
-2.5325 2.9041 12.9383
-2.4552 2.9355 12.9383
-2.2696 2.9141 12.9383
-2.1891 2.9406 12.9383
-2.0236 2.9235 12.9383
-1.9106 2.9301 12.9383
-1.7952 2.9335 12.9383
-1.7376 2.9657 12.9383
-1.6473 2.9794 12.9383
-1.5870 3.0082 12.9383
-1.4944 3.0181 12.9383
-1.4341 3.0450 12.9383
-1.3056 3.0310 12.9383
-1.2113 3.0351 12.9383
-3.0971 4.2510 12.9383
-1.1143 3.0958 12.9383
-1.0491 3.1147 12.9383
-3.0813 4.5811 12.9383
-0.8192 3.1427 12.9383
-3.0925 4.7646 12.9383
-2.9943 5.6337 12.9383
-3.0789 5.8057 12.9383
