-3.1162 4.4505 0.0000
-3.0416 4.4256 0.0000
-2.9811 4.4196 0.0000
-2.9435 4.4471 0.0000
-2.9116 4.4835 0.0000
-2.8891 4.5349 0.0000
-2.8642 4.5837 0.0000
-2.8090 4.5838 0.0000
-2.7560 4.5867 0.0000
-2.6960 4.5770 0.0000
-2.6430 4.5778 0.0000
-2.5833 4.5659 0.0000
-2.5133 4.5340 0.0000
-2.4445 4.5022 0.0000
-2.3798 4.4757 0.0000
-2.3221 4.4608 0.0000
-2.2672 4.4497 0.0000
-2.2256 4.4639 0.0000
-2.1761 4.4616 0.0000
-2.1297 4.4651 0.0000
-2.0856 4.4726 0.0000
-2.0382 4.4725 0.0000
-1.9877 4.4645 0.0000
-1.9439 4.4707 0.0000
-1.8993 4.4746 0.0000
-1.8530 4.4734 0.0000
-1.8034 4.4635 0.0000
-1.7552 4.4558 0.0000
-1.7026 4.4354 0.0000
-1.6628 4.4473 0.0000
-1.6147 4.4363 0.0000
-1.5719 4.4389 0.0000
-1.5253 4.4298 0.0000
-1.4824 4.4306 0.0000
-1.4375 4.4243 0.0000
-1.3841 4.3900 0.0000
-1.3402 4.3837 0.0000
-1.2960 4.3751 0.0000
-1.2555 4.3785 0.0000
-1.2098 4.3624 0.0000
-1.1701 4.3670 0.0000
-1.1305 4.3712 0.0000
-1.0860 4.3557 0.0000
-1.0456 4.3552 0.0000
-1.0148 4.3954 0.0000
-0.9681 4.3670 0.0000
-0.9238 4.3459 0.0000
-0.8718 4.2852 0.0000
-0.8283 4.2612 0.0000
-0.7922 4.2742 0.0000
-0.7533 4.2721 0.0000
-0.7307 4.3663 0.0000
-3.1306 4.1060 0.0000
-2.9813 4.0987 0.0000
-2.8285 4.0865 0.0000
-2.6442 4.0518 0.0000
-2.4913 4.0335 0.0000
-2.3066 3.9917 0.0000
-2.1848 3.9877 0.0000
-2.0296 3.9591 0.0000
-1.9058 3.9490 0.0000
-1.7810 3.9359 0.0000
-1.6878 3.9430 0.0000
-1.5610 3.9241 0.0000
-1.4655 3.9258 0.0000
-1.3695 3.9256 0.0000
-1.2732 3.9235 0.0000
-1.1757 3.9187 0.0000
-1.0787 3.9125 0.0000
-1.0125 3.9295 0.0000
-0.8816 3.8922 0.0000
-0.7838 3.8799 0.0000
-3.1989 3.3126 0.4746
-3.1506 3.3200 0.4746
-3.1099 3.3350 0.4746
-3.0537 3.3325 0.4746
-3.0218 3.3560 0.4746
-2.9805 3.3688 0.4746
-2.9300 3.3705 0.4746
-2.8751 3.3663 0.4746
-2.8276 3.3698 0.4746
-2.7758 3.3674 0.4746
-2.7319 3.3736 0.4746
-2.6799 3.3691 0.4746
-2.6246 3.3593 0.4746
-2.5818 3.3646 0.4746
-2.5373 3.3670 0.4746
-2.4893 3.3641 0.4746
-2.4422 3.3615 0.4746
-2.3971 3.3607 0.4746
-2.3551 3.3634 0.4746
-2.3109 3.3624 0.4746
-2.2681 3.3626 0.4746
-2.2182 3.3514 0.4746
-2.1889 3.3706 0.4746
-2.1476 3.3710 0.4746
-2.1101 3.3769 0.4746
-2.0649 3.3696 0.4746
-2.0308 3.3798 0.4746
-1.9840 3.3681 0.4746
-1.9455 3.3697 0.4746
-1.9047 3.3665 0.4746
-1.8733 3.3795 0.4746
-1.8347 3.3791 0.4746
-1.7920 3.3702 0.4746
-1.7565 3.3742 0.4746
-1.7188 3.3734 0.4746
-1.6817 3.3730 0.4746
-1.6443 3.3714 0.4746
-1.6071 3.3694 0.4746
-1.5734 3.3742 0.4746
-1.5402 3.3796 0.4746
-1.4988 3.3664 0.4746
-1.4674 3.3748 0.4746
-1.4348 3.3801 0.4746
-1.4037 3.3888 0.4746
-1.3677 3.3851 0.4746
-1.3337 3.3858 0.4746
-1.3005 3.3880 0.4746
-1.2642 3.3814 0.4746
-1.2282 3.3744 0.4746
-1.1940 3.3718 0.4746
-1.1646 3.3821 0.4746
-1.1274 3.3694 0.4746
-1.0933 3.3648 0.4746
-1.0606 3.3638 0.4746
-1.0300 3.3691 0.4746
-1.0003 3.3770 0.4746
-0.9623 3.3558 0.4746
-0.9324 3.3621 0.4746
-0.9009 3.3624 0.4746
-0.8678 3.3556 0.4746
-0.8291 3.3252 0.4746
-0.7937 3.3061 0.4746
-0.7617 3.2992 0.4746
-0.7313 3.2989 0.4746
-0.7015 3.3003 0.4746
-0.6876 3.3798 0.4746
-0.6814 3.5054 0.4746
-0.6854 3.6980 0.4746
-0.6809 3.8614 0.4746
-0.6734 4.0240 0.4746
-0.6659 4.2046 0.4746
-3.1775 3.2723 0.4746
-3.0810 3.3012 0.4746
-2.9809 3.3268 0.4746
-2.8774 3.3492 0.4746
-2.7472 3.3564 0.4746
-2.6112 3.3583 0.4746
-2.4757 3.3581 0.4746
-2.3363 3.3535 0.4746
-2.2237 3.3612 0.4746
-2.1098 3.3662 0.4746
-1.9944 3.3685 0.4746
-1.8769 3.3675 0.4746
-1.7882 3.3817 0.4746
-1.6672 3.3748 0.4746
-1.5765 3.3846 0.4746
-1.4843 3.3920 0.4746
-1.3916 3.3975 0.4746
-1.2659 3.3795 0.4746
-1.1384 3.3580 0.4746
-1.0429 3.3560 0.4746
-0.8152 3.2596 0.4746
-0.7516 3.2752 0.4746
-3.1830 3.3541 0.9493
-3.1420 3.3693 0.9493
-3.0956 3.3782 0.9493
-3.0539 3.3917 0.9493
-3.0050 3.3965 0.9493
-2.9667 3.4128 0.9493
-2.9212 3.4203 0.9493
-2.8771 3.4288 0.9493
-2.8471 3.4538 0.9493
-2.8049 3.4637 0.9493
-2.7565 3.4654 0.9493
-2.7151 3.4751 0.9493
-2.6755 3.4868 0.9493
-2.6353 3.4972 0.9493
-2.5899 3.5000 0.9493
-2.5522 3.5128 0.9493
-2.5046 3.5113 0.9493
-2.4647 3.5199 0.9493
-2.4157 3.5149 0.9493
-2.3704 3.5143 0.9493
-2.3308 3.5215 0.9493
-2.2897 3.5258 0.9493
-2.2475 3.5279 0.9493
-2.2045 3.5279 0.9493
-2.1605 3.5257 0.9493
-2.1220 3.5315 0.9493
-2.0774 3.5266 0.9493
-2.0335 3.5221 0.9493
-1.9923 3.5215 0.9493
-1.9552 3.5273 0.9493
-1.9163 3.5293 0.9493
-1.8769 3.5300 0.9493
-1.8387 3.5321 0.9493
-1.8037 3.5400 0.9493
-1.7620 3.5341 0.9493
-1.7206 3.5278 0.9493
-1.6811 3.5246 0.9493
-1.6482 3.5346 0.9493
-1.6061 3.5243 0.9493
-1.5708 3.5281 0.9493
-1.5288 3.5160 0.9493
-1.4942 3.5200 0.9493
-1.4534 3.5089 0.9493
-1.4175 3.5085 0.9493
-1.3795 3.5021 0.9493
-1.3464 3.5075 0.9493
-1.3108 3.5060 0.9493
-1.2761 3.5060 0.9493
-1.2368 3.4925 0.9493
-1.2013 3.4890 0.9493
-1.1642 3.4794 0.9493
-1.1288 3.4742 0.9493
-1.0931 3.4668 0.9493
-1.0598 3.4666 0.9493
-1.0219 3.4498 0.9493
-0.9904 3.4538 0.9493
-0.9530 3.4363 0.9493
-0.9183 3.4271 0.9493
-0.8818 3.4098 0.9493
-0.8443 3.3863 0.9493
-0.8042 3.3498 0.9493
-0.7698 3.3343 0.9493
-0.7352 3.3165 0.9493
-0.7027 3.3061 0.9493
-0.6792 3.3386 0.9493
-0.7543 3.8804 0.9493
-0.7417 4.0018 0.9493
-0.8446 4.7901 0.9493
-0.8381 5.0084 0.9493
-0.7934 5.0096 0.9493
-0.7484 5.0074 0.9493
-0.7174 5.1048 0.9493
-0.7213 5.4787 0.9493
-0.7250 5.9047 0.9493
-3.2084 3.2867 0.9493
-3.1108 3.3154 0.9493
-3.0106 3.3413 0.9493
-2.9338 3.3773 0.9493
-2.8310 3.3990 0.9493
-2.7239 3.4169 0.9493
-2.6188 3.4342 0.9493
-2.5103 3.4479 0.9493
-2.3995 3.4586 0.9493
-2.2856 3.4657 0.9493
-2.1719 3.4710 0.9493
-2.0561 3.4731 0.9493
-1.9382 3.4719 0.9493
-1.8198 3.4683 0.9493
-1.6986 3.4609 0.9493
-1.6075 3.4704 0.9493
-1.4839 3.4574 0.9493
-1.3593 3.4413 0.9493
-1.2337 3.4223 0.9493
-1.1064 3.3996 0.9493
-0.9447 3.3503 0.9493
-0.7516 3.2752 0.9493
-3.1629 5.0879 0.9493
-3.1839 5.5871 0.9493
-3.1843 3.3556 1.4239
-3.1447 3.3723 1.4239
-3.0996 3.3826 1.4239
-3.0633 3.4021 1.4239
-3.0023 3.3935 1.4239
-2.9608 3.4060 1.4239
-2.9232 3.4226 1.4239
-2.8835 3.4365 1.4239
-2.8503 3.4576 1.4239
-2.8061 3.4653 1.4239
-2.7615 3.4716 1.4239
-2.7145 3.4743 1.4239
-2.6743 3.4852 1.4239
-2.6323 3.4932 1.4239
-2.5893 3.4992 1.4239
-2.5410 3.4974 1.4239
-2.5011 3.5064 1.4239
-2.4583 3.5109 1.4239
-2.4118 3.5091 1.4239
-2.3643 3.5052 1.4239
-2.3192 3.5040 1.4239
-2.2826 3.5149 1.4239
-2.2357 3.5094 1.4239
-2.1939 3.5109 1.4239
-2.1506 3.5095 1.4239
-2.1086 3.5092 1.4239
-2.0697 3.5137 1.4239
-2.0295 3.5152 1.4239
-1.9914 3.5197 1.4239
-1.9533 3.5238 1.4239
-1.9144 3.5258 1.4239
-1.8723 3.5212 1.4239
-1.8345 3.5241 1.4239
-1.7973 3.5275 1.4239
-1.7544 3.5189 1.4239
-1.7197 3.5260 1.4239
-1.6786 3.5192 1.4239
-1.6423 3.5219 1.4239
-1.6024 3.5161 1.4239
-1.5647 3.5144 1.4239
-1.5276 3.5133 1.4239
-1.4922 3.5154 1.4239
-1.4488 3.4978 1.4239
-1.4115 3.4936 1.4239
-1.3736 3.4872 1.4239
-1.3389 3.4879 1.4239
-1.3003 3.4779 1.4239
-1.2617 3.4665 1.4239
-1.2257 3.4614 1.4239
-1.1916 3.4606 1.4239
-1.1490 3.4339 1.4239
-1.1165 3.4362 1.4239
-1.0819 3.4315 1.4239
-1.0476 3.4264 1.4239
-1.0117 3.4153 1.4239
-0.9749 3.4000 1.4239
-0.9420 3.3968 1.4239
-0.9072 3.3856 1.4239
-0.8726 3.3740 1.4239
-0.8380 3.3611 1.4239
-0.8024 3.3420 1.4239
-0.7734 3.3499 1.4239
-0.7400 3.3380 1.4239
-0.7090 3.3355 1.4239
-0.7058 3.4689 1.4239
-0.7596 3.9079 1.4239
-0.7439 4.0136 1.4239
-0.8311 4.7133 1.4239
-0.8206 4.9038 1.4239
-0.7781 4.9128 1.4239
-0.7362 4.9263 1.4239
-0.7298 5.1930 1.4239
-0.7614 5.7831 1.4239
-0.7246 5.9017 1.4239
-3.2084 3.2867 1.4239
-3.1334 3.3261 1.4239
-3.0358 3.3535 1.4239
-2.8801 3.3505 1.4239
-2.8042 3.3854 1.4239
-2.7239 3.4169 1.4239
-2.6179 3.4337 1.4239
-2.4805 3.4317 1.4239
-2.3409 3.4261 1.4239
-2.1985 3.4164 1.4239
-2.0827 3.4195 1.4239
-1.9967 3.4381 1.4239
-1.8782 3.4358 1.4239
-1.7891 3.4495 1.4239
-1.6681 3.4418 1.4239
-1.5771 3.4511 1.4239
-1.4528 3.4372 1.4239
-1.3284 3.4209 1.4239
-1.2022 3.4010 1.4239
-1.0100 3.3333 1.4239
-0.8808 3.3055 1.4239
-0.7842 3.2984 1.4239
-3.1602 5.7705 1.4239
-3.1864 3.3578 1.8986
-3.1379 3.3650 1.8986
-3.0895 3.3716 1.8986
-3.0412 3.3776 1.8986
-3.0017 3.3928 1.8986
-2.9641 3.4098 1.8986
-2.9134 3.4112 1.8986
-2.8733 3.4242 1.8986
-2.8299 3.4330 1.8986
-2.7898 3.4451 1.8986
-2.7453 3.4513 1.8986
-2.6978 3.4531 1.8986
-2.6499 3.4535 1.8986
-2.6089 3.4621 1.8986
-2.5476 3.4429 1.8986
-2.4910 3.4286 1.8986
-2.4442 3.4266 1.8986
-2.4148 3.4486 1.8986
-2.3664 3.4432 1.8986
-2.3106 3.4256 1.8986
-2.2574 3.4106 1.8986
-2.2063 3.3975 1.8986
-2.1610 3.3921 1.8986
-2.1207 3.3939 1.8986
-2.0728 3.3824 1.8986
-2.0432 3.4004 1.8986
-1.9972 3.3905 1.8986
-1.9615 3.3974 1.8986
-1.9224 3.3979 1.8986
-1.8903 3.4101 1.8986
-1.8547 3.4160 1.8986
-1.8154 3.4144 1.8986
-1.7851 3.4292 1.8986
-1.7483 3.4313 1.8986
-1.7134 3.4365 1.8986
-1.6781 3.4406 1.8986
-1.6394 3.4370 1.8986
-1.6093 3.4512 1.8986
-1.5725 3.4506 1.8986
-1.5375 3.4532 1.8986
-1.5021 3.4546 1.8986
-1.4684 3.4593 1.8986
-1.4328 3.4590 1.8986
-1.3977 3.4593 1.8986
-1.3627 3.4593 1.8986
-1.3274 3.4580 1.8986
-1.2888 3.4470 1.8986
-1.2573 3.4543 1.8986
-1.2187 3.4416 1.8986
-1.1834 3.4370 1.8986
-1.1490 3.4339 1.8986
-1.1115 3.4210 1.8986
-1.0777 3.4181 1.8986
-1.0423 3.4092 1.8986
-1.0085 3.4048 1.8986
-0.9749 3.4000 1.8986
-0.9391 3.3862 1.8986
-0.9053 3.3788 1.8986
-0.8711 3.3682 1.8986
-0.8368 3.3563 1.8986
-0.8052 3.3537 1.8986
-0.7687 3.3294 1.8986
-0.7383 3.3301 1.8986
-0.7069 3.3257 1.8986
-0.7111 3.4954 1.8986
-0.7604 3.9118 1.8986
-0.7457 4.0235 1.8986
-0.8903 5.0491 1.8986
-0.8847 5.2865 1.8986
-0.8399 5.3029 1.8986
-0.7946 5.3169 1.8986
-0.7490 5.3296 1.8986
-0.7439 5.6502 1.8986
-3.2093 3.2871 1.8986
-3.1099 3.3149 1.8986
-3.0097 3.3408 1.8986
-2.8783 3.3496 1.8986
-2.7757 3.3709 1.8986
-2.6414 3.3740 1.8986
-2.4475 3.3431 1.8986
-2.3073 3.3377 1.8986
-2.1074 3.2967 1.8986
-1.9923 3.2997 1.8986
-1.8758 3.3000 1.8986
-1.8175 3.3325 1.8986
-1.7282 3.3457 1.8986
-1.6374 3.3565 1.8986
-1.5765 3.3846 1.8986
-1.4843 3.3920 1.8986
-1.3916 3.3975 1.8986
-1.2650 3.3790 1.8986
-1.1375 3.3574 1.8986
-1.0108 3.3339 1.8986
-0.8816 3.3061 1.8986
-0.7850 3.2990 1.8986
-3.1905 3.3621 2.3732
-3.1467 3.3745 2.3732
-3.0935 3.3760 2.3732
-3.0412 3.3776 2.3732
-3.0076 3.3995 2.3732
-2.9628 3.4083 2.3732
-2.9121 3.4097 2.3732
-2.8733 3.4242 2.3732
-2.8286 3.4314 2.3732
-2.7753 3.4272 2.3732
-2.7285 3.4302 2.3732
-2.6818 3.4326 2.3732
-2.6341 3.4328 2.3732
-2.5860 3.4317 2.3732
-2.5298 3.4188 2.3732
-2.4799 3.4132 2.3732
-2.4326 3.4103 2.3732
-2.3740 3.3905 2.3732
-2.3183 3.3731 2.3732
-2.2636 3.3559 2.3732
-2.2171 3.3497 2.3732
-2.1693 3.3404 2.3732
-2.1159 3.3213 2.3732
-2.0561 3.2904 2.3732
-2.0168 3.2912 2.3732
-1.9752 3.2872 2.3732
-1.9276 3.2725 2.3732
-1.8920 3.2770 2.3732
-1.8564 3.2812 2.3732
-1.8205 3.2842 2.3732
-1.7874 3.2920 2.3732
-1.7582 3.3066 2.3732
-1.7237 3.3112 2.3732
-1.6911 3.3190 2.3732
-1.6603 3.3301 2.3732
-1.6264 3.3345 2.3732
-1.5955 3.3450 2.3732
-1.5662 3.3588 2.3732
-1.5331 3.3641 2.3732
-1.4988 3.3664 2.3732
-1.4686 3.3775 2.3732
-1.4367 3.3847 2.3732
-1.3999 3.3796 2.3732
-1.3681 3.3861 2.3732
-1.3359 3.3914 2.3732
-1.3055 3.4010 2.3732
-1.2720 3.4020 2.3732
-1.2374 3.3998 2.3732
-1.2067 3.4076 2.3732
-1.1733 3.4076 2.3732
-1.1369 3.3978 2.3732
-1.1054 3.4019 2.3732
-1.0699 3.3933 2.3732
-1.0403 3.4025 2.3732
-1.0083 3.4038 2.3732
-0.9741 3.3971 2.3732
-0.9369 3.3785 2.3732
-0.9077 3.3875 2.3732
-0.8731 3.3759 2.3732
-0.8387 3.3640 2.3732
-0.8019 3.3401 2.3732
-0.7705 3.3372 2.3732
-0.7385 3.3311 2.3732
-0.7073 3.3277 2.3732
-0.7096 3.4876 2.3732
-0.7619 3.9196 2.3732
-0.7472 4.0313 2.3732
-0.8339 4.7290 2.3732
-0.8209 4.9058 2.3732
-0.7772 4.9068 2.3732
-0.7333 4.9065 2.3732
-0.7211 5.1306 2.3732
-0.7548 5.7335 2.3732
-0.7195 5.8600 2.3732
-3.2093 3.2871 2.3732
-3.1099 3.3149 2.3732
-2.9818 3.3272 2.3732
-2.8783 3.3496 2.3732
-2.7463 3.3559 2.3732
-2.5828 3.3435 2.3732
-2.3609 3.2971 2.3732
-2.0490 3.1974 2.3732
-1.9334 3.2002 2.3732
-1.8460 3.2170 2.3732
-1.7874 3.2490 2.3732
-1.6986 3.2625 2.3732
-1.6390 3.2921 2.3732
-1.5461 3.3006 2.3732
-1.4535 3.3078 2.3732
-1.3916 3.3329 2.3732
-1.2977 3.3365 2.3732
-1.2033 3.3381 2.3732
-1.0745 3.3149 2.3732
-0.9778 3.3112 2.3732
-0.8816 3.3061 2.3732
-0.7850 3.2990 2.3732
-3.1264 5.8455 2.3732
-3.1947 3.3665 2.8478
-3.1481 3.3759 2.8478
-3.0949 3.3775 2.8478
-3.0479 3.3850 2.8478
-2.9984 3.3890 2.8478
-2.9549 3.3992 2.8478
-2.9011 3.3967 2.8478
-2.8578 3.4058 2.8478
-2.8038 3.4013 2.8478
-2.7564 3.4039 2.8478
-2.7098 3.4067 2.8478
-2.6603 3.4050 2.8478
-2.6128 3.4051 2.8478
-2.5523 3.3870 2.8478
-2.4994 3.3778 2.8478
-2.4464 3.3671 2.8478
-2.3977 3.3615 2.8478
-2.3345 3.3339 2.8478
-2.2758 3.3113 2.8478
-2.2234 3.2963 2.8478
-2.1680 3.2755 2.8478
-2.1094 3.2482 2.8478
-2.0622 3.2369 2.8478
-2.0275 3.2446 2.8478
-1.9949 3.2554 2.8478
-1.9535 3.2512 2.8478
-1.9185 3.2570 2.8478
-1.8900 3.2736 2.8478
-1.8545 3.2778 2.8478
-1.8195 3.2824 2.8478
-1.7879 3.2929 2.8478
-1.7511 3.2934 2.8478
-1.7209 3.3059 2.8478
-1.6866 3.3101 2.8478
-1.6523 3.3139 2.8478
-1.6193 3.3201 2.8478
-1.5847 3.3224 2.8478
-1.5510 3.3261 2.8478
-1.5219 3.3396 2.8478
-1.4878 3.3417 2.8478
-1.4542 3.3445 2.8478
-1.4238 3.3543 2.8478
-1.3907 3.3574 2.8478
-1.3553 3.3546 2.8478
-1.3249 3.3635 2.8478
-1.2933 3.3693 2.8478
-1.2576 3.3636 2.8478
-1.2231 3.3603 2.8478
-1.1930 3.3690 2.8478
-1.1593 3.3670 2.8478
-1.1287 3.3732 2.8478
-1.0945 3.3686 2.8478
-1.0648 3.3771 2.8478
-1.0300 3.3691 2.8478
-0.9966 3.3645 2.8478
-0.9645 3.3635 2.8478
-0.9321 3.3611 2.8478
-0.8997 3.3576 2.8478
-0.8671 3.3527 2.8478
-0.8349 3.3485 2.8478
-0.8024 3.3420 2.8478
-0.7718 3.3431 2.8478
-0.7391 3.3341 2.8478
-0.7077 3.3296 2.8478
-0.7006 3.4435 2.8478
-0.7630 3.9255 2.8478
-0.7503 4.0481 2.8478
-0.8589 4.8709 2.8478
-0.8285 4.9512 2.8478
-0.7872 4.9700 2.8478
-0.7405 4.9550 2.8478
-0.7160 5.0949 2.8478
-0.7227 5.4896 2.8478
-0.7123 5.8014 2.8478
-3.2365 3.2998 2.8478
-3.1108 3.3154 2.8478
-2.9809 3.3268 2.8478
-2.8514 3.3362 2.8478
-2.6893 3.3268 2.8478
-2.4702 3.2849 2.8478
-2.1614 3.1910 2.8478
-2.0490 3.1974 2.8478
-1.9334 3.2002 2.8478
-1.8460 3.2170 2.8478
-1.7571 3.2315 2.8478
-1.6986 3.2625 2.8478
-1.6073 3.2731 2.8478
-1.5163 3.2823 2.8478
-1.4230 3.2887 2.8478
-1.3612 3.3135 2.8478
-1.2348 3.2956 2.8478
-1.1400 3.2962 2.8478
-1.0430 3.2936 2.8478
-0.9457 3.2891 2.8478
-0.8488 3.2832 2.8478
-0.7858 3.2996 2.8478
-3.1677 5.0914 2.8478
-3.1683 5.6752 2.8478
-3.1947 3.3665 3.3225
-3.1379 3.3650 3.3225
-3.0942 3.3767 3.3225
-3.0486 3.3858 3.3225
-3.0056 3.3973 3.3225
-2.9503 3.3939 3.3225
-2.9030 3.3990 3.3225
-2.8495 3.3959 3.3225
-2.7981 3.3944 3.3225
-2.7451 3.3899 3.3225
-2.6918 3.3840 3.3225
-2.6455 3.3861 3.3225
-2.6012 3.3900 3.3225
-2.5463 3.3790 3.3225
-2.4935 3.3698 3.3225
-2.4393 3.3574 3.3225
-2.3902 3.3509 3.3225
-2.3356 3.3356 3.3225
-2.2764 3.3122 3.3225
-2.2222 3.2946 3.3225
-2.1741 3.2847 3.3225
-2.1263 3.2742 3.3225
-2.0831 3.2698 3.3225
-2.0423 3.2684 3.3225
-2.0106 3.2810 3.3225
-1.9705 3.2795 3.3225
-1.9352 3.2854 3.3225
-1.9005 3.2918 3.3225
-1.8683 3.3021 3.3225
-1.8306 3.3026 3.3225
-1.7955 3.3070 3.3225
-1.7619 3.3137 3.3225
-1.7343 3.3316 3.3225
-1.6984 3.3333 3.3225
-1.6639 3.3372 3.3225
-1.6264 3.3345 3.3225
-1.5976 3.3495 3.3225
-1.5624 3.3506 3.3225
-1.5261 3.3487 3.3225
-1.4972 3.3628 3.3225
-1.4614 3.3610 3.3225
-1.4309 3.3709 3.3225
-1.3930 3.3629 3.3225
-1.3632 3.3740 3.3225
-1.3293 3.3746 3.3225
-1.2951 3.3740 3.3225
-1.2618 3.3748 3.3225
-1.2275 3.3726 3.3225
-1.1974 3.3813 3.3225
-1.1636 3.3793 3.3225
-1.1306 3.3789 3.3225
-1.0986 3.3810 3.3225
-1.0636 3.3733 3.3225
-1.0332 3.3796 3.3225
-0.9972 3.3664 3.3225
-0.9642 3.3625 3.3225
-0.9319 3.3602 3.3225
-0.8984 3.3527 3.3225
-0.8646 3.3430 3.3225
-0.8332 3.3417 3.3225
-0.8005 3.3343 3.3225
-0.7700 3.3353 3.3225
-0.7363 3.3214 3.3225
-0.7079 3.3306 3.3225
-0.7147 3.5130 3.3225
-0.7646 3.9334 3.3225
-0.7514 4.0540 3.3225
-0.8849 5.0186 3.3225
-0.8505 5.0823 3.3225
-0.8034 5.0728 3.3225
-0.7593 5.0806 3.3225
-0.7209 5.1296 3.3225
-0.7409 5.6274 3.3225
-3.2093 3.2871 3.3225
-3.1081 3.3141 3.3225
-2.9809 3.3268 3.3225
-2.8237 3.3224 3.3225
-2.6617 3.3128 3.3225
-2.4986 3.2997 3.3225
-2.2470 3.2365 3.3225
-2.0771 3.2127 3.3225
-1.9920 3.2327 3.3225
-1.9052 3.2505 3.3225
-1.8169 3.2660 3.3225
-1.7278 3.2797 3.3225
-1.6373 3.2911 3.3225
-1.5453 3.3001 3.3225
-1.4535 3.3078 3.3225
-1.3924 3.3334 3.3225
-1.2658 3.3158 3.3225
-1.1708 3.3166 3.3225
-1.0754 3.3155 3.3225
-0.9457 3.2891 3.3225
-0.8488 3.2832 3.3225
-0.7858 3.2996 3.3225
-3.0981 5.0408 3.3225
-3.1568 5.1773 3.3225
-3.1891 3.3607 3.7971
-3.1331 3.3598 3.7971
-3.0793 3.3605 3.7971
-3.0372 3.3731 3.7971
-2.9791 3.3673 3.7971
-2.9273 3.3675 3.7971
-2.8835 3.3762 3.7971
-2.8308 3.3737 3.7971
-2.7860 3.3797 3.7971
-2.7344 3.3767 3.7971
-2.6830 3.3730 3.7971
-2.6443 3.3845 3.7971
-2.5885 3.3733 3.7971
-2.5379 3.3678 3.7971
-2.4929 3.3690 3.7971
-2.4475 3.3687 3.7971
-2.3983 3.3623 3.7971
-2.3465 3.3512 3.7971
-2.3019 3.3492 3.7971
-2.2558 3.3443 3.7971
-2.2111 3.3405 3.7971
-2.1617 3.3287 3.7971
-2.1175 3.3238 3.7971
-2.0630 3.3015 3.7971
-2.0289 3.3108 3.7971
-1.9850 3.3035 3.7971
-1.9520 3.3138 3.7971
-1.9205 3.3264 3.7971
-1.8870 3.3352 3.7971
-1.8505 3.3384 3.7971
-1.8161 3.3448 3.7971
-1.7807 3.3490 3.7971
-1.7454 3.3529 3.7971
-1.7088 3.3537 3.7971
-1.6773 3.3641 3.7971
-1.6395 3.3615 3.7971
-1.6028 3.3603 3.7971
-1.5721 3.3715 3.7971
-1.5402 3.3796 3.7971
-1.5025 3.3746 3.7971
-1.4706 3.3821 3.7971
-1.4371 3.3856 3.7971
-1.4029 3.3869 3.7971
-1.3662 3.3814 3.7971
-1.3341 3.3867 3.7971
-1.2984 3.3824 3.7971
-1.2607 3.3720 3.7971
-1.2302 3.3801 3.7971
-1.1964 3.3784 3.7971
-1.1626 3.3764 3.7971
-1.1283 3.3722 3.7971
-1.0942 3.3677 3.7971
-1.0633 3.3723 3.7971
-1.0291 3.3662 3.7971
-0.9966 3.3645 3.7971
-0.9645 3.3635 3.7971
-0.9327 3.3631 3.7971
-0.8991 3.3556 3.7971
-0.8651 3.3450 3.7971
-0.8325 3.3388 3.7971
-0.7974 3.3216 3.7971
-0.7639 3.3090 3.7971
-0.7275 3.2813 3.7971
-0.7009 3.2973 3.7971
-0.6759 3.3219 3.7971
-0.6474 3.3307 3.7971
-0.6129 3.3067 3.7971
-0.5624 3.1898 3.7971
-0.8119 4.8515 3.7971
-0.7684 4.8515 3.7971
-0.7296 4.8818 3.7971
-0.7297 5.1920 3.7971
-0.7568 5.7484 3.7971
-0.7228 5.8868 3.7971
-3.2056 3.2854 3.7971
-3.0810 3.3012 3.7971
-2.9261 3.3001 3.7971
-2.7941 3.3077 3.7971
-2.6617 3.3128 3.7971
-2.4986 3.2997 3.7971
-2.3044 3.2671 3.7971
-2.1351 3.2442 3.7971
-2.0208 3.2487 3.7971
-1.9339 3.2667 3.7971
-1.8463 3.2830 3.7971
-1.7571 3.2970 3.7971
-1.6673 3.3091 3.7971
-1.5768 3.3194 3.7971
-1.4535 3.3078 3.7971
-1.3916 3.3329 3.7971
-1.2658 3.3158 3.7971
-1.1708 3.3166 3.7971
-1.0422 3.2931 3.7971
-0.9457 3.2891 3.7971
-0.8488 3.2832 3.7971
-0.7858 3.2996 3.7971
-3.1534 5.3662 3.7971
-3.1371 5.8545 3.7971
-3.1960 3.3679 4.2718
-3.1331 3.3598 4.2718
-3.0847 3.3664 4.2718
-3.0352 3.3709 4.2718
-2.9798 3.3681 4.2718
-2.9385 3.3803 4.2718
-2.8946 3.3891 4.2718
-2.8437 3.3890 4.2718
-2.7873 3.3813 4.2718
-2.7325 3.3744 4.2718
-2.6799 3.3691 4.2718
-2.6400 3.3790 4.2718
-2.5848 3.3686 4.2718
-2.5306 3.3583 4.2718
-2.4810 3.3529 4.2718
-2.4346 3.3509 4.2718
-2.3815 3.3387 4.2718
-2.3293 3.3266 4.2718
-2.2854 3.3253 4.2718
-2.2401 3.3211 4.2718
-2.1951 3.3164 4.2718
-2.1442 3.3018 4.2718
-2.0949 3.2884 4.2718
-2.0540 3.2870 4.2718
-2.0242 3.3031 4.2718
-1.9896 3.3112 4.2718
-1.9505 3.3112 4.2718
-1.9205 3.3264 4.2718
-1.8865 3.3343 4.2718
-1.8462 3.3306 4.2718
-1.8146 3.3421 4.2718
-1.7816 3.3508 4.2718
-1.7431 3.3485 4.2718
-1.7106 3.3573 4.2718
-1.6741 3.3578 4.2718
-1.6426 3.3678 4.2718
-1.6071 3.3694 4.2718
-1.5713 3.3697 4.2718
-1.5373 3.3732 4.2718
-1.5033 3.3765 4.2718
-1.4678 3.3757 4.2718
-1.4336 3.3773 4.2718
-1.3999 3.3796 4.2718
-1.3658 3.3805 4.2718
-1.3311 3.3793 4.2718
-1.2933 3.3693 4.2718
-1.2628 3.3776 4.2718
-1.2275 3.3726 4.2718
-1.1950 3.3747 4.2718
-1.1597 3.3679 4.2718
-1.1252 3.3628 4.2718
-1.0955 3.3715 4.2718
-1.0627 3.3704 4.2718
-1.0268 3.3585 4.2718
-0.9929 3.3520 4.2718
-0.9603 3.3490 4.2718
-0.9284 3.3477 4.2718
-0.8947 3.3392 4.2718
-0.8638 3.3401 4.2718
-0.8322 3.3378 4.2718
-0.7993 3.3294 4.2718
-0.7669 3.3216 4.2718
-0.7376 3.3272 4.2718
-0.7175 3.3756 4.2718
-0.7799 3.8335 4.2718
-0.7678 3.9501 4.2718
-0.7692 4.1503 4.2718
-0.8952 5.0767 4.2718
-0.8536 5.1011 4.2718
-0.8067 5.0935 4.2718
-0.7615 5.0954 4.2718
-0.7198 5.1217 4.2718
-0.7343 5.5779 4.2718
-3.2084 3.2867 4.2718
-3.0539 3.2882 4.2718
-2.9234 3.2987 4.2718
-2.7933 3.3072 4.2718
-2.6064 3.2846 4.2718
-2.4134 3.2553 4.2718
-2.2188 3.2215 4.2718
-2.1061 3.2285 4.2718
-2.0208 3.2487 4.2718
-1.9339 3.2667 4.2718
-1.8463 3.2830 4.2718
-1.7571 3.2970 4.2718
-1.6673 3.3091 4.2718
-1.5453 3.3001 4.2718
-1.4849 3.3274 4.2718
-1.3932 3.3339 4.2718
-1.2658 3.3158 4.2718
-1.1717 3.3171 4.2718
-1.0430 3.2936 4.2718
-0.9136 3.2670 4.2718
-0.8152 3.2596 4.2718
-3.0780 5.1190 4.2718
-3.1761 3.3469 4.7464
-3.1092 3.3342 4.7464
-3.0503 3.3288 4.7464
-2.9957 3.3271 4.7464
-2.9400 3.3231 4.7464
-2.8880 3.3222 4.7464
-2.8433 3.3291 4.7464
-2.8013 3.3384 4.7464
-2.7549 3.3419 4.7464
-2.6985 3.3324 4.7464
-2.6494 3.3308 4.7464
-2.5981 3.3254 4.7464
-2.5452 3.3170 4.7464
-2.4939 3.3095 4.7464
-2.4441 3.3030 4.7464
-2.3970 3.2992 4.7464
-2.3420 3.2833 4.7464
-2.2926 3.2742 4.7464
-2.2509 3.2751 4.7464
-2.2049 3.2689 4.7464
-2.1592 3.2622 4.7464
-2.1067 3.2440 4.7464
-2.0734 3.2546 4.7464
-2.0370 3.2599 4.7464
-2.0059 3.2733 4.7464
-1.9731 3.2838 4.7464
-1.9337 3.2828 4.7464
-1.9040 3.2978 4.7464
-1.8683 3.3021 4.7464
-1.8326 3.3061 4.7464
-1.8013 3.3175 4.7464
-1.7685 3.3261 4.7464
-1.7339 3.3307 4.7464
-1.6997 3.3359 4.7464
-1.6648 3.3390 4.7464
-1.6307 3.3435 4.7464
-1.5998 3.3540 4.7464
-1.5650 3.3561 4.7464
-1.5277 3.3523 4.7464
-1.4968 3.3618 4.7464
-1.4614 3.3610 4.7464
-1.4262 3.3598 4.7464
-1.3895 3.3546 4.7464
-1.3572 3.3592 4.7464
-1.3201 3.3514 4.7464
-1.2858 3.3497 4.7464
-1.2569 3.3617 4.7464
-1.2217 3.3566 4.7464
-1.1853 3.3473 4.7464
-1.1528 3.3481 4.7464
-1.1223 3.3542 4.7464
-1.0893 3.3525 4.7464
-1.0546 3.3447 4.7464
-1.0248 3.3518 4.7464
-0.9895 3.3405 4.7464
-0.9562 3.3346 4.7464
-0.9260 3.3390 4.7464
-0.8919 3.3286 4.7464
-0.8598 3.3246 4.7464
-0.8276 3.3194 4.7464
-0.7958 3.3148 4.7464
-0.7639 3.3090 4.7464
-0.7355 3.3175 4.7464
-0.7256 3.4137 4.7464
-0.7825 3.8462 4.7464
-0.7699 3.9609 4.7464
-0.7763 4.1887 4.7464
-3.1522 3.2605 4.7464
-2.9429 3.2353 4.7464
-2.8407 3.2584 4.7464
-2.6823 3.2519 4.7464
-2.4657 3.2129 4.7464
-2.3008 3.1967 4.7464
-2.1614 3.1910 4.7464
-2.0490 3.1974 4.7464
-1.9631 3.2167 4.7464
-1.8756 3.2337 4.7464
-1.8169 3.2660 4.7464
-1.7278 3.2797 4.7464
-1.6373 3.2911 4.7464
-1.5461 3.3006 4.7464
-1.4544 3.3083 4.7464
-1.3612 3.3135 4.7464
-1.2340 3.2951 4.7464
-1.1400 3.2962 4.7464
-1.0439 3.2942 4.7464
-0.9136 3.2670 4.7464
-0.8161 3.2602 4.7464
-3.1540 3.3237 5.2210
-3.0779 3.3006 5.2210
-3.0043 3.2787 5.2210
-2.9502 3.2765 5.2210
-2.9023 3.2804 5.2210
-2.8512 3.2800 5.2210
-2.7972 3.2751 5.2210
-2.7492 3.2764 5.2210
-2.6963 3.2709 5.2210
-2.6444 3.2656 5.2210
-2.5990 3.2674 5.2210
-2.5359 3.2458 5.2210
-2.4777 3.2289 5.2210
-2.4265 3.2201 5.2210
-2.3858 3.2243 5.2210
-2.3382 3.2183 5.2210
-2.2886 3.2084 5.2210
-2.2513 3.2152 5.2210
-2.2084 3.2133 5.2210
-2.1702 3.2175 5.2210
-2.1321 3.2213 5.2210
-2.0979 3.2306 5.2210
-2.0686 3.2471 5.2210
-2.0264 3.2429 5.2210
-1.9918 3.2503 5.2210
-1.9546 3.2529 5.2210
-1.9160 3.2527 5.2210
-1.8880 3.2701 5.2210
-1.8520 3.2734 5.2210
-1.8171 3.2781 5.2210
-1.7831 3.2841 5.2210
-1.7554 3.3013 5.2210
-1.7145 3.2935 5.2210
-1.6861 3.3092 5.2210
-1.6491 3.3077 5.2210
-1.6163 3.3139 5.2210
-1.5873 3.3278 5.2210
-1.5481 3.3198 5.2210
-1.5128 3.3195 5.2210
-1.4834 3.3317 5.2210
-1.4503 3.3353 5.2210
-1.4152 3.3341 5.2210
-1.3849 3.3435 5.2210
-1.3520 3.3462 5.2210
-1.3135 3.3346 5.2210
-1.2797 3.3338 5.2210
-1.2474 3.3364 5.2210
-1.2172 3.3444 5.2210
-1.1827 3.3398 5.2210
-1.1506 3.3415 5.2210
-1.1137 3.3286 5.2210
-1.0846 3.3382 5.2210
-1.0525 3.3380 5.2210
-1.0175 3.3279 5.2210
-0.9855 3.3271 5.2210
-0.9543 3.3279 5.2210
-0.9193 3.3149 5.2210
-0.8875 3.3122 5.2210
-0.8586 3.3198 5.2210
-0.8271 3.3174 5.2210
-0.7949 3.3109 5.2210
-0.7642 3.3099 5.2210
-0.7361 3.3204 5.2210
-0.7269 3.4196 5.2210
-0.7879 3.8727 5.2210
-0.7741 3.9825 5.2210
-0.7873 4.2477 5.2210
-3.0144 3.1963 5.2210
-2.8599 3.1957 5.2210
-2.6772 3.1786 5.2210
-2.4621 3.1421 5.2210
-2.3267 3.1421 5.2210
-2.1890 3.1385 5.2210
-2.1049 3.1610 5.2210
-2.0200 3.1817 5.2210
-1.9045 3.1842 5.2210
-1.8469 3.2175 5.2210
-1.7580 3.2320 5.2210
-1.6684 3.2447 5.2210
-1.5773 3.2550 5.2210
-1.4847 3.2630 5.2210
-1.3916 3.2691 5.2210
-1.2988 3.2738 5.2210
-1.2046 3.2760 5.2210
-1.0758 3.2537 5.2210
-0.9792 3.2506 5.2210
-0.8814 3.2449 5.2210
-0.8169 3.2608 5.2210
-3.1417 3.3106 5.6957
-3.0581 3.2794 5.6957
-2.9787 3.2507 5.6957
-2.9127 3.2349 5.6957
-2.8493 3.2205 5.6957
-2.7909 3.2105 5.6957
-2.7381 3.2059 5.6957
-2.6894 3.2051 5.6957
-2.6429 3.2061 5.6957
-2.5802 3.1863 5.6957
-2.5430 3.1970 5.6957
-2.4854 3.1812 5.6957
-2.4405 3.1806 5.6957
-2.3946 3.1778 5.6957
-2.3519 3.1785 5.6957
-2.3047 3.1722 5.6957
-2.2653 3.1759 5.6957
-2.2232 3.1750 5.6957
-2.1824 3.1754 5.6957
-2.1411 3.1744 5.6957
-2.1012 3.1746 5.6957
-2.0658 3.1811 5.6957
-2.0288 3.1846 5.6957
-1.9930 3.1895 5.6957
-1.9583 3.1957 5.6957
-1.9242 3.2024 5.6957
-1.8875 3.2044 5.6957
-1.8540 3.2112 5.6957
-1.8161 3.2099 5.6957
-1.7841 3.2186 5.6957
-1.7507 3.2244 5.6957
-1.7112 3.2183 5.6957
-1.6794 3.2261 5.6957
-1.6453 3.2290 5.6957
-1.6090 3.2271 5.6957
-1.5738 3.2267 5.6957
-1.5408 3.2304 5.6957
-1.5079 3.2337 5.6957
-1.4755 3.2376 5.6957
-1.4431 3.2413 5.6957
-1.4136 3.2510 5.6957
-1.3808 3.2531 5.6957
-1.3463 3.2502 5.6957
-1.3134 3.2507 5.6957
-1.2798 3.2490 5.6957
-1.2486 3.2526 5.6957
-1.2166 3.2540 5.6957
-1.1854 3.2570 5.6957
-1.1516 3.2521 5.6957
-1.1219 3.2583 5.6957
-1.0915 3.2622 5.6957
-1.0621 3.2688 5.6957
-1.0314 3.2712 5.6957
-0.9987 3.2667 5.6957
-0.9705 3.2763 5.6957
-0.9410 3.2817 5.6957
-0.9113 3.2860 5.6957
-0.8818 3.2909 5.6957
-0.8513 3.2917 5.6957
-0.8237 3.3039 5.6957
-0.7946 3.3099 5.6957
-0.7639 3.3090 5.6957
-0.7361 3.3204 5.6957
-0.7410 3.4861 5.6957
-0.7897 3.8815 5.6957
-0.7745 3.9844 5.6957
-0.8088 4.3637 5.6957
-0.9033 5.1230 5.6957
-0.8559 5.1149 5.6957
-0.8095 5.1113 5.6957
-0.7627 5.1033 5.6957
-0.7183 5.1108 5.6957
-0.6796 5.1625 5.6957
-0.6810 5.5463 5.6957
-2.9075 3.1464 5.6957
-2.6974 3.1182 5.6957
-2.5396 3.1116 5.6957
-2.3798 3.1011 5.6957
-2.2438 3.0998 5.6957
-2.1322 3.1090 5.6957
-2.0201 3.1159 5.6957
-1.9347 3.1354 5.6957
-1.8179 3.1362 5.6957
-1.6998 3.1343 5.6957
-1.6090 3.1460 5.6957
-1.5185 3.1564 5.6957
-1.4264 3.1644 5.6957
-1.3321 3.1695 5.6957
-1.2373 3.1726 5.6957
-1.1748 3.1948 5.6957
-1.0780 3.1938 5.6957
-1.0132 3.2123 5.6957
-0.9485 3.2299 5.6957
-0.8847 3.2472 5.6957
-0.8185 3.2619 5.6957
-3.1086 5.0485 5.6957
-3.1832 5.2924 5.6957
-3.1774 3.3483 6.1703
-3.0704 3.2926 6.1703
-2.9969 3.2706 6.1703
-2.9161 3.2386 6.1703
-2.8519 3.2235 6.1703
-2.7869 3.2060 6.1703
-2.7303 3.1967 6.1703
-2.6734 3.1860 6.1703
-2.6238 3.1830 6.1703
-2.5752 3.1801 6.1703
-2.5237 3.1727 6.1703
-2.4737 3.1662 6.1703
-2.4314 3.1687 6.1703
-2.3838 3.1634 6.1703
-2.3424 3.1656 6.1703
-2.2988 3.1641 6.1703
-2.2560 3.1628 6.1703
-2.2065 3.1513 6.1703
-2.1716 3.1597 6.1703
-2.1216 3.1454 6.1703
-2.0858 3.1513 6.1703
-2.0451 3.1492 6.1703
-2.0079 3.1518 6.1703
-1.9766 3.1632 6.1703
-1.9369 3.1607 6.1703
-1.8974 3.1578 6.1703
-1.8606 3.1587 6.1703
-1.8275 3.1653 6.1703
-1.7860 3.1568 6.1703
-1.7506 3.1583 6.1703
-1.7192 3.1664 6.1703
-1.6859 3.1707 6.1703
-1.6544 3.1782 6.1703
-1.6185 3.1764 6.1703
-1.5867 3.1824 6.1703
-1.5540 3.1862 6.1703
-1.5214 3.1897 6.1703
-1.4838 3.1820 6.1703
-1.4543 3.1912 6.1703
-1.4240 3.1983 6.1703
-1.3900 3.1969 6.1703
-1.3586 3.2006 6.1703
-1.3302 3.2114 6.1703
-1.2980 3.2127 6.1703
-1.2652 3.2118 6.1703
-1.2353 3.2181 6.1703
-1.2044 3.2212 6.1703
-1.1731 3.2231 6.1703
-1.1443 3.2314 6.1703
-1.1138 3.2346 6.1703
-1.0852 3.2433 6.1703
-1.0541 3.2441 6.1703
-1.0251 3.2512 6.1703
-0.9946 3.2533 6.1703
-0.9657 3.2600 6.1703
-0.9352 3.2616 6.1703
-0.9083 3.2754 6.1703
-0.8777 3.2755 6.1703
-0.8528 3.2975 6.1703
-0.8218 3.2961 6.1703
-0.7902 3.2915 6.1703
-0.7633 3.3060 6.1703
-0.7391 3.3341 6.1703
-0.7716 3.6299 6.1703
-0.7919 3.8923 6.1703
-0.7766 3.9952 6.1703
-0.8325 4.4915 6.1703
-0.8795 4.9881 6.1703
-0.8346 4.9876 6.1703
-0.7884 4.9779 6.1703
-0.7469 4.9975 6.1703
-0.7032 5.0038 6.1703
-0.7219 5.4837 6.1703
-0.7194 5.8590 6.1703
-0.6732 5.9088 6.1703
-2.9600 3.1709 6.1703
-2.6974 3.1182 6.1703
-2.5127 3.0984 6.1703
-2.3521 3.0872 6.1703
-2.2162 3.0858 6.1703
-2.0764 3.0799 6.1703
-1.9636 3.0858 6.1703
-1.8776 3.1044 6.1703
-1.7602 3.1042 6.1703
-1.6711 3.1180 6.1703
-1.5813 3.1300 6.1703
-1.4573 3.1203 6.1703
-1.3639 3.1268 6.1703
-1.3023 3.1512 6.1703
-1.2059 3.1530 6.1703
-1.1444 3.1754 6.1703
-1.0453 3.1725 6.1703
-0.9815 3.1913 6.1703
-0.9154 3.2075 6.1703
-0.8193 3.2625 6.1703
-3.1581 4.9917 6.1703
-3.0828 5.0297 6.1703
-3.1379 5.8552 6.1703
-3.1926 3.3643 6.6450
-3.0997 3.3240 6.6450
-3.0212 3.2971 6.6450
-2.9428 3.2684 6.6450
-2.8678 3.2415 6.6450
-2.8106 3.2332 6.6450
-2.7543 3.2249 6.6450
-2.6888 3.2044 6.6450
-2.6346 3.1961 6.6450
-2.5821 3.1886 6.6450
-2.5311 3.1821 6.6450
-2.4823 3.1773 6.6450
-2.4387 3.1782 6.6450
-2.3904 3.1722 6.6450
-2.3478 3.1728 6.6450
-2.2982 3.1633 6.6450
-2.2537 3.1596 6.6450
-2.2123 3.1595 6.6450
-2.1756 3.1655 6.6450
-2.1316 3.1603 6.6450
-2.0836 3.1479 6.6450
-2.0500 3.1568 6.6450
-2.0095 3.1543 6.6450
-1.9729 3.1573 6.6450
-1.9353 3.1582 6.6450
-1.8964 3.1561 6.6450
-1.8632 3.1630 6.6450
-1.8205 3.1532 6.6450
-1.7850 3.1550 6.6450
-1.7497 3.1565 6.6450
-1.7149 3.1585 6.6450
-1.6760 3.1521 6.6450
-1.6447 3.1595 6.6450
-1.6099 3.1595 6.6450
-1.5818 3.1725 6.6450
-1.5470 3.1718 6.6450
-1.5137 3.1735 6.6450
-1.4825 3.1793 6.6450
-1.4518 3.1858 6.6450
-1.4228 3.1956 6.6450
-1.3853 3.1859 6.6450
-1.3582 3.1997 6.6450
-1.3260 3.2012 6.6450
-1.2916 3.1969 6.6450
-1.2608 3.2006 6.6450
-1.2292 3.2022 6.6450
-1.2037 3.2193 6.6450
-1.1707 3.2166 6.6450
-1.1420 3.2248 6.6450
-1.1102 3.2242 6.6450
-1.0830 3.2366 6.6450
-1.0547 3.2460 6.6450
-1.0248 3.2503 6.6450
-0.9923 3.2457 6.6450
-0.9671 3.2648 6.6450
-0.9361 3.2644 6.6450
-0.9065 3.2686 6.6450
-0.8797 3.2832 6.6450
-0.8503 3.2878 6.6450
-0.8221 3.2971 6.6450
-0.7925 3.3012 6.6450
-0.7624 3.3021 6.6450
-0.7426 3.3497 6.6450
-0.7961 3.7453 6.6450
-0.7911 3.8883 6.6450
-0.7789 4.0070 6.6450
-0.8611 4.6459 6.6450
-0.9101 5.1614 6.6450
-0.8635 5.1602 6.6450
-0.8183 5.1666 6.6450
-0.7726 5.1696 6.6450
-0.7355 5.2336 6.6450
-0.6935 5.2675 6.6450
-0.6719 5.4719 6.6450
-3.0697 3.2220 6.6450
-2.7787 3.1569 6.6450
-2.5675 3.1251 6.6450
-2.4066 3.1145 6.6450
-2.2438 3.0998 6.6450
-2.1047 3.0946 6.6450
-1.9919 3.1009 6.6450
-1.8477 3.0882 6.6450
-1.7593 3.1038 6.6450
-1.6702 3.1175 6.6450
-1.5501 3.1120 6.6450
-1.4573 3.1203 6.6450
-1.3639 3.1268 6.6450
-1.3031 3.1517 6.6450
-1.2067 3.1535 6.6450
-1.1428 3.1744 6.6450
-1.0796 3.1949 6.6450
-0.9799 3.1902 6.6450
-0.8847 3.2472 6.6450
-0.8193 3.2625 6.6450
-3.1415 5.1660 6.6450
-3.0626 5.2015 6.6450
-3.1772 5.3845 6.6450
-3.1905 3.3621 7.1196
-3.1181 3.3437 7.1196
-3.0435 3.3214 7.1196
-2.9877 3.3181 7.1196
-2.9255 3.3066 7.1196
-2.8545 3.2837 7.1196
-2.7985 3.2766 7.1196
-2.7402 3.2656 7.1196
-2.6881 3.2609 7.1196
-2.6356 3.2547 7.1196
-2.5859 3.2510 7.1196
-2.5279 3.2356 7.1196
-2.4789 3.2305 7.1196
-2.4349 3.2313 7.1196
-2.3894 3.2291 7.1196
-2.3511 3.2361 7.1196
-2.3013 3.2263 7.1196
-2.2605 3.2283 7.1196
-2.2141 3.2215 7.1196
-2.1697 3.2167 7.1196
-2.1299 3.2180 7.1196
-2.0892 3.2171 7.1196
-2.0503 3.2184 7.1196
-2.0052 3.2090 7.1196
-1.9656 3.2076 7.1196
-1.9304 3.2127 7.1196
-1.8931 3.2139 7.1196
-1.8495 3.2034 7.1196
-1.8161 3.2099 7.1196
-1.7802 3.2116 7.1196
-1.7450 3.2138 7.1196
-1.7070 3.2104 7.1196
-1.6734 3.2145 7.1196
-1.6412 3.2210 7.1196
-1.6023 3.2137 7.1196
-1.5694 3.2177 7.1196
-1.5356 3.2195 7.1196
-1.5033 3.2237 7.1196
-1.4713 3.2285 7.1196
-1.4415 3.2376 7.1196
-1.4080 3.2381 7.1196
-1.3746 3.2383 7.1196
-1.3440 3.2447 7.1196
-1.3074 3.2359 7.1196
-1.2754 3.2379 7.1196
-1.2471 3.2489 7.1196
-1.2166 3.2540 7.1196
-1.1841 3.2532 7.1196
-1.1516 3.2521 7.1196
-1.1222 3.2592 7.1196
-1.0918 3.2632 7.1196
-1.0599 3.2621 7.1196
-1.0284 3.2617 7.1196
-0.9996 3.2696 7.1196
-0.9719 3.2811 7.1196
-0.9402 3.2789 7.1196
-0.9107 3.2841 7.1196
-0.8818 3.2909 7.1196
-0.8518 3.2936 7.1196
-0.8216 3.2951 7.1196
-0.7911 3.2954 7.1196
-0.7615 3.2982 7.1196
-0.7543 3.4024 7.1196
-1.1044 5.1959 7.1196
-1.0551 5.1858 7.1196
-1.0088 5.1899 7.1196
-0.9642 5.2024 7.1196
-0.9143 5.1850 7.1196
-0.8696 5.1967 7.1196
-0.8250 5.2091 7.1196
-0.7787 5.2101 7.1196
-0.7337 5.2207 7.1196
-0.6773 5.1446 7.1196
-0.6641 5.4084 7.1196
-0.6760 5.9336 7.1196
-3.1803 3.2736 7.1196
-2.9168 3.2228 7.1196
-2.7320 3.2054 7.1196
-2.5445 3.1832 7.1196
-2.3828 3.1707 7.1196
-2.2449 3.1676 7.1196
-2.1049 3.1610 7.1196
-1.9910 3.1659 7.1196
-1.8756 3.1682 7.1196
-1.7581 3.1673 7.1196
-1.6688 3.1805 7.1196
-1.5478 3.1736 7.1196
-1.4564 3.1824 7.1196
-1.3952 3.2081 7.1196
-1.2686 3.1922 7.1196
-1.2069 3.2152 7.1196
-1.1107 3.2150 7.1196
-1.0124 3.2117 7.1196
-0.9494 3.2305 7.1196
-0.8839 3.2466 7.1196
-0.8193 3.2625 7.1196
-3.0917 5.1292 7.1196
-3.0977 5.2280 7.1196
-3.1883 5.3930 7.1196
-3.0680 3.5922 7.5942
-2.9968 3.7008 7.5942
-3.0024 3.9128 7.5942
-2.9513 3.9165 7.5942
-3.0415 4.5091 7.5942
-2.9639 4.4780 7.5942
-2.9176 4.4928 7.5942
-2.8595 4.4885 7.5942
-2.7969 4.4760 7.5942
-2.7348 4.4627 7.5942
-2.7024 4.4976 7.5942
-2.6356 4.4744 7.5942
-2.5785 4.4661 7.5942
-2.5251 4.4632 7.5942
-2.4725 4.4606 7.5942
-2.4225 4.4618 7.5942
-2.3652 4.4483 7.5942
-2.2972 4.4129 7.5942
-2.2463 4.4087 7.5942
-2.2042 4.4210 7.5942
-2.1699 4.4490 7.5942
-2.1190 4.4425 7.5942
-2.0746 4.4491 7.5942
-2.0266 4.4470 7.5942
-1.9780 4.4426 7.5942
-1.9343 4.4487 7.5942
-1.8900 4.4525 7.5942
-1.8403 4.4429 7.5942
-1.7944 4.4412 7.5942
-1.7438 4.4269 7.5942
-1.7022 4.4345 7.5942
-1.6537 4.4230 7.5942
-1.6089 4.4203 7.5942
-1.5652 4.4200 7.5942
-1.5240 4.4260 7.5942
-1.4767 4.4135 7.5942
-1.4323 4.4081 7.5942
-1.3881 4.4024 7.5942
-1.3496 4.4143 7.5942
-1.3048 4.4048 7.5942
-1.2481 4.3526 7.5942
-0.9837 3.5471 7.5942
-1.1401 4.2549 7.5942
-0.9935 3.8416 7.5942
-1.0964 4.3974 7.5942
-1.0696 4.4554 7.5942
-1.0112 4.3798 7.5942
-0.9660 4.3572 7.5942
-1.1034 5.1910 7.5942
-1.0582 5.2014 7.5942
-1.0103 5.1977 7.5942
-0.9646 5.2044 7.5942
-0.9186 5.2096 7.5942
-0.8716 5.2086 7.5942
-0.8255 5.2120 7.5942
-0.7801 5.2200 7.5942
-0.7382 5.2524 7.5942
-0.6973 5.2963 7.5942
-0.6641 5.4084 7.5942
-0.6651 5.8372 7.5942
-2.9322 3.6008 7.5942
-2.9244 3.8271 7.5942
-2.9306 3.9090 7.5942
-2.9071 4.3816 7.5942
-2.8561 4.4321 7.5942
-2.6903 4.4048 7.5942
-2.5486 4.3908 7.5942
-2.4224 4.3850 7.5942
-2.3261 4.3982 7.5942
-2.1977 4.3866 7.5942
-2.1029 4.3975 7.5942
-1.9765 4.3830 7.5942
-1.1407 3.8218 7.5942
-1.7517 4.3687 7.5942
-1.6523 4.3688 7.5942
-1.5860 4.3939 7.5942
-1.5266 4.4239 7.5942
-1.3959 4.3935 7.5942
-1.2943 4.3851 7.5942
-1.1637 4.3497 7.5942
-1.0356 4.4677 7.5942
-0.7767 4.7807 7.5942
-3.1711 5.2776 8.0689
-3.1472 5.3430 8.0689
-3.1340 5.4282 8.0689
-3.1249 5.5233 8.0689
-2.8972 5.2267 8.0689
-2.8358 5.2228 8.0689
-2.7675 5.2050 8.0689
-2.7132 5.2121 8.0689
-2.6504 5.2017 8.0689
-2.5960 5.2067 8.0689
-2.3690 4.8571 8.0689
-2.4828 5.2052 8.0689
-2.4503 5.2548 8.0689
-2.3720 5.2050 8.0689
-2.3029 5.1725 8.0689
-2.2697 5.2199 8.0689
-2.2748 5.3592 8.0689
-2.2525 5.4380 8.0689
-2.1761 5.3860 8.0689
-2.1140 5.3666 8.0689
-2.0649 5.3793 8.0689
-2.0196 5.4018 8.0689
-1.9167 5.2660 8.0689
-1.9488 5.5031 8.0689
-1.6575 4.8136 8.0689
-1.7829 5.3286 8.0689
-1.7459 5.3735 8.0689
-1.7053 5.4085 8.0689
-1.6864 5.5160 8.0689
-1.5609 5.2697 8.0689
-1.4793 5.1591 8.0689
-1.4452 5.2113 8.0689
-1.4054 5.2450 8.0689
-1.3463 5.2057 8.0689
-1.2994 5.2115 8.0689
-1.2485 5.2002 8.0689
-1.2024 5.2080 8.0689
-1.1502 5.1880 8.0689
-1.1015 5.1822 8.0689
-1.0570 5.1956 8.0689
-1.0103 5.1977 8.0689
-0.9607 5.1837 8.0689
-0.9165 5.1978 8.0689
-0.8705 5.2017 8.0689
-0.8263 5.2170 8.0689
-0.7795 5.2161 8.0689
-0.7309 5.2009 8.0689
-0.6796 5.1625 8.0689
-0.6654 5.4193 8.0689
-0.6627 5.8164 8.0689
-3.1672 5.1851 8.0689
-2.9987 5.1533 8.0689
-2.8567 5.1386 8.0689
-2.7549 5.1525 8.0689
-2.6220 5.1401 8.0689
-2.1300 4.8344 8.0689
-2.3808 5.1281 8.0689
-1.7231 4.7514 8.0689
-2.1818 5.2347 8.0689
-2.1224 5.2751 8.0689
-2.0051 5.3561 8.0689
-1.5111 5.0780 8.0689
-1.3565 5.1965 8.0689
-1.2521 5.1818 8.0689
-1.1490 5.1663 8.0689
-1.0439 5.1465 8.0689
-0.9749 5.1634 8.0689
-0.9020 5.1749 8.0689
-0.8339 5.1909 8.0689
-0.7281 5.1633 8.0689
-0.7380 5.2664 8.0689
-3.2849 3.8461 8.5435
-3.2139 3.8302 8.5435
-3.2300 3.9183 8.5435
-3.2171 3.9728 8.5435
-3.2203 4.0484 8.5435
-3.2193 4.1205 8.5435
-3.2130 4.1873 8.5435
-3.2275 4.2831 8.5435
-3.2341 4.3706 8.5435
-3.2446 4.4658 8.5435
-3.2496 4.5558 8.5435
-3.2556 4.6495 8.5435
-3.2563 4.7379 8.5435
-3.2590 4.8316 8.5435
-3.2233 4.8699 8.5435
-3.2373 4.9851 8.5435
-3.5301 5.5411 8.5435
-3.5012 5.6031 8.5435
-3.2004 5.3264 8.5435
-3.1346 5.3214 8.5435
-3.1290 5.4196 8.5435
-3.1165 5.5085 8.5435
-3.0974 5.5879 8.5435
-2.9808 5.4900 8.5435
-2.9253 5.5016 8.5435
-2.8730 5.5190 8.5435
-2.8184 5.5314 8.5435
-2.7347 5.4851 8.5435
-2.6671 5.4683 8.5435
-2.6080 5.4679 8.5435
-2.4241 5.1986 8.5435
-2.3683 5.1968 8.5435
-2.3131 5.1953 8.5435
-2.2394 5.1502 8.5435
-2.1283 5.0140 8.5435
-2.0389 4.9224 8.5435
-2.0944 5.1839 8.5435
-2.0476 5.1982 8.5435
-1.9922 5.1898 8.5435
-1.9405 5.1901 8.5435
-1.8616 5.1147 8.5435
-1.8209 5.1421 8.5435
-0.8999 2.6134 8.5435
-0.8720 2.6060 8.5435
-0.8588 2.6430 8.5435
-0.8396 2.6628 8.5435
-0.8178 2.6748 8.5435
-0.8060 2.7211 8.5435
-0.7947 2.7713 8.5435
-0.7870 2.8379 8.5435
-0.7790 2.9074 8.5435
-0.7722 2.9858 8.5435
-0.7664 3.0739 8.5435
-0.7566 3.1515 8.5435
-0.7522 3.2583 8.5435
-0.7474 3.3712 8.5435
-0.7400 3.4812 8.5435
-0.7359 3.6169 8.5435
-0.7325 3.7685 8.5435
-0.7299 3.9379 8.5435
-0.7253 4.1135 8.5435
-0.7218 4.3130 8.5435
-0.7198 4.5444 8.5435
-0.7175 4.8007 8.5435
-0.6867 4.8860 8.5435
-0.6832 5.1892 8.5435
-0.6670 5.4322 8.5435
-0.6756 5.9296 8.5435
-3.1440 2.4732 8.5435
-3.1090 2.5292 8.5435
-3.1861 2.6971 8.5435
-3.2181 2.7803 8.5435
-3.2120 2.9210 8.5435
-3.2313 3.0016 8.5435
-1.0956 2.1461 8.5435
-3.2263 3.1461 8.5435
-1.0713 2.2902 8.5435
-1.0475 2.3312 8.5435
-3.2371 3.4517 8.5435
-1.0150 2.4206 8.5435
-0.9978 2.5184 8.5435
-0.9862 2.5661 8.5435
-3.2252 3.9163 8.5435
-0.8824 2.7265 8.5435
-0.8766 2.7783 8.5435
-0.8701 2.8301 8.5435
-0.8640 2.8826 8.5435
-0.8616 2.9379 8.5435
-0.8256 3.0881 8.5435
-0.8524 3.1650 8.5435
-3.1807 4.8252 8.5435
-0.8832 3.3072 8.5435
-0.7825 3.4833 8.5435
-0.7817 3.6109 8.5435
-0.7813 3.6759 8.5435
-0.7817 3.7426 8.5435
-0.7828 3.8107 8.5435
-2.1918 5.0613 8.5435
-0.7848 3.9499 8.5435
-0.7871 4.0223 8.5435
-1.7008 4.9021 8.5435
-0.7541 4.1366 8.5435
-1.5775 4.9642 8.5435
-0.7588 4.2884 8.5435
-0.7610 4.3662 8.5435
-0.7638 4.4458 8.5435
-1.3867 5.1363 8.5435
-0.8092 4.6492 8.5435
-1.1806 5.1090 8.5435
-0.7781 4.7822 8.5435
-1.0081 5.1088 8.5435
-0.9340 5.1195 8.5435
-0.7196 4.9759 8.5435
-0.7897 5.1418 8.5435
-0.7308 5.1663 8.5435
-0.5972 5.2880 8.5435
-2.8280 2.2901 9.0182
-2.7778 2.2899 9.0182
-2.7348 2.2948 9.0182
-2.6713 2.2815 9.0182
-2.6219 2.2791 9.0182
-2.5787 2.2814 9.0182
-2.5334 2.2811 9.0182
-2.4758 2.2686 9.0182
-2.4347 2.2704 9.0182
-2.3879 2.2661 9.0182
-2.3479 2.2674 9.0182
-2.3102 2.2702 9.0182
-2.2698 2.2698 9.0182
-2.2324 2.2717 9.0182
-2.1965 2.2746 9.0182
-2.1580 2.2740 9.0182
-2.1135 2.2665 9.0182
-2.0774 2.2671 9.0182
-2.0455 2.2718 9.0182
-2.0058 2.2671 9.0182
-1.9701 2.2664 9.0182
-1.9341 2.2645 9.0182
-1.9046 2.2698 9.0182
-1.8701 2.2686 9.0182
-1.8338 2.2646 9.0182
-1.8003 2.2633 9.0182
-1.7688 2.2640 9.0182
-1.7313 2.2563 9.0182
-1.6953 2.2498 9.0182
-1.6613 2.2452 9.0182
-1.6346 2.2499 9.0182
-1.6074 2.2535 9.0182
-1.5739 2.2478 9.0182
-1.5435 2.2457 9.0182
-1.5204 2.2542 9.0182
-1.4941 2.2573 9.0182
-1.4656 2.2569 9.0182
-1.4314 2.2468 9.0182
-1.4069 2.2516 9.0182
-1.3815 2.2544 9.0182
-1.3582 2.2604 9.0182
-1.3353 2.2669 9.0182
-1.3090 2.2673 9.0182
-1.2803 2.2629 9.0182
-1.2552 2.2644 9.0182
-1.2335 2.2717 9.0182
-1.2131 2.2815 9.0182
-1.1959 2.2974 9.0182
-1.1772 2.3104 9.0182
-1.1690 2.3447 9.0182
-1.1555 2.3692 9.0182
-1.1456 2.4018 9.0182
-1.1343 2.4325 9.0182
-1.1209 2.4596 9.0182
-1.1108 2.4949 9.0182
-1.1033 2.5375 9.0182
-1.1066 2.6069 9.0182
-1.0910 2.6340 9.0182
-1.0706 2.6499 9.0182
-1.0464 2.6563 9.0182
-1.0149 2.6439 9.0182
-0.9890 2.6452 9.0182
-0.9696 2.6640 9.0182
-0.9497 2.6818 9.0182
-0.9350 2.7155 9.0182
-0.9221 2.7558 9.0182
-0.9104 2.8018 9.0182
-0.8949 2.8383 9.0182
-0.8853 2.8957 9.0182
-0.8671 2.9273 9.0182
-0.8509 2.9674 9.0182
-0.8359 3.0142 9.0182
-0.8267 3.0852 9.0182
-0.8177 3.1620 9.0182
-0.8092 3.2456 9.0182
-0.7981 3.3245 9.0182
-0.7824 3.3889 9.0182
-0.7742 3.4922 9.0182
-0.7655 3.6015 9.0182
-0.7584 3.7276 9.0182
-0.7499 3.8578 9.0182
-0.7379 3.9812 9.0182
-0.7312 4.1470 9.0182
-0.7254 4.3347 9.0182
-0.7284 4.5987 9.0182
-0.7182 4.8056 9.0182
-0.6881 4.8959 9.0182
-0.6799 5.1644 9.0182
-2.6292 2.2275 9.0182
-2.4889 2.2412 9.0182
-2.3206 2.2423 9.0182
-2.1435 2.2371 9.0182
-1.9855 2.2362 9.0182
-1.8188 2.2291 9.0182
-1.6749 2.2282 9.0182
-1.5536 2.2341 9.0182
-1.3958 2.2225 9.0182
-1.3029 2.2362 9.0182
-3.1797 3.1254 9.0182
-3.1712 3.2694 9.0182
-3.1966 3.3563 9.0182
-3.1942 3.5071 9.0182
-3.1949 3.6621 9.0182
-3.2116 3.8287 9.0182
-3.2068 4.0685 9.0182
-3.1677 4.4644 9.0182
-3.1766 4.8224 9.0182
-3.2039 4.9322 9.0182
-3.1147 5.9399 9.0182
-2.6753 2.4089 9.4928
-2.6291 2.4092 9.4928
-2.5839 2.4095 9.4928
-2.5308 2.4017 9.4928
-2.5198 2.4334 9.4928
-2.4950 2.4518 9.4928
-2.4600 2.4600 9.4928
-2.4202 2.4629 9.4928
-2.3820 2.4666 9.4928
-2.3349 2.4605 9.4928
-2.2867 2.4522 9.4928
-2.2423 2.4470 9.4928
-2.2142 2.4591 9.4928
-2.1681 2.4506 9.4928
-2.1296 2.4498 9.4928
-2.0919 2.4493 9.4928
-2.0582 2.4529 9.4928
-2.0170 2.4468 9.4928
-1.9830 2.4488 9.4928
-1.9497 2.4511 9.4928
-1.9202 2.4578 9.4928
-1.8835 2.4546 9.4928
-1.8440 2.4470 9.4928
-1.8166 2.4550 9.4928
-1.7875 2.4602 9.4928
-1.7439 2.4448 9.4928
-1.7116 2.4443 9.4928
-1.6834 2.4493 9.4928
-1.6507 2.4473 9.4928
-1.6188 2.4458 9.4928
-1.5844 2.4397 9.4928
-1.5259 2.3952 9.4928
-1.4870 2.3796 9.4928
-1.4562 2.3763 9.4928
-1.4328 2.3846 9.4928
-1.4049 2.3850 9.4928
-1.3785 2.3876 9.4928
-1.3537 2.3926 9.4928
-1.3327 2.4043 9.4928
-1.3146 2.4211 9.4928
-1.3014 2.4475 9.4928
-1.2906 2.4792 9.4928
-1.2739 2.5002 9.4928
-1.2618 2.5309 9.4928
-1.2551 2.5732 9.4928
-1.2493 2.6193 9.4928
-1.2378 2.6546 9.4928
-1.2097 2.6544 9.4928
-1.1869 2.6657 9.4928
-1.1552 2.6567 9.4928
-1.1273 2.6557 9.4928
-1.0994 2.6543 9.4928
-1.0762 2.6638 9.4928
-1.0526 2.6722 9.4928
-1.0256 2.6719 9.4928
-0.9963 2.6648 9.4928
-0.9761 2.6819 9.4928
-0.9530 2.6912 9.4928
-0.9360 2.7184 9.4928
-0.9243 2.7625 9.4928
-0.9097 2.7999 9.4928
-0.8943 2.8364 9.4928
-0.8827 2.8871 9.4928
-0.8671 2.9273 9.4928
-0.8534 2.9761 9.4928
-0.8341 3.0075 9.4928
-0.8267 3.0852 9.4928
-0.8167 3.1581 9.4928
-0.8080 3.2408 9.4928
-0.8082 3.3663 9.4928
-0.7945 3.4415 9.4928
-0.7781 3.5098 9.4928
-0.7869 3.7023 9.4928
-0.7857 3.8619 9.4928
-0.7466 3.8411 9.4928
-0.7353 3.9674 9.4928
-0.7278 4.1273 9.4928
-0.7208 4.3071 9.4928
-0.7224 4.5611 9.4928
-0.7179 4.8037 9.4928
-0.6881 4.8959 9.4928
-0.6736 5.1168 9.4928
-0.6776 5.5186 9.4928
-0.6686 5.8680 9.4928
-2.6636 2.3671 9.4928
-2.5228 2.3790 9.4928
-2.7511 2.5301 9.4928
-2.3463 2.4369 9.4928
-2.2451 2.4585 9.4928
-2.0876 2.4553 9.4928
-1.9224 2.4460 9.4928
-1.8109 2.4571 9.4928
-1.4695 2.3640 9.4928
-1.4105 2.3928 9.4928
-3.1685 3.2681 9.4928
-3.1706 3.4193 9.4928
-3.1704 3.5720 9.4928
-1.1230 2.6389 9.4928
-1.0190 2.6382 9.4928
-3.1823 3.8925 9.4928
-3.1780 4.1339 9.4928
-3.1762 4.4698 9.4928
-3.1849 4.8280 9.4928
-3.1923 5.0161 9.4928
-3.1510 5.5609 9.4928
-3.1862 5.8956 9.4928
-2.9978 2.7469 9.9674
-2.9583 2.7587 9.9674
-2.8942 2.7465 9.9674
-2.8378 2.7404 9.9674
-2.7881 2.7399 9.9674
-2.5717 2.5717 9.9674
-2.5366 2.5813 9.9674
-2.4862 2.5745 9.9674
-2.4574 2.5896 9.9674
-2.4341 2.6102 9.9674
-2.4510 2.6748 9.9674
-2.4557 2.7273 9.9674
-2.3675 2.6760 9.9674
-2.3231 2.6724 9.9674
-2.2835 2.6736 9.9674
-2.2350 2.6635 9.9674
-2.1964 2.6644 9.9674
-2.1510 2.6563 9.9674
-2.1197 2.6648 9.9674
-2.0760 2.6572 9.9674
-2.0357 2.6530 9.9674
-1.9980 2.6515 9.9674
-1.9647 2.6551 9.9674
-1.9273 2.6528 9.9674
-1.8890 2.6483 9.9674
-1.8544 2.6483 9.9674
-1.8204 2.6487 9.9674
-1.7838 2.6446 9.9674
-1.7557 2.6526 9.9674
-1.7243 2.6552 9.9674
-1.6946 2.6601 9.9674
-1.6475 2.6366 9.9674
-1.5769 2.5733 9.9674
-1.5328 2.5509 9.9674
-1.5038 2.5530 9.9674
-1.4785 2.5608 9.9674
-1.4487 2.5606 9.9674
-1.4249 2.5705 9.9674
-1.4048 2.5872 9.9674
-1.3901 2.6144 9.9674
-1.3746 2.6406 9.9674
-1.3661 2.6810 9.9674
-1.3399 2.6875 9.9674
-1.3112 2.6883 9.9674
-1.2829 2.6897 9.9674
-1.2543 2.6899 9.9674
-1.2258 2.6898 9.9674
-1.2003 2.6959 9.9674
-1.1691 2.6888 9.9674
-1.1413 2.6888 9.9674
-1.1174 2.6977 9.9674
-1.0867 2.6898 9.9674
-1.0614 2.6945 9.9674
-1.0396 2.7083 9.9674
-1.0075 2.6948 9.9674
-0.9843 2.7044 9.9674
-0.9590 2.7082 9.9674
-0.9396 2.7288 9.9674
-0.9259 2.7672 9.9674
-0.9125 2.8085 9.9674
-0.8994 2.8526 9.9674
-0.8841 2.8919 9.9674
-0.8702 2.9378 9.9674
-0.8539 2.9780 9.9674
-0.8351 3.0113 9.9674
-0.8238 3.0745 9.9674
-0.8142 3.1484 9.9674
-0.8017 3.2156 9.9674
-0.7816 3.2555 9.9674
-0.7905 3.4239 9.9674
-0.7134 3.2179 9.9674
-0.6886 3.2396 9.9674
-0.6619 3.2534 9.9674
-0.6335 3.2590 9.9674
-0.6581 3.5505 9.9674
-0.7250 4.1116 9.9674
-0.7203 4.3042 9.9674
-0.7162 4.5216 9.9674
-0.7225 4.8343 9.9674
-0.6936 4.9355 9.9674
-0.6752 5.1287 9.9674
-0.6666 5.4292 9.9674
-0.6772 5.9435 9.9674
-2.9855 2.6887 9.9674
-2.4890 2.5571 9.9674
-2.4100 2.5889 9.9674
-2.3338 2.6206 9.9674
-2.1521 2.6054 9.9674
-1.9884 2.5950 9.9674
-1.8500 2.5931 9.9674
-1.7329 2.5987 9.9674
-1.4997 2.5469 9.9674
-1.5797 2.6434 9.9674
-1.3359 2.6372 9.9674
-1.2408 2.6449 9.9674
-1.1460 2.6511 9.9674
-1.0805 2.6716 9.9674
-1.0185 2.6931 9.9674
-3.1547 4.8978 9.9674
-3.1956 5.0184 9.9674
-3.1938 5.4954 9.9674
-2.9856 2.8333 10.4421
-2.9083 2.8085 10.4421
-2.8551 2.8057 10.4421
-2.7980 2.7980 10.4421
-2.7504 2.7988 10.4421
-2.7050 2.8011 10.4421
-2.6447 2.7869 10.4421
-2.5950 2.7828 10.4421
-2.5456 2.7781 10.4421
-2.4972 2.7734 10.4421
-2.4490 2.7681 10.4421
-2.4012 2.7622 10.4421
-2.3672 2.7717 10.4421
-2.3205 2.7654 10.4421
-2.2797 2.7655 10.4421
-2.2398 2.7659 10.4421
-2.2074 2.7751 10.4421
-2.1536 2.7565 10.4421
-2.1221 2.7656 10.4421
-2.0823 2.7633 10.4421
-2.0426 2.7604 10.4421
-2.0049 2.7596 10.4421
-1.9657 2.7558 10.4421
-1.9249 2.7491 10.4421
-1.8946 2.7567 10.4421
-1.8532 2.7474 10.4421
-1.8214 2.7518 10.4421
-1.7837 2.7466 10.4421
-1.7532 2.7520 10.4421
-1.7159 2.7460 10.4421
-1.6856 2.7506 10.4421
-1.6517 2.7489 10.4421
-1.6236 2.7564 10.4421
-1.5875 2.7496 10.4421
-1.5570 2.7521 10.4421
-1.5272 2.7551 10.4421
-1.4959 2.7551 10.4421
-1.4643 2.7539 10.4421
-1.4314 2.7497 10.4421
-1.4015 2.7505 10.4421
-1.3774 2.7627 10.4421
-1.3423 2.7521 10.4421
-1.3182 2.7637 10.4421
-1.2890 2.7642 10.4421
-1.2603 2.7654 10.4421
-1.2300 2.7626 10.4421
-1.2014 2.7631 10.4421
-1.1745 2.7670 10.4421
-1.1481 2.7716 10.4421
-1.1189 2.7695 10.4421
-1.0944 2.7782 10.4421
-1.0661 2.7774 10.4421
-1.0412 2.7847 10.4421
-1.0168 2.7937 10.4421
-0.9887 2.7921 10.4421
-0.9653 2.8035 10.4421
-0.9443 2.8222 10.4421
-0.9249 2.8465 10.4421
-0.9081 2.8802 10.4421
-0.8914 2.9158 10.4421
-0.8776 2.9628 10.4421
-0.8589 2.9953 10.4421
-0.8442 3.0441 10.4421
-0.8326 3.1074 10.4421
-0.8250 3.1900 10.4421
-0.7962 3.1932 10.4421
-0.7893 3.2876 10.4421
-0.7777 3.3684 10.4421
-0.8526 4.0114 10.4421
-0.8144 4.0030 10.4421
-0.7678 3.9501 10.4421
-0.7384 3.9841 10.4421
-0.7316 4.1490 10.4421
-0.6382 3.8140 10.4421
-0.5262 3.3226 10.4421
-0.4977 3.3300 10.4421
-0.4801 3.4164 10.4421
-0.4732 3.5940 10.4421
-0.7051 5.7429 10.4421
-2.8979 2.7909 10.4421
-2.6551 2.7570 10.4421
-2.5061 2.7593 10.4421
-2.3785 2.7687 10.4421
-2.2203 2.7619 10.4421
-2.0863 2.7635 10.4421
-1.9763 2.7742 10.4421
-1.8341 2.7674 10.4421
-1.7175 2.7709 10.4421
-1.5978 2.7707 10.4421
-1.5069 2.7834 10.4421
-1.4144 2.7938 10.4421
-1.3204 2.8019 10.4421
-1.2590 2.8264 10.4421
-1.1585 2.8280 10.4421
-1.0955 2.8495 10.4421
-1.0004 2.9084 10.4421
-3.1379 4.7958 10.4421
-3.1752 4.9121 10.4421
-3.1418 5.4548 10.4421
-2.6311 3.4289 10.9167
-2.5447 3.4389 10.9167
-2.6245 3.6123 10.9167
-2.7984 3.9232 10.9167
-2.7233 3.8893 10.9167
-2.7607 4.0168 10.9167
-2.7462 4.0714 10.9167
-2.7255 4.1177 10.9167
-2.7319 4.2068 10.9167
-2.8316 4.4447 10.9167
-2.5028 4.0053 10.9167
-2.4599 4.0142 10.9167
-2.4135 4.0167 10.9167
-2.3433 3.9781 10.9167
-2.3285 4.0331 10.9167
-2.2750 4.0210 10.9167
-2.2136 3.9935 10.9167
-2.1863 4.0267 10.9167
-2.1253 3.9971 10.9167
-2.0926 4.0199 10.9167
-2.0652 4.0532 10.9167
-2.0418 4.0952 10.9167
-2.0235 4.1488 10.9167
-1.9976 4.1880 10.9167
-1.9546 4.1917 10.9167
-1.9213 4.2159 10.9167
-1.8486 4.1521 10.9167
-1.7964 4.1314 10.9167
-1.7403 4.0999 10.9167
-1.6769 4.0484 10.9167
-1.6460 4.0740 10.9167
-1.6034 4.0706 10.9167
-1.5560 4.0536 10.9167
-1.5076 4.0324 10.9167
-1.4597 4.0106 10.9167
-1.4237 4.0204 10.9167
-1.3794 4.0062 10.9167
-1.3425 4.0124 10.9167
-1.3124 4.0391 10.9167
-1.2726 4.0361 10.9167
-1.2353 4.0404 10.9167
-1.2042 4.0654 10.9167
-1.0742 3.7460 10.9167
-0.9057 3.2657 10.9167
-0.8751 3.2658 10.9167
-0.8530 3.2985 10.9167
-0.8281 3.3213 10.9167
-0.8035 3.3469 10.9167
-0.7808 3.3820 10.9167
-1.1155 5.0318 10.9167
-0.9192 4.3244 10.9167
-0.9001 4.4244 10.9167
-1.0443 5.3724 10.9167
-1.0059 5.4276 10.9167
-0.9811 5.5642 10.9167
-0.9867 5.8960 10.9167
-0.9447 3.3503 10.9167
