-2.9202 3.8057 0.0000
-2.9068 3.8574 0.0000
-2.8980 3.9164 0.0000
-2.9066 4.0006 0.0000
-2.9053 4.0730 0.0000
-2.9011 4.1433 0.0000
-2.8983 4.2171 0.0000
-2.9011 4.3010 0.0000
-2.8955 4.3746 0.0000
-2.8969 4.4609 0.0000
-2.8917 4.5391 0.0000
-2.8960 4.6346 0.0000
-2.8748 4.6912 0.0000
-2.8106 4.6776 0.0000
-2.7559 4.6786 0.0000
-2.6990 4.6748 0.0000
-2.6419 4.6695 0.0000
-1.8360 3.3122 0.0000
-1.8533 3.4133 0.0000
-1.8211 3.4250 0.0000
-1.7823 3.4239 0.0000
-1.7787 3.4910 0.0000
-2.3207 4.6546 0.0000
-2.2765 4.6674 0.0000
-2.2223 4.6591 0.0000
-2.1739 4.6620 0.0000
-2.1220 4.6563 0.0000
-2.0601 4.6271 0.0000
-2.0081 4.6183 0.0000
-1.9794 4.6633 0.0000
-1.9314 4.6628 0.0000
-1.8850 4.6656 0.0000
-1.8362 4.6614 0.0000
-1.7875 4.6567 0.0000
-1.7391 4.6515 0.0000
-1.6968 4.6618 0.0000
-1.6493 4.6576 0.0000
-1.6028 4.6548 0.0000
-1.5564 4.6515 0.0000
-1.5120 4.6535 0.0000
-1.4578 4.6236 0.0000
-1.4104 4.6132 0.0000
-1.3778 4.6512 0.0000
-1.3322 4.6458 0.0000
-1.2878 4.6437 0.0000
-1.2436 4.6413 0.0000
-1.2013 4.6452 0.0000
-1.1583 4.6458 0.0000
-1.1156 4.6470 0.0000
-1.0696 4.6331 0.0000
-1.0281 4.6374 0.0000
-0.9853 4.6354 0.0000
-0.9424 4.6321 0.0000
-0.9008 4.6343 0.0000
-0.8583 4.6311 0.0000
-0.8168 4.6325 0.0000
-0.7749 4.6306 0.0000
-0.7341 4.6352 0.0000
-0.6923 4.6326 0.0000
-0.6511 4.6325 0.0000
-0.5252 3.9896 0.0000
-0.4601 3.7469 0.0000
-0.4319 3.7905 0.0000
-0.4315 4.1054 0.0000
-0.4221 4.3837 0.0000
-2.9602 3.7694 0.0000
-1.8758 3.3000 0.0000
-1.8769 3.3675 0.0000
-1.9073 3.4533 0.0000
-2.3433 3.7892 0.0000
-2.9784 4.4279 0.0000
-2.6168 4.6056 0.0000
-2.5205 4.6212 0.0000
-2.3931 4.6123 0.0000
-2.2927 4.6213 0.0000
-2.1268 4.5785 0.0000
-1.9388 4.5966 0.0000
-1.8394 4.5991 0.0000
-1.7388 4.5988 0.0000
-1.6433 4.6011 0.0000
-0.5171 3.7213 0.0000
-0.5177 3.7881 0.0000
-0.5182 3.8558 0.0000
-0.5193 3.9251 0.0000
-0.5203 3.9954 0.0000
-0.5218 4.0674 0.0000
-0.5224 4.1398 0.0000
-0.5257 4.2159 0.0000
-0.5272 4.2917 0.0000
-0.7703 4.6103 0.0000
-0.4923 4.4086 0.0000
-0.4947 4.4887 0.0000
-0.4959 4.5691 0.0000
-2.9202 3.8057 0.4661
-2.9080 3.8590 0.4661
-2.9010 3.9204 0.4661
-2.9007 3.9925 0.4661
-2.8960 4.0600 0.4661
-2.8983 4.1392 0.4661
-2.8943 4.2113 0.4661
-2.8949 4.2919 0.4661
-2.8899 4.3662 0.4661
-2.8937 4.4559 0.4661
-2.8901 4.5366 0.4661
-2.8902 4.6253 0.4661
-2.8727 4.6878 0.4661
-2.8152 4.6853 0.4661
-2.7590 4.6838 0.4661
-2.7005 4.6774 0.4661
-2.6458 4.6764 0.4661
-1.9024 3.4320 0.4661
-1.8471 3.4019 0.4661
-1.8187 3.4205 0.4661
-1.7884 3.4354 0.4661
-1.8387 3.6086 0.4661
-2.3260 4.6653 0.4661
-2.2751 4.6647 0.4661
-2.2232 4.6610 0.4661
-2.1748 4.6639 0.4661
-2.1220 4.6563 0.4661
-2.0561 4.6180 0.4661
-2.0073 4.6165 0.4661
-1.9791 4.6624 0.4661
-1.9306 4.6610 0.4661
-1.8820 4.6582 0.4661
-1.8329 4.6530 0.4661
-1.7886 4.6595 0.4661
-1.7447 4.6665 0.4661
-1.6957 4.6590 0.4661
-1.6487 4.6557 0.4661
-1.6047 4.6605 0.4661
-1.5589 4.6591 0.4661
-1.5126 4.6554 0.4661
-1.4533 4.6093 0.4661
-1.4066 4.6008 0.4661
-1.3778 4.6512 0.4661
-1.3322 4.6458 0.4661
-1.2897 4.6505 0.4661
-1.2472 4.6548 0.4661
-1.2023 4.6490 0.4661
-1.1576 4.6429 0.4661
-1.1159 4.6479 0.4661
-1.0726 4.6458 0.4661
-1.0292 4.6423 0.4661
-0.9867 4.6423 0.4661
-0.9454 4.6468 0.4661
-0.9037 4.6490 0.4661
-0.8618 4.6498 0.4661
-0.8191 4.6453 0.4661
-0.7761 4.6375 0.4661
-0.7349 4.6402 0.4661
-0.6935 4.6405 0.4661
-0.6519 4.6384 0.4661
-0.5186 3.9390 0.4661
-0.4602 3.7479 0.4661
-0.4316 3.7885 0.4661
-0.4297 4.0885 0.4661
-0.4224 4.3867 0.4661
-2.9610 3.7699 0.4661
-1.8463 3.2830 0.4661
-1.8769 3.3675 0.4661
-1.8173 3.3993 0.4661
-2.8635 4.1079 0.4661
-2.9809 4.4295 0.4661
-2.6477 4.6276 0.4661
-2.5213 4.6218 0.4661
-2.3939 4.6129 0.4661
-2.2943 4.6225 0.4661
-2.0951 4.5541 0.4661
-2.0291 4.5854 0.4661
-1.9716 4.6228 0.4661
-1.8689 4.6230 0.4661
-1.7412 4.6008 0.4661
-1.6403 4.5985 0.4661
-0.5171 3.7213 0.4661
-0.5177 3.7881 0.4661
-0.5182 3.8558 0.4661
-0.5185 3.9245 0.4661
-0.5203 3.9954 0.4661
-0.5218 4.0674 0.4661
-0.5224 4.1398 0.4661
-0.5250 4.2152 0.4661
-0.5279 4.2924 0.4661
-0.7710 4.6110 0.4661
-0.4923 4.4086 0.4661
-0.4940 4.4880 0.4661
-0.4966 4.5699 0.4661
-2.9221 3.8081 0.9321
-2.9080 3.8590 0.9321
-2.8920 3.9084 0.9321
-2.8943 3.9836 0.9321
-2.8994 4.0649 0.9321
-2.8966 4.1367 0.9321
-2.8949 4.2121 0.9321
-2.8949 4.2919 0.9321
-2.8916 4.3687 0.9321
-2.8888 4.4483 0.9321
-2.8885 4.5341 0.9321
-2.8875 4.6210 0.9321
-2.8779 4.6963 0.9321
-2.8183 4.6904 0.9321
-2.7625 4.6898 0.9321
-2.7065 4.6878 0.9321
-2.6527 4.6886 0.9321
-2.5957 4.6827 0.9321
-2.5380 4.6744 0.9321
-2.4887 4.6805 0.9321
-2.4362 4.6799 0.9321
-2.3835 4.6778 0.9321
-2.3332 4.6796 0.9321
-2.2765 4.6674 0.9321
-2.2279 4.6709 0.9321
-2.1782 4.6711 0.9321
-2.1278 4.6690 0.9321
-2.0801 4.6719 0.9321
-2.0340 4.6779 0.9321
-1.9841 4.6743 0.9321
-1.9345 4.6702 0.9321
-1.8884 4.6739 0.9321
-1.8439 4.6809 0.9321
-1.7940 4.6735 0.9321
-1.7447 4.6665 0.9321
-1.6985 4.6665 0.9321
-1.6540 4.6708 0.9321
-1.6073 4.6680 0.9321
-1.5602 4.6629 0.9321
-1.5151 4.6630 0.9321
-1.4705 4.6637 0.9321
-1.4253 4.6620 0.9321
-1.3806 4.6608 0.9321
-1.3344 4.6535 0.9321
-1.2916 4.6572 0.9321
-1.2460 4.6500 0.9321
-1.2016 4.6461 0.9321
-1.1586 4.6467 0.9321
-1.1156 4.6470 0.9321
-1.0750 4.6565 0.9321
-1.0307 4.6491 0.9321
-0.9870 4.6433 0.9321
-0.9464 4.6517 0.9321
-0.9046 4.6539 0.9321
-0.8612 4.6469 0.9321
-0.8184 4.6414 0.9321
-0.7775 4.6464 0.9321
-0.7352 4.6421 0.9321
-0.6943 4.6454 0.9321
-0.6524 4.6424 0.9321
-0.5267 4.0005 0.9321
-0.4604 3.7498 0.9321
-0.4297 3.7716 0.9321
-0.4298 4.0895 0.9321
-0.4199 4.3608 0.9321
-0.4448 5.0836 0.9321
-0.4482 5.6944 0.9321
-2.9628 3.7708 0.9321
-2.8962 3.9679 0.9321
-2.9837 4.1816 0.9321
-2.9901 4.4355 0.9321
-2.6509 4.6299 0.9321
-2.5237 4.6235 0.9321
-2.4269 4.6372 0.9321
-2.2951 4.6231 0.9321
-2.1935 4.6296 0.9321
-2.0693 4.6168 0.9321
-1.9716 4.6228 0.9321
-1.8417 4.6010 0.9321
-1.7736 4.6275 0.9321
-1.6426 4.6004 0.9321
-0.5171 3.7213 0.9321
-0.5177 3.7881 0.9321
-0.5182 3.8558 0.9321
-0.5193 3.9251 0.9321
-0.5195 3.9948 0.9321
-0.5211 4.0668 0.9321
-0.5231 4.1405 0.9321
-0.5242 4.2145 0.9321
-0.5272 4.2917 0.9321
-0.7718 4.6118 0.9321
-0.4930 4.4093 0.9321
-0.4940 4.4880 0.9321
-0.4966 4.5699 0.9321
-2.9160 3.8002 1.3982
-2.9038 3.8534 1.3982
-2.9027 3.9228 1.3982
-2.8995 3.9909 1.3982
-2.8971 4.0616 1.3982
-2.8954 4.1351 1.3982
-2.8955 4.2129 1.3982
-2.8949 4.2919 1.3982
-2.8949 4.3737 1.3982
-2.8915 4.4525 1.3982
-2.8912 4.5383 1.3982
-2.8891 4.6236 1.3982
-2.8837 4.7057 1.3982
-2.8219 4.6964 1.3982
-2.7676 4.6985 1.3982
-2.7085 4.6913 1.3982
-2.6547 4.6921 1.3982
-2.6020 4.6941 1.3982
-2.5466 4.6902 1.3982
-2.4910 4.6849 1.3982
-2.4385 4.6843 1.3982
-2.3880 4.6867 1.3982
-2.3354 4.6841 1.3982
-2.2826 4.6800 1.3982
-2.2326 4.6808 1.3982
-2.1773 4.6693 1.3982
-2.1311 4.6763 1.3982
-2.0801 4.6719 1.3982
-2.0316 4.6724 1.3982
-1.9802 4.6651 1.3982
-1.9356 4.6730 1.3982
-1.8869 4.6702 1.3982
-1.8376 4.6651 1.3982
-1.7922 4.6688 1.3982
-1.7433 4.6628 1.3982
-1.7005 4.6722 1.3982
-1.6500 4.6595 1.3982
-1.6041 4.6586 1.3982
-1.5570 4.6534 1.3982
-1.5167 4.6678 1.3982
-1.4741 4.6751 1.3982
-1.4277 4.6696 1.3982
-1.3815 4.6637 1.3982
-1.3404 4.6746 1.3982
-1.2940 4.6659 1.3982
-1.2478 4.6567 1.3982
-1.2033 4.6529 1.3982
-1.1629 4.6642 1.3982
-1.1175 4.6547 1.3982
-1.0732 4.6487 1.3982
-1.0320 4.6550 1.3982
-0.9903 4.6589 1.3982
-0.9460 4.6497 1.3982
-0.9037 4.6490 1.3982
-0.8618 4.6498 1.3982
-0.8208 4.6552 1.3982
-0.7769 4.6424 1.3982
-0.7363 4.6490 1.3982
-0.6957 4.6553 1.3982
-0.6540 4.6533 1.3982
-0.5410 4.1095 1.3982
-0.4601 3.7469 1.3982
-0.4299 3.7736 1.3982
-0.4291 4.0825 1.3982
-0.4183 4.3439 1.3982
-0.4415 5.0467 1.3982
-0.4540 5.7682 1.3982
-2.9628 3.7708 1.3982
-2.8971 3.9684 1.3982
-2.9854 4.1826 1.3982
-2.9703 4.5077 1.3982
-2.6534 4.6317 1.3982
-2.5545 4.6459 1.3982
-2.4277 4.6378 1.3982
-2.2975 4.6249 1.3982
-2.1982 4.6333 1.3982
-2.0685 4.6162 1.3982
-1.9693 4.6209 1.3982
-1.8728 4.6261 1.3982
-1.7728 4.6268 1.3982
-1.6433 4.6011 1.3982
-0.5171 3.7213 1.3982
-0.5177 3.7881 1.3982
-0.5182 3.8558 1.3982
-0.5193 3.9251 1.3982
-0.5203 3.9954 1.3982
-0.5211 4.0668 1.3982
-0.5239 4.1411 1.3982
-0.5257 4.2159 1.3982
-0.5272 4.2917 1.3982
-0.7718 4.6118 1.3982
-0.4923 4.4086 1.3982
-0.6030 4.6009 1.3982
-0.4966 4.5699 1.3982
-2.9221 3.8081 1.8642
-2.8995 3.8478 1.8642
-2.9004 3.9196 1.8642
-2.8937 3.9828 1.8642
-2.8954 4.0592 1.8642
-2.8966 4.1367 1.8642
-2.8966 4.2146 1.8642
-2.8893 4.2836 1.8642
-2.8933 4.3712 1.8642
-2.8899 4.4500 1.8642
-2.8837 4.5265 1.8642
-2.8891 4.6236 1.8642
-2.8821 4.7032 1.8642
-2.8260 4.7033 1.8642
-2.7625 4.6898 1.8642
-2.7115 4.6965 1.8642
-2.6606 4.7025 1.8642
-2.6015 4.6932 1.8642
-2.5437 4.6850 1.8642
-2.4920 4.6867 1.8642
-2.4427 4.6923 1.8642
-2.3894 4.6894 1.8642
-2.3367 4.6868 1.8642
-2.2826 4.6800 1.8642
-2.2326 4.6808 1.8642
-2.1845 4.6847 1.8642
-2.1319 4.6781 1.8642
-2.0870 4.6874 1.8642
-2.0372 4.6853 1.8642
-1.9896 4.6872 1.8642
-1.9383 4.6794 1.8642
-1.8918 4.6823 1.8642
-1.8428 4.6781 1.8642
-1.7954 4.6772 1.8642
-1.7507 4.6824 1.8642
-1.7022 4.6769 1.8642
-1.6553 4.6746 1.8642
-1.6122 4.6822 1.8642
-1.5646 4.6762 1.8642
-1.5210 4.6811 1.8642
-1.4729 4.6713 1.8642
-1.4265 4.6658 1.8642
-1.3815 4.6637 1.8642
-1.3390 4.6698 1.8642
-1.2921 4.6592 1.8642
-1.2493 4.6625 1.8642
-1.2041 4.6558 1.8642
-1.1634 4.6662 1.8642
-1.1205 4.6674 1.8642
-1.0768 4.6643 1.8642
-1.0352 4.6696 1.8642
-0.9905 4.6599 1.8642
-0.9484 4.6615 1.8642
-0.9056 4.6588 1.8642
-0.8634 4.6587 1.8642
-0.8226 4.6650 1.8642
-0.7780 4.6494 1.8642
-0.7381 4.6599 1.8642
-0.6943 4.6454 1.8642
-0.6527 4.6444 1.8642
-0.5533 4.2027 1.8642
-0.4627 3.7687 1.8642
-0.4319 3.7905 1.8642
-0.4258 4.0517 1.8642
-0.4234 4.3967 1.8642
-0.4224 4.8286 1.8642
-2.9663 3.7728 1.8642
-2.9818 3.8596 1.8642
-2.8842 3.9608 1.8642
-2.9990 4.1910 1.8642
-2.9720 4.5088 1.8642
-2.6534 4.6317 1.8642
-2.5545 4.6459 1.8642
-2.4277 4.6378 1.8642
-2.2999 4.6268 1.8642
-2.1681 4.6102 1.8642
-2.0724 4.6193 1.8642
-1.9716 4.6228 1.8642
-1.8728 4.6261 1.8642
-1.7427 4.6020 1.8642
-1.6732 4.6261 1.8642
-0.5171 3.7213 1.8642
-0.5177 3.7881 1.8642
-0.5182 3.8558 1.8642
-0.5193 3.9251 1.8642
-0.5203 3.9954 1.8642
-0.5218 4.0674 1.8642
-0.5224 4.1398 1.8642
-0.5257 4.2159 1.8642
-0.5279 4.2924 1.8642
-0.7718 4.6118 1.8642
-0.4923 4.4086 1.8642
-0.4947 4.4887 1.8642
-0.4966 4.5699 1.8642
-2.9306 3.8192 2.3303
-2.9038 3.8534 2.3303
-2.9021 3.9220 2.3303
-2.9031 3.9957 2.3303
-2.8948 4.0584 2.3303
-2.8966 4.1367 2.3303
-2.8887 4.2030 2.3303
-2.8893 4.2836 2.3303
-2.8828 4.3554 2.3303
-2.8850 4.4424 2.3303
-2.8805 4.5214 2.3303
-2.8806 4.6100 2.3303
-2.8847 4.7074 2.3303
-2.8373 4.7221 2.3303
-2.7767 4.7140 2.3303
-2.7220 4.7146 2.3303
-2.6635 4.7078 2.3303
-2.6068 4.7028 2.3303
-2.5518 4.6999 2.3303
-2.5009 4.7035 2.3303
-2.4459 4.6985 2.3303
-2.3884 4.6876 2.3303
-2.3399 4.6930 2.3303
-2.2874 4.6899 2.3303
-2.2369 4.6898 2.3303
-2.1837 4.6829 2.3303
-2.1369 4.6890 2.3303
-2.0906 4.6956 2.3303
-2.0384 4.6880 2.3303
-1.9884 4.6844 2.3303
-1.9394 4.6822 2.3303
-1.8940 4.6878 2.3303
-1.8479 4.6912 2.3303
-1.7969 4.6810 2.3303
-1.7510 4.6834 2.3303
-1.7046 4.6834 2.3303
-1.6590 4.6849 2.3303
-1.6145 4.6888 2.3303
-1.5669 4.6828 2.3303
-1.5228 4.6868 2.3303
-1.4753 4.6789 2.3303
-1.4309 4.6802 2.3303
-1.3851 4.6762 2.3303
-1.3418 4.6794 2.3303
-1.2972 4.6775 2.3303
-1.2550 4.6838 2.3303
-1.2053 4.6607 2.3303
-1.1658 4.6759 2.3303
-1.1222 4.6742 2.3303
-1.0791 4.6741 2.3303
-1.0352 4.6696 2.3303
-0.9915 4.6648 2.3303
-0.9500 4.6693 2.3303
-0.9071 4.6667 2.3303
-0.8640 4.6616 2.3303
-0.8215 4.6591 2.3303
-0.7798 4.6602 2.3303
-0.7371 4.6540 2.3303
-0.6966 4.6612 2.3303
-0.6559 4.6671 2.3303
-0.5985 4.5458 2.3303
-0.4632 3.7727 2.3303
-0.4312 3.7845 2.3303
-0.4246 4.0397 2.3303
-0.4117 4.2752 2.3303
-0.4309 4.9252 2.3303
-0.4571 5.8080 2.3303
-2.9663 3.7728 2.3303
-2.8910 3.9649 2.3303
-2.9896 4.1852 2.3303
-2.9531 4.5820 2.3303
-2.6550 4.6328 2.3303
-2.5553 4.6464 2.3303
-2.4269 4.6372 2.3303
-2.3311 4.6502 2.3303
-2.1998 4.6345 2.3303
-2.0717 4.6187 2.3303
-2.0061 4.6502 2.3303
-1.8744 4.6274 2.3303
-1.7751 4.6287 2.3303
-1.6778 4.6300 2.3303
-0.5171 3.7213 2.3303
-0.5177 3.7881 2.3303
-0.5182 3.8558 2.3303
-0.5193 3.9251 2.3303
-0.5203 3.9954 2.3303
-0.5218 4.0674 2.3303
-0.5231 4.1405 2.3303
-0.5250 4.2152 2.3303
-0.8724 4.6309 2.3303
-0.4910 4.3310 2.3303
-0.4923 4.4086 2.3303
-0.6357 4.6347 2.3303
-0.4973 4.5706 2.3303
-2.9336 3.8232 2.7963
-2.9001 3.8486 2.7963
-2.8992 3.9180 2.7963
-2.8954 3.9852 2.7963
-2.8878 4.0486 2.7963
-2.8903 4.1277 2.7963
-2.8932 4.2096 2.7963
-2.8860 4.2787 2.7963
-2.8921 4.3696 2.7963
-2.8920 4.4533 2.7963
-2.8837 4.5265 2.7963
-2.8791 4.6074 2.7963
-2.8795 4.6989 2.7963
-2.8363 4.7204 2.7963
-2.7788 4.7174 2.7963
-2.7195 4.7103 2.7963
-2.6635 4.7078 2.7963
-2.6155 4.7186 2.7963
-2.5576 4.7105 2.7963
-2.4995 4.7008 2.7963
-2.4500 4.7065 2.7963
-2.3984 4.7072 2.7963
-2.3461 4.7056 2.7963
-2.2953 4.7061 2.7963
-2.2438 4.7043 2.7963
-2.1896 4.6956 2.7963
-2.1394 4.6945 2.7963
-2.0910 4.6965 2.7963
-2.0436 4.6999 2.7963
-1.9931 4.6955 2.7963
-1.9444 4.6942 2.7963
-1.8970 4.6953 2.7963
-1.8468 4.6884 2.7963
-1.8004 4.6903 2.7963
-1.7524 4.6871 2.7963
-1.7050 4.6844 2.7963
-1.6607 4.6896 2.7963
-1.6164 4.6945 2.7963
-1.5678 4.6857 2.7963
-1.5228 4.6868 2.7963
-1.4774 4.6856 2.7963
-1.4350 4.6935 2.7963
-1.3891 4.6896 2.7963
-1.3443 4.6881 2.7963
-1.2988 4.6832 2.7963
-1.2553 4.6847 2.7963
-1.2106 4.6810 2.7963
-1.1673 4.6817 2.7963
-1.1212 4.6703 2.7963
-1.0802 4.6789 2.7963
-1.0376 4.6804 2.7963
-0.9942 4.6775 2.7963
-0.9498 4.6684 2.7963
-0.9083 4.6725 2.7963
-0.8651 4.6675 2.7963
-0.8222 4.6631 2.7963
-0.7800 4.6612 2.7963
-0.7406 4.6757 2.7963
-0.6972 4.6652 2.7963
-0.6561 4.6681 2.7963
-0.6098 4.6320 2.7963
-0.4646 3.7836 2.7963
-0.4310 3.7825 2.7963
-0.4217 4.0119 2.7963
-0.4085 4.2424 2.7963
-0.4335 4.9551 2.7963
-0.4351 5.5289 2.7963
-2.9689 3.7742 2.7963
-2.8954 3.9674 2.7963
-2.9939 4.1878 2.7963
-2.9440 4.5759 2.7963
-2.6884 4.6567 2.7963
-2.5593 4.6494 2.7963
-2.4606 4.6622 2.7963
-2.3319 4.6508 2.7963
-2.2046 4.6382 2.7963
-2.1040 4.6439 2.7963
-2.0076 4.6514 2.7963
-1.8767 4.6293 2.7963
-1.7782 4.6313 2.7963
-1.6794 4.6313 2.7963
-0.5171 3.7213 2.7963
-0.5177 3.7881 2.7963
-0.5182 3.8558 2.7963
-0.5193 3.9251 2.7963
-0.5203 3.9954 2.7963
-0.5218 4.0674 2.7963
-0.5239 4.1411 2.7963
-0.5257 4.2159 2.7963
-0.8760 4.6344 2.7963
-0.4903 4.3303 2.7963
-0.4937 4.4100 2.7963
-0.4954 4.4894 2.7963
-0.4980 4.5713 2.7963
-0.4982 4.6521 2.7963
-2.9348 3.8248 3.2624
-2.9038 3.8534 3.2624
-2.8962 3.9140 3.2624
-2.8919 3.9804 3.2624
-2.8884 4.0494 3.2624
-2.8880 4.1244 3.2624
-2.8875 4.2014 3.2624
-2.8882 4.2820 3.2624
-2.8927 4.3704 3.2624
-2.8850 4.4424 3.2624
-2.8821 4.5240 3.2624
-2.8791 4.6074 3.2624
-2.8821 4.7032 3.2624
-2.8415 4.7290 3.2624
-2.7803 4.7200 3.2624
-2.7265 4.7224 3.2624
-2.6689 4.7173 3.2624
-2.6180 4.7229 3.2624
-2.5580 4.7113 3.2624
-2.5056 4.7123 3.2624
-2.4510 4.7083 3.2624
-2.3993 4.7090 3.2624
-2.3443 4.7020 3.2624
-2.2922 4.6998 3.2624
-2.2408 4.6980 3.2624
-2.1870 4.6901 3.2624
-2.1382 4.6918 3.2624
-2.0910 4.6965 3.2624
-2.0424 4.6972 3.2624
-1.9923 4.6937 3.2624
-1.9425 4.6896 3.2624
-1.8959 4.6925 3.2624
-1.8519 4.7014 3.2624
-1.8019 4.6940 3.2624
-1.7545 4.6927 3.2624
-1.7091 4.6956 3.2624
-1.6634 4.6972 3.2624
-1.6155 4.6917 3.2624
-1.5691 4.6895 3.2624
-1.5278 4.7020 3.2624
-1.4798 4.6932 3.2624
-1.4338 4.6897 3.2624
-1.3905 4.6944 3.2624
-1.3465 4.6958 3.2624
-1.3012 4.6919 3.2624
-1.2566 4.6896 3.2624
-1.2133 4.6916 3.2624
-1.1670 4.6807 3.2624
-1.1266 4.6927 3.2624
-1.0804 4.6799 3.2624
-1.0385 4.6843 3.2624
-0.9961 4.6863 3.2624
-0.9530 4.6840 3.2624
-0.9100 4.6814 3.2624
-0.8685 4.6862 3.2624
-0.8269 4.6897 3.2624
-0.7855 4.6937 3.2624
-0.7410 4.6787 3.2624
-0.7002 4.6850 3.2624
-0.6580 4.6820 3.2624
-0.6144 4.6667 3.2624
-0.4646 3.7836 3.2624
-0.4315 3.7875 3.2624
-0.4203 3.9990 3.2624
-0.4177 4.3379 3.2624
-0.5020 5.7381 3.2624
-2.9689 3.7742 3.2624
-2.9888 3.8636 3.2624
-2.9115 3.8980 3.2624
-2.9884 4.0222 3.2624
-2.9707 4.2558 3.2624
-2.9498 4.5798 3.2624
-2.6892 4.6572 3.2624
-2.5609 4.6506 3.2624
-2.4630 4.6640 3.2624
-2.3343 4.6526 3.2624
-2.2339 4.6607 3.2624
-2.1040 4.6439 3.2624
-2.0069 4.6508 3.2624
-1.9085 4.6551 3.2624
-1.8060 4.6542 3.2624
-1.6786 4.6306 3.2624
-1.6114 4.6559 3.2624
-0.4845 3.7592 3.2624
-0.5182 3.8558 3.2624
-0.5193 3.9251 3.2624
-0.5210 3.9961 3.2624
-0.5218 4.0674 3.2624
-0.5239 4.1411 3.2624
-0.9738 4.6487 3.2624
-0.4894 4.2545 3.2624
-0.4910 4.3310 3.2624
-0.4930 4.4093 3.2624
-0.4954 4.4894 3.2624
-0.4980 4.5713 3.2624
-0.4982 4.6521 3.2624
-2.9020 3.8510 3.7284
-2.9033 3.9236 3.7284
-2.8931 3.9820 3.7284
-2.8925 4.0551 3.7284
-2.8851 4.1203 3.7284
-2.8887 4.2030 3.7284
-2.8838 4.2753 3.7284
-2.8828 4.3554 3.7284
-2.8795 4.4341 3.7284
-2.8810 4.5223 3.7284
-2.8769 4.6041 3.7284
-2.8732 4.6887 3.7284
-2.8394 4.7256 3.7284
-2.7869 4.7312 3.7284
-2.7285 4.7259 3.7284
-2.6694 4.7182 3.7284
-2.6175 4.7221 3.7284
-2.5685 4.7307 3.7284
-2.5093 4.7194 3.7284
-2.4579 4.7216 3.7284
-2.3998 4.7099 3.7284
-2.3564 4.7261 3.7284
-2.2979 4.7115 3.7284
-2.2464 4.7097 3.7284
-2.1938 4.7046 3.7284
-2.1477 4.7127 3.7284
-2.0992 4.7148 3.7284
-2.0432 4.6990 3.7284
-1.9962 4.7029 3.7284
-1.9486 4.7044 3.7284
-1.8985 4.6990 3.7284
-1.8497 4.6958 3.7284
-1.8044 4.7006 3.7284
-1.7584 4.7030 3.7284
-1.7091 4.6956 3.7284
-1.6627 4.6953 3.7284
-1.6129 4.6841 3.7284
-1.5722 4.6989 3.7284
-1.5244 4.6916 3.7284
-1.4768 4.6837 3.7284
-1.4353 4.6945 3.7284
-1.3897 4.6915 3.7284
-1.3443 4.6881 3.7284
-1.3004 4.6890 3.7284
-1.2566 4.6896 3.7284
-1.2121 4.6868 3.7284
-1.1709 4.6962 3.7284
-1.1247 4.6849 3.7284
-1.0811 4.6828 3.7284
-1.0391 4.6872 3.7284
-0.9957 4.6843 3.7284
-0.9542 4.6899 3.7284
-0.9096 4.6794 3.7284
-0.8689 4.6882 3.7284
-0.8269 4.6897 3.7284
-0.7853 4.6927 3.7284
-0.7426 4.6886 3.7284
-0.6993 4.6790 3.7284
-0.6577 4.6800 3.7284
-0.6162 4.6806 3.7284
-0.4646 3.7836 3.7284
-0.4319 3.7905 3.7284
-0.4192 3.9880 3.7284
-0.4127 4.2862 3.7284
-0.5238 5.9871 3.7284
-2.9733 3.7767 3.7284
-2.9845 3.8611 3.7284
-2.9020 3.8925 3.7284
-2.9901 4.0233 3.7284
-2.9707 4.2558 3.7284
-2.9401 4.6598 3.7284
-2.6908 4.6584 3.7284
-2.5925 4.6735 3.7284
-2.4614 4.6628 3.7284
-2.3343 4.6526 3.7284
-2.2038 4.6375 3.7284
-2.1055 4.6452 3.7284
-2.0053 4.6496 3.7284
-1.9078 4.6545 3.7284
-1.7782 4.6313 3.7284
-1.6794 4.6313 3.7284
-1.5809 4.6299 3.7284
-0.4845 3.7592 3.7284
-0.5182 3.8558 3.7284
-0.5193 3.9251 3.7284
-0.5203 3.9954 3.7284
-0.5225 4.0681 3.7284
-0.5239 4.1411 3.7284
-0.5257 4.2159 3.7284
-0.8760 4.6344 3.7284
-0.4917 4.3317 3.7284
-0.4923 4.4086 3.7284
-0.4961 4.4901 3.7284
-0.4987 4.5720 3.7284
-0.4996 4.6536 3.7284
-2.9020 3.8510 4.1945
-2.8944 3.9116 4.1945
-2.8837 3.9690 4.1945
-2.8907 4.0527 4.1945
-2.8862 4.1220 4.1945
-2.8836 4.1956 4.1945
-2.8815 4.2720 4.1945
-2.8828 4.3554 4.1945
-2.8779 4.4315 4.1945
-2.8767 4.5155 4.1945
-2.8679 4.5896 4.1945
-2.8717 4.6861 4.1945
-2.8435 4.7324 4.1945
-2.7910 4.7381 4.1945
-2.7300 4.7285 4.1945
-2.6739 4.7260 4.1945
-2.6209 4.7282 4.1945
-2.5652 4.7245 4.1945
-2.5103 4.7211 4.1945
-2.4611 4.7278 4.1945
-2.4016 4.7134 4.1945
-2.3506 4.7145 4.1945
-2.3023 4.7205 4.1945
-2.2511 4.7196 4.1945
-2.1989 4.7155 4.1945
-2.1460 4.7090 4.1945
-2.0943 4.7038 4.1945
-2.0484 4.7109 4.1945
-1.9978 4.7065 4.1945
-1.9490 4.7053 4.1945
-1.9000 4.7027 4.1945
-1.8508 4.6986 4.1945
-1.8040 4.6996 4.1945
-1.7563 4.6974 4.1945
-1.7128 4.7060 4.1945
-1.6650 4.7019 4.1945
-1.6164 4.6945 4.1945
-1.5719 4.6980 4.1945
-1.5238 4.6897 4.1945
-1.4792 4.6913 4.1945
-1.4364 4.6983 4.1945
-1.3905 4.6944 4.1945
-1.3457 4.6929 4.1945
-1.3025 4.6967 4.1945
-1.2555 4.6857 4.1945
-1.2126 4.6887 4.1945
-1.1699 4.6924 4.1945
-1.1257 4.6888 4.1945
-1.0829 4.6906 4.1945
-1.0402 4.6921 4.1945
-0.9957 4.6843 4.1945
-0.9544 4.6909 4.1945
-0.9115 4.6892 4.1945
-0.8682 4.6842 4.1945
-0.8257 4.6828 4.1945
-0.7855 4.6937 4.1945
-0.7415 4.6816 4.1945
-0.6996 4.6810 4.1945
-0.6584 4.6850 4.1945
-0.6162 4.6806 4.1945
-0.4663 3.7975 4.1945
-0.4324 3.7954 4.1945
-0.4183 3.9801 4.1945
-0.4088 4.2454 4.1945
-0.4881 5.5787 4.1945
-0.4470 5.6794 4.1945
-2.9715 3.7757 4.1945
-2.9879 3.8631 4.1945
-2.8859 3.9618 4.1945
-2.9775 4.2600 4.1945
-2.9434 4.6621 4.1945
-2.6925 4.6596 4.1945
-2.5626 4.6517 4.1945
-2.4630 4.6640 4.1945
-2.3335 4.6520 4.1945
-2.2371 4.6631 4.1945
-2.1048 4.6446 4.1945
-2.0084 4.6521 4.1945
-1.9078 4.6545 4.1945
-1.8091 4.6567 4.1945
-1.7100 4.6570 4.1945
-1.6129 4.6572 4.1945
-0.4845 3.7592 4.1945
-0.5182 3.8558 4.1945
-0.5185 3.9245 4.1945
-0.5210 3.9961 4.1945
-0.5225 4.0681 4.1945
-0.5239 4.1411 4.1945
-0.9781 4.6528 4.1945
-0.4894 4.2545 4.1945
-0.4917 4.3317 4.1945
-0.4944 4.4107 4.1945
-0.4968 4.4908 4.1945
-0.4987 4.5720 4.1945
-0.4996 4.6536 4.1945
-2.8716 3.3034 4.6605
-2.7347 3.4380 4.6605
-2.7280 3.4917 4.6605
-2.7309 3.5590 4.6605
-2.7244 3.6154 4.6605
-2.5530 3.4502 4.6605
-2.5710 3.5386 4.6605
-2.5470 3.5707 4.6605
-2.6023 3.7165 4.6605
-2.6060 3.7918 4.6605
-2.6142 3.8758 4.6605
-2.6112 3.9451 4.6605
-2.6083 4.0164 4.6605
-2.6102 4.0972 4.6605
-2.6178 4.1894 4.6605
-2.0790 3.3927 4.6605
-2.0504 3.4124 4.6605
-2.0078 3.4086 4.6605
-1.9810 3.4312 4.6605
-1.9480 3.4431 4.6605
-1.9106 3.4469 4.6605
-1.8919 3.4845 4.6605
-1.8863 3.5477 4.6605
-2.5724 4.9415 4.6605
-2.5514 5.0075 4.6605
-2.5041 5.0224 4.6605
-2.4457 5.0144 4.6605
-1.7720 3.7150 4.6605
-1.7256 3.7005 4.6605
-1.6799 3.6863 4.6605
-1.5659 3.5172 4.6605
-1.4746 3.3913 4.6605
-1.4363 3.3838 4.6605
-1.4201 3.4285 4.6605
-1.3939 3.4501 4.6605
-1.3410 3.4044 4.6605
-1.2969 3.3786 4.6605
-1.9587 5.2388 4.6605
-2.0966 5.7603 4.6605
-1.9168 5.8994 4.6605
-1.6704 5.2979 4.6605
-1.6180 5.2922 4.6605
-1.5837 5.3464 4.6605
-1.5193 5.2985 4.6605
-1.4276 5.1477 4.6605
-1.4186 5.2942 4.6605
-1.2306 4.7584 4.6605
-0.8719 3.4969 4.6605
-0.8399 3.4986 4.6605
-0.7999 3.4649 4.6605
-0.7625 3.4395 4.6605
-0.7312 3.4401 4.6605
-0.7022 3.4513 4.6605
-0.6776 3.4858 4.6605
-0.6653 3.5899 4.6605
-0.9028 5.1200 4.6605
-0.8559 5.1149 4.6605
-0.6117 3.8619 4.6605
-0.5756 3.8512 4.6605
-0.5383 3.8304 4.6605
-0.5263 3.9975 4.6605
-0.5173 4.2134 4.6605
-0.4995 4.3836 4.6605
-0.4771 4.5390 4.6605
-0.4454 4.6256 4.6605
-0.4752 5.4313 4.6605
-0.4549 5.7801 4.6605
-2.9131 3.2211 4.6605
-2.8659 3.2707 4.6605
-2.6823 3.2519 4.6605
-2.5761 3.2692 4.6605
-2.4409 3.2696 4.6605
-2.3327 3.2821 4.6605
-2.1632 3.2595 4.6605
-2.0786 3.2807 4.6605
-2.1385 3.3825 4.6605
-1.9641 3.3510 4.6605
-1.9382 3.4719 4.6605
-1.5163 3.2823 4.6605
-1.4230 3.2887 4.6605
-1.3612 3.3135 4.6605
-1.2994 3.3375 4.6605
-1.2342 3.3585 4.6605
-2.9117 4.5541 4.6605
-1.5222 3.7546 4.6605
-0.7508 3.3970 4.6605
-0.6843 3.4093 4.6605
-0.7828 3.8107 4.6605
-0.6835 3.7957 4.6605
-0.9303 5.0268 4.6605
-0.8576 5.0376 4.6605
-0.7905 5.0533 4.6605
-0.6194 5.0405 4.6605
-2.7544 3.0059 5.1266
-2.7388 3.0417 5.1266
-2.7134 3.0670 5.1266
-2.6000 2.9909 5.1266
-2.5881 3.0302 5.1266
-2.5217 3.0052 5.1266
-2.2530 2.7331 5.1266
-2.1013 2.5949 5.1266
-2.0574 2.5865 5.1266
-2.0317 2.6004 5.1266
-2.0089 2.6181 5.1266
-1.9770 2.6235 5.1266
-1.9486 2.6334 5.1266
-1.9326 2.6600 5.1266
-1.9082 2.6752 5.1266
-1.8905 2.6999 5.1266
-1.8544 2.6982 5.1266
-1.8286 2.7110 5.1266
-1.7988 2.7176 5.1266
-1.7788 2.7391 5.1266
-1.7478 2.7436 5.1266
-1.7191 2.7511 5.1266
-1.6966 2.7685 5.1266
-1.6703 2.7798 5.1266
-1.6470 2.7960 5.1266
-1.6295 2.8224 5.1266
-1.6107 2.8469 5.1266
-1.5902 2.8688 5.1266
-1.5703 2.8922 5.1266
-1.5436 2.9031 5.1266
-1.5238 2.9271 5.1266
-1.5036 2.9510 5.1266
-1.4827 2.9739 5.1266
-1.4620 2.9975 5.1266
-1.4439 3.0273 5.1266
-1.4259 3.0579 5.1266
-1.4008 3.0738 5.1266
-1.3801 3.0997 5.1266
-1.3597 3.1272 5.1266
-1.3355 3.1463 5.1266
-1.3122 3.1680 5.1266
-1.2928 3.1997 5.1266
-1.2747 3.2360 5.1266
-1.2503 3.2573 5.1266
-1.2236 3.2727 5.1266
-1.2008 3.2993 5.1266
-1.1793 3.3304 5.1266
-1.1541 3.3519 5.1266
-1.1283 3.3722 5.1266
-1.1032 3.3953 5.1266
-1.0807 3.4277 5.1266
-1.0581 3.4609 5.1266
-1.0313 3.4815 5.1266
-1.0041 3.5019 5.1266
-0.9800 3.5336 5.1266
-0.9558 3.5672 5.1266
-0.9272 3.5851 5.1266
-0.9016 3.6163 5.1266
-0.8759 3.6483 5.1266
-0.8512 3.6870 5.1266
-0.8220 3.7080 5.1266
-0.7965 3.7473 5.1266
-0.7688 3.7786 5.1266
-0.7405 3.8097 5.1266
-0.7118 3.8406 5.1266
-0.6823 3.8693 5.1266
-0.6542 3.9096 5.1266
-0.6242 3.9409 5.1266
-0.5918 3.9600 5.1266
-0.5621 3.9997 5.1266
-0.5305 4.0292 5.1266
-0.5000 4.0724 5.1266
-0.4678 4.1054 5.1266
-0.4558 4.3371 5.1266
-0.4861 5.0486 5.1266
-0.4414 5.0447 5.1266
-0.4292 5.4531 5.1266
-2.1552 2.5448 5.1266
-2.0503 2.5612 5.1266
-2.2287 2.7020 5.1266
-1.9028 2.6171 5.1266
-1.8435 2.6502 5.1266
-1.7867 2.6838 5.1266
-1.7289 2.7161 5.1266
-1.6335 2.7889 5.1266
-2.1890 3.1385 5.1266
-2.1623 3.2590 5.1266
-2.1643 3.3282 5.1266
-2.1689 3.3997 5.1266
-2.1449 3.5254 5.1266
-1.5164 3.2185 5.1266
-2.1208 3.6528 5.1266
-1.2712 3.1938 5.1266
-2.5529 4.0727 5.1266
-2.9868 4.4334 5.1266
-2.8578 4.4332 5.1266
-2.8702 4.5261 5.1266
-2.9706 4.6808 5.1266
-2.9622 4.9421 5.1266
-0.7496 3.7834 5.1266
-2.8934 5.7509 5.1266
-2.3982 2.8581 5.5927
-2.3414 2.8404 5.5927
-2.3971 2.9601 5.5927
-2.1825 2.7438 5.5927
-2.1745 2.7833 5.5927
-2.2615 2.9473 5.5927
-2.2261 2.9542 5.5927
-2.1943 2.9654 5.5927
-2.1583 2.9707 5.5927
-2.1829 3.0603 5.5927
-2.1664 3.0939 5.5927
-2.1354 3.1070 5.5927
-2.1126 3.1321 5.5927
-2.0709 3.1287 5.5927
-1.9291 2.9706 5.5927
-1.8822 2.9544 5.5927
-1.9607 3.1378 5.5927
-1.9364 3.1599 5.5927
-1.9108 3.1801 5.5927
-1.8886 3.2061 5.5927
-1.8655 3.2311 5.5927
-1.8412 3.2543 5.5927
-1.8108 3.2667 5.5927
-1.7932 3.3026 5.5927
-1.7600 3.3102 5.5927
-1.7320 3.3272 5.5927
-1.7043 3.3448 5.5927
-1.6799 3.3694 5.5927
-1.6557 3.3947 5.5927
-1.6239 3.4046 5.5927
-1.6017 3.4349 5.5927
-1.5742 3.4542 5.5927
-1.5521 3.4861 5.5927
-1.5236 3.5041 5.5927
-1.4938 3.5191 5.5927
-1.4672 3.5422 5.5927
-1.4422 3.5697 5.5927
-1.4162 3.5951 5.5927
-1.3862 3.6111 5.5927
-1.3602 3.6380 5.5927
-1.3305 3.6554 5.5927
-1.3022 3.6772 5.5927
-1.2749 3.7027 5.5927
-1.2467 3.7260 5.5927
-1.2200 3.7548 5.5927
-1.1923 3.7815 5.5927
-1.1610 3.7975 5.5927
-1.1329 3.8247 5.5927
-1.1020 3.8431 5.5927
-1.0967 3.9547 5.5927
-1.3650 5.0943 5.5927
-1.2421 4.8030 5.5927
-1.1992 4.8098 5.5927
-1.1710 4.8774 5.5927
-1.1614 5.0307 5.5927
-1.1274 5.0855 5.5927
-1.1323 5.3270 5.5927
-1.1250 5.5297 5.5927
-0.9290 5.2687 5.5927
-0.8310 4.9659 5.5927
-0.7867 4.9671 5.5927
-0.7430 4.9718 5.5927
-0.6992 4.9751 5.5927
-0.6543 4.9701 5.5927
-0.6097 4.9657 5.5927
-0.5651 4.9599 5.5927
-0.5223 4.9696 5.5927
-0.4776 4.9601 5.5927
-0.4333 4.9531 5.5927
-0.3968 5.0414 5.5927
-0.4076 5.8288 5.5927
-2.0688 2.6308 5.5927
-2.0629 2.6901 5.5927
-2.0863 2.7635 5.5927
-2.0322 2.8009 5.5927
-1.9168 2.8078 5.5927
-2.5140 3.1680 5.5927
-1.8268 2.8874 5.5927
-2.0764 3.0799 5.5927
-2.1049 3.1610 5.5927
-1.9918 3.1664 5.5927
-2.9128 4.0575 5.5927
-2.7628 4.0462 5.5927
-2.6433 4.0512 5.5927
-2.4922 4.0340 5.5927
-2.4014 4.0532 5.5927
-1.3597 3.5073 5.5927
-2.2569 4.3489 5.5927
-2.9245 5.0054 5.5927
-2.7911 4.9969 5.5927
-2.8012 5.0959 5.5927
-2.8069 5.3826 5.5927
-1.9207 5.0077 5.5927
-1.8611 5.0439 5.5927
-2.6783 3.0273 6.0587
-2.6360 3.0324 6.0587
-2.5692 3.0082 6.0587
-2.5152 2.9975 6.0587
-2.4635 2.9885 6.0587
-2.4317 3.0029 6.0587
-2.3774 2.9888 6.0587
-2.3272 2.9787 6.0587
-2.2865 2.9798 6.0587
-2.2460 2.9805 6.0587
-2.2008 2.9743 6.0587
-2.1625 2.9764 6.0587
-2.1219 2.9748 6.0587
-2.0786 2.9686 6.0587
-2.0413 2.9702 6.0587
-1.9969 2.9605 6.0587
-1.9666 2.9711 6.0587
-1.9324 2.9756 6.0587
-1.8967 2.9772 6.0587
-1.8568 2.9716 6.0587
-1.8225 2.9740 6.0587
-1.7862 2.9727 6.0587
-1.7469 2.9657 6.0587
-1.7140 2.9687 6.0587
-1.6821 2.9731 6.0587
-1.6450 2.9676 6.0587
-1.6138 2.9722 6.0587
-1.5812 2.9738 6.0587
-1.5432 2.9644 6.0587
-1.5122 2.9679 6.0587
-1.4756 2.9595 6.0587
-1.4427 2.9579 6.0587
-1.4091 2.9542 6.0587
-1.3832 2.9663 6.0587
-1.3482 2.9583 6.0587
-1.3174 2.9590 6.0587
-1.2864 2.9584 6.0587
-1.2558 2.9585 6.0587
-1.2276 2.9638 6.0587
-1.1950 2.9577 6.0587
-1.1651 2.9578 6.0587
-1.1393 2.9679 6.0587
-1.1095 2.9674 6.0587
-1.0787 2.9638 6.0587
-1.0528 2.9731 6.0587
-1.0255 2.9784 6.0587
-0.9960 2.9768 6.0587
-0.9669 2.9759 6.0587
-0.9379 2.9746 6.0587
-0.9113 2.9808 6.0587
-0.8822 2.9781 6.0587
-0.8534 2.9761 6.0587
-0.8247 2.9738 6.0587
-0.8023 2.9944 6.0587
-0.7762 3.0013 6.0587
-0.7461 2.9924 6.0587
-0.7206 3.0017 6.0587
-0.6976 3.0215 6.0587
-0.6731 3.0363 6.0587
-0.6520 3.0675 6.0587
-0.6362 3.1269 6.0587
-0.6220 3.2001 6.0587
-0.6099 3.2910 6.0587
-0.6085 3.4508 6.0587
-0.6006 3.5891 6.0587
-0.6016 3.7986 6.0587
-0.5729 3.8334 6.0587
-0.5613 3.9938 6.0587
-0.5550 4.2156 6.0587
-0.5524 4.4992 6.0587
-0.5211 4.5734 6.0587
-0.4822 4.5877 6.0587
-0.4441 4.6117 6.0587
-0.4207 4.8086 6.0587
-0.4058 5.1561 6.0587
-0.4067 5.8158 6.0587
-2.6107 2.9398 6.0587
-2.4289 2.9233 6.0587
-2.2434 2.9016 6.0587
-2.1073 2.9007 6.0587
-1.9968 2.9101 6.0587
-1.8553 2.9019 6.0587
-1.7393 2.9044 6.0587
-1.6210 2.9037 6.0587
-1.4997 2.8992 6.0587
-1.3754 2.8909 6.0587
-1.2838 2.8989 6.0587
-1.1855 2.9015 6.0587
-1.0885 2.9031 6.0587
-1.0244 2.9228 6.0587
-0.9271 2.9213 6.0587
-0.8616 2.9379 6.0587
-0.7953 2.9530 6.0587
-2.8006 4.3125 6.0587
-2.7964 4.4763 6.0587
-2.8222 4.5788 6.0587
-2.9468 4.9309 6.0587
-2.9297 5.1946 6.0587
-2.8989 5.6546 6.0587
-2.9184 5.8750 6.0587
-2.6763 3.0250 6.5248
-2.6400 3.0370 6.5248
-2.5751 3.0150 6.5248
-2.5326 3.0182 6.5248
-2.4763 3.0039 6.5248
-2.4361 3.0083 6.5248
-2.3824 2.9950 6.5248
-2.3494 3.0070 6.5248
-2.2938 2.9894 6.5248
-2.2502 2.9861 6.5248
-2.2104 2.9871 6.5248
-2.1719 2.9893 6.5248
-2.1306 2.9870 6.5248
-2.1073 3.0096 6.5248
-2.0442 2.9743 6.5248
-2.0120 2.9829 6.5248
-1.9721 2.9795 6.5248
-1.9340 2.9781 6.5248
-1.8972 2.9780 6.5248
-1.8616 2.9792 6.5248
-1.8183 2.9672 6.5248
-1.7820 2.9658 6.5248
-1.7469 2.9657 6.5248
-1.7115 2.9644 6.5248
-1.6792 2.9679 6.5248
-1.6484 2.9737 6.5248
-1.6118 2.9686 6.5248
-1.5807 2.9729 6.5248
-1.5445 2.9671 6.5248
-1.5122 2.9679 6.5248
-1.4800 2.9685 6.5248
-1.4484 2.9696 6.5248
-1.4134 2.9632 6.5248
-1.3828 2.9654 6.5248
-1.3498 2.9619 6.5248
-1.3231 2.9718 6.5248
-1.2995 2.9887 6.5248
-1.2589 2.9659 6.5248
-1.2296 2.9684 6.5248
-1.2036 2.9790 6.5248
-1.1688 2.9671 6.5248
-1.1428 2.9772 6.5248
-1.1130 2.9767 6.5248
-1.0832 2.9760 6.5248
-1.0528 2.9731 6.5248
-1.0259 2.9793 6.5248
-0.9992 2.9863 6.5248
-0.9703 2.9863 6.5248
-0.9412 2.9851 6.5248
-0.9119 2.9827 6.5248
-0.8858 2.9906 6.5248
-0.8570 2.9886 6.5248
-0.8311 2.9969 6.5248
-0.8023 2.9944 6.5248
-0.7764 3.0022 6.5248
-0.7521 3.0166 6.5248
-0.7232 3.0124 6.5248
-0.6960 3.0147 6.5248
-0.6723 3.0324 6.5248
-0.6512 3.0636 6.5248
-0.6358 3.1250 6.5248
-0.6190 3.1844 6.5248
-0.6072 3.2762 6.5248
-0.6338 3.5945 6.5248
-0.5998 3.5842 6.5248
-0.5186 3.2742 6.5248
-0.4904 3.2816 6.5248
-0.4630 3.2946 6.5248
-0.4627 3.5147 6.5248
-0.5473 4.4575 6.5248
-0.5274 4.6291 6.5248
-0.4874 4.6375 6.5248
-0.4491 4.6644 6.5248
-0.4173 4.7698 6.5248
-0.3954 5.0245 6.5248
-0.3996 5.7150 6.5248
-2.6107 2.9398 6.5248
-2.4289 2.9233 6.5248
-2.2967 2.9270 6.5248
-2.1621 2.9274 6.5248
-2.0236 2.9235 6.5248
-1.8829 2.9160 6.5248
-1.7677 2.9192 6.5248
-1.6493 2.9187 6.5248
-1.5296 2.9154 6.5248
-1.4068 2.9084 6.5248
-1.2812 2.8974 6.5248
-1.1847 2.9010 6.5248
-1.1230 2.9234 6.5248
-1.0244 2.9228 6.5248
-0.9621 2.9427 6.5248
-0.8607 2.9373 6.5248
-0.7936 2.9519 6.5248
-2.7981 4.4775 6.5248
-2.8264 4.5817 6.5248
-2.9188 4.7326 6.5248
-2.9307 4.9192 6.5248
-2.9463 5.2073 6.5248
-2.9187 5.5714 6.5248
-2.9071 5.8652 6.5248
-2.6164 3.0098 6.9908
-2.5699 3.0089 6.9908
-2.5731 3.0665 6.9908
-2.5214 3.0587 6.9908
-2.4783 3.0604 6.9908
-2.4259 3.0498 6.9908
-2.3875 3.0559 6.9908
-2.3383 3.0473 6.9908
-2.2977 3.0492 6.9908
-2.2508 3.0418 6.9908
-2.2071 3.0379 6.9908
-2.1689 3.0407 6.9908
-2.1297 3.0415 6.9908
-2.0906 3.0418 6.9908
-2.0461 3.0334 6.9908
-2.0024 3.0253 6.9908
-1.9694 3.0326 6.9908
-1.9235 3.0193 6.9908
-1.8828 3.0131 6.9908
-1.8496 3.0183 6.9908
-1.8222 3.0327 6.9908
-1.7855 3.0312 6.9908
-1.7460 3.0242 6.9908
-1.7117 3.0254 6.9908
-1.6770 3.0253 6.9908
-1.6390 3.0187 6.9908
-1.6070 3.0223 6.9908
-1.5750 3.0256 6.9908
-1.5436 3.0294 6.9908
-1.5081 3.0249 6.9908
-1.4734 3.0208 6.9908
-1.4414 3.0219 6.9908
-1.4124 3.0289 6.9908
-1.3751 3.0174 6.9908
-1.3426 3.0156 6.9908
-1.3143 3.0226 6.9908
-1.2812 3.0183 6.9908
-1.2537 3.0266 6.9908
-1.2227 3.0263 6.9908
-1.1893 3.0192 6.9908
-1.1651 3.0351 6.9908
-1.1312 3.0255 6.9908
-1.1037 3.0324 6.9908
-1.0729 3.0296 6.9908
-1.0428 3.0285 6.9908
-1.0052 3.0043 6.9908
-0.9836 3.0272 6.9908
-0.9451 2.9975 6.9908
-0.8999 2.9435 6.9908
-0.8790 2.9675 6.9908
-0.8559 2.9847 6.9908
-0.8421 3.0364 6.9908
-0.8176 3.0514 6.9908
-0.7892 3.0516 6.9908
-0.7623 3.0574 6.9908
-0.7328 3.0523 6.9908
-0.7063 3.0595 6.9908
-0.6814 3.0734 6.9908
-0.6585 3.0978 6.9908
-0.6404 3.1475 6.9908
-0.6274 3.2276 6.9908
-0.6063 3.2713 6.9908
-0.5993 3.3986 6.9908
-0.6122 3.6581 6.9908
-0.6254 3.9488 6.9908
-0.5929 3.9669 6.9908
-0.5638 4.0116 6.9908
-0.5617 4.2662 6.9908
-0.5604 4.5637 6.9908
-0.5696 4.9997 6.9908
-0.3596 3.4212 6.9908
-0.3233 3.3575 6.9908
-0.2950 3.3721 6.9908
-0.2642 3.3566 6.9908
-0.2416 3.4556 6.9908
-0.2215 3.6212 6.9908
-2.5341 2.9723 6.9908
-2.4032 2.9778 6.9908
-2.2430 2.9669 6.9908
-2.1337 2.9784 6.9908
-1.9943 2.9727 6.9908
-1.8227 2.9478 6.9908
-1.7358 2.9647 6.9908
-1.5867 2.9465 6.9908
-1.4952 2.9573 6.9908
-1.3734 2.9496 6.9908
-1.2799 2.9560 6.9908
-1.1824 2.9584 6.9908
-1.0861 2.9599 6.9908
-1.0235 2.9803 6.9908
-0.9226 2.9760 6.9908
-0.8594 2.9938 6.9908
-0.7928 3.0086 6.9908
-0.7272 3.0230 6.9908
-2.8155 4.4892 6.9908
-2.7416 4.9596 6.9908
-2.8176 5.2957 6.9908
-0.3185 3.3675 6.9908
-2.8288 5.6957 6.9908
-2.6575 4.2530 7.4569
-2.5827 4.2146 7.4569
-2.5088 4.1753 7.4569
-2.4377 4.1384 7.4569
-2.3615 4.0902 7.4569
-2.3070 4.0776 7.4569
-2.2582 4.0740 7.4569
-2.1973 4.0470 7.4569
-2.1455 4.0351 7.4569
-2.0968 4.0279 7.4569
-2.0502 4.0238 7.4569
-1.9950 4.0013 7.4569
-1.9643 4.0275 7.4569
-1.9196 4.0246 7.4569
-1.8768 4.0249 7.4569
-1.8292 4.0138 7.4569
-1.7807 3.9995 7.4569
-1.7358 3.9920 7.4569
-1.6958 3.9950 7.4569
-1.6616 4.0115 7.4569
-1.6322 4.0397 7.4569
-1.5906 4.0380 7.4569
-1.5489 4.0349 7.4569
-1.5118 4.0436 7.4569
-1.4710 4.0416 7.4569
-1.4320 4.0439 7.4569
-1.3889 4.0336 7.4569
-1.3501 4.0351 7.4569
-1.3146 4.0458 7.4569
-1.2771 4.0504 7.4569
-1.2274 4.0146 7.4569
-1.1863 4.0050 7.4569
-1.1599 4.0450 7.4569
-1.1430 4.1214 7.4569
-1.0896 4.0665 7.4569
-1.0533 4.0730 7.4569
-1.0141 4.0675 7.4569
-0.9984 4.1588 7.4569
-0.9117 3.9491 7.4569
-0.7262 3.2755 7.4569
-0.6973 3.2807 7.4569
-0.6703 3.2945 7.4569
-0.6438 3.3120 7.4569
-0.6256 3.3755 7.4569
-0.5970 3.3858 7.4569
-0.7891 4.7154 7.4569
-0.7376 4.6570 7.4569
-0.6808 4.5554 7.4569
-0.6964 4.9553 7.4569
-0.7768 5.9001 7.4569
-2.1164 3.5086 7.4569
-1.8782 3.4358 7.4569
-1.8190 3.4678 7.4569
-2.1591 3.7486 7.4569
-1.7306 3.5489 7.4569
-2.7427 4.2749 7.4569
-2.7936 4.3907 7.4569
-1.7072 3.8125 7.4569
-2.7787 4.6345 7.4569
-0.7508 3.2746 7.4569
-1.4955 3.8764 7.4569
-0.7163 3.3715 7.4569
-1.3687 3.9250 7.4569
-1.2732 3.9235 7.4569
-1.2088 3.9445 7.4569
-1.1123 3.9393 7.4569
-1.0459 3.9565 7.4569
-0.9516 4.0206 7.4569
-0.8222 4.1248 7.4569
-0.6588 4.2692 7.4569
