-3.1737 4.0622 0.0000
-3.1820 4.1469 0.0000
-3.1716 4.2088 0.0000
-3.1419 4.2460 0.0000
-2.9954 4.1228 0.0000
-2.9447 4.1284 0.0000
-2.8966 4.1367 0.0000
-2.8456 4.1404 0.0000
-2.8228 4.1850 0.0000
-2.8127 4.2495 0.0000
-2.7956 4.3049 0.0000
-2.7821 4.3671 0.0000
-2.7503 4.4014 0.0000
-2.7008 4.4073 0.0000
-2.6519 4.4136 0.0000
-2.5950 4.4055 0.0000
-2.5440 4.4063 0.0000
-2.4931 4.4066 0.0000
-2.4430 4.4072 0.0000
-2.3925 4.4064 0.0000
-2.3427 4.4059 0.0000
-2.2912 4.4013 0.0000
-2.2423 4.4007 0.0000
-2.1931 4.3986 0.0000
-2.1441 4.3960 0.0000
-2.1013 4.4055 0.0000
-2.0518 4.4001 0.0000
-2.0034 4.3960 0.0000
-1.9576 4.3969 0.0000
-1.9128 4.3991 0.0000
-1.8630 4.3890 0.0000
-1.8177 4.3884 0.0000
-1.7756 4.3949 0.0000
-1.7328 4.3990 0.0000
-1.6858 4.3916 0.0000
-1.6421 4.3921 0.0000
-1.5955 4.3837 0.0000
-1.5535 4.3871 0.0000
-1.5116 4.3900 0.0000
-1.4698 4.3926 0.0000
-1.4258 4.3882 0.0000
-1.3823 4.3842 0.0000
-1.3402 4.3837 0.0000
-1.2985 4.3837 0.0000
-1.2572 4.3843 0.0000
-1.2154 4.3826 0.0000
-1.1771 4.3930 0.0000
-1.1355 4.3905 0.0000
-1.0857 4.3547 0.0000
-0.9676 4.0305 0.0000
-0.9324 4.0388 0.0000
-0.8939 4.0321 0.0000
-0.8566 4.0300 0.0000
-0.8182 4.0216 0.0000
-0.6478 3.3326 0.0000
-0.5824 3.1425 0.0000
-0.5557 3.1514 0.0000
-0.5689 3.3997 0.0000
-0.6670 4.2115 0.0000
-0.6663 4.4585 0.0000
-0.7096 5.0494 0.0000
-0.7824 5.9427 0.0000
-3.2128 4.2377 0.0000
-3.2192 4.4972 0.0000
-3.1171 4.6048 0.0000
-2.9971 4.6117 0.0000
-2.8387 4.5902 0.0000
-0.6203 3.1231 0.0000
-2.6159 4.6050 0.0000
-2.4881 4.5977 0.0000
-2.3891 4.6093 0.0000
-2.2608 4.5973 0.0000
-2.1649 4.6077 0.0000
-2.0346 4.5898 0.0000
-1.9372 4.5954 0.0000
-1.8371 4.5972 0.0000
-1.7064 4.5721 0.0000
-1.6380 4.5966 0.0000
-1.5072 4.5669 0.0000
-1.4075 4.5616 0.0000
-1.3061 4.5529 0.0000
-1.2037 4.5414 0.0000
-0.6884 4.1495 0.0000
-0.6235 4.1622 0.0000
-0.6914 4.3002 0.0000
-0.6940 4.3784 0.0000
-3.1261 3.1811 0.4439
-3.1218 3.2327 0.4439
-3.1506 3.3200 0.4439
-3.1276 3.3540 0.4439
-3.1388 3.4254 0.4439
-3.1402 3.4876 0.4439
-3.1428 3.5523 0.4439
-3.1399 3.6120 0.4439
-3.1394 3.6758 0.4439
-3.1400 3.7421 0.4439
-3.1371 3.8057 0.4439
-3.1302 3.8655 0.4439
-3.1387 3.9459 0.4439
-3.1380 4.0165 0.4439
-3.1363 4.0874 0.4439
-3.1391 4.1657 0.4439
-3.1353 4.2371 0.4439
-3.1176 4.2910 0.4439
-3.0440 4.2676 0.4439
-2.9803 4.2563 0.4439
-2.9187 4.2467 0.4439
-2.8552 4.2331 0.4439
-2.7917 4.2178 0.4439
-2.7227 4.1925 0.4439
-2.6634 4.1807 0.4439
-2.5961 4.1546 0.4439
-2.5294 4.1276 0.4439
-2.4696 4.1101 0.4439
-2.4062 4.0850 0.4439
-2.3475 4.0660 0.4439
-2.2893 4.0463 0.4439
-2.2306 4.0241 0.4439
-2.1763 4.0083 0.4439
-2.1258 3.9980 0.4439
-2.0733 3.9827 0.4439
-2.0207 3.9659 0.4439
-1.9731 3.9574 0.4439
-1.9275 3.9520 0.4439
-1.8835 3.9488 0.4439
-1.8397 3.9452 0.4439
-1.7940 3.9365 0.4439
-1.7506 3.9319 0.4439
-1.7086 3.9296 0.4439
-1.6719 3.9388 0.4439
-1.6298 3.9348 0.4439
-1.5947 3.9470 0.4439
-1.5562 3.9506 0.4439
-1.5180 3.9546 0.4439
-1.4803 3.9593 0.4439
-1.4461 3.9730 0.4439
-1.4087 3.9779 0.4439
-1.3719 3.9844 0.4439
-1.3352 3.9905 0.4439
-1.2988 3.9973 0.4439
-1.2642 4.0094 0.4439
-1.2291 4.0203 0.4439
-1.1917 4.0232 0.4439
-1.1585 4.0402 0.4439
-1.1203 4.0395 0.4439
-1.0834 4.0434 0.4439
-1.0463 4.0459 0.4439
-1.0127 4.0617 0.4439
-0.9744 4.0587 0.4439
-0.7239 3.1355 0.4439
-0.6976 3.1466 0.4439
-0.6595 3.1027 0.4439
-0.6244 3.0691 0.4439
-0.5957 3.0646 0.4439
-0.5700 3.0756 0.4439
-0.5463 3.0982 0.4439
-0.5222 3.1206 0.4439
-0.4975 3.1408 0.4439
-0.6714 4.4921 0.4439
-0.7244 5.1543 0.4439
-0.6807 5.1704 0.4439
-0.6320 5.1473 0.4439
-0.6171 5.4160 0.4439
-3.1676 3.1936 0.4439
-3.0978 3.2351 0.4439
-2.9131 3.2211 0.4439
-2.7302 3.2045 0.4439
-2.5167 3.1693 0.4439
-2.2990 3.1280 0.4439
-2.1322 3.1090 0.4439
-2.0201 3.1159 0.4439
-1.9057 3.1197 0.4439
-1.7891 3.1202 0.4439
-1.6711 3.1180 0.4439
-1.5501 3.1120 0.4439
-1.4590 3.1214 0.4439
-1.3339 3.1088 0.4439
-1.2733 3.1334 0.4439
-1.1440 3.1143 0.4439
-1.0475 3.1137 0.4439
-0.9505 3.1110 0.4439
-0.8881 3.1295 0.4439
-0.6890 3.0549 0.4439
-0.6251 3.0688 0.4439
-3.0968 5.6173 0.4439
-3.1157 5.8365 0.4439
-3.1777 3.1777 0.8878
-3.1457 3.2011 0.8878
-3.1086 3.2190 0.8878
-3.1059 3.2729 0.8878
-3.0997 3.3240 0.8878
-3.1422 3.4291 0.8878
-3.1483 3.4965 0.8878
-3.1514 3.5620 0.8878
-3.1511 3.6249 0.8878
-3.1531 3.6918 0.8878
-3.1529 3.7574 0.8878
-3.1537 3.8257 0.8878
-3.1516 3.8919 0.8878
-3.1487 3.9584 0.8878
-3.1399 4.0189 0.8878
-3.1418 4.0945 0.8878
-3.1090 4.1258 0.8878
-3.0354 4.1021 0.8878
-2.9742 4.0936 0.8878
-2.9151 4.0869 0.8878
-2.8599 4.0843 0.8878
-2.7929 4.0638 0.8878
-2.7378 4.0590 0.8878
-2.6741 4.0402 0.8878
-2.6137 4.0248 0.8878
-2.5575 4.0145 0.8878
-2.4906 3.9858 0.8878
-2.4343 3.9725 0.8878
-2.3867 3.9721 0.8878
-2.3210 3.9402 0.8878
-2.2590 3.9127 0.8878
-2.2075 3.9018 0.8878
-2.1661 3.9078 0.8878
-2.1143 3.8940 0.8878
-2.0572 3.8691 0.8878
-2.0068 3.8549 0.8878
-1.9640 3.8545 0.8878
-1.9182 3.8473 0.8878
-1.8688 3.8316 0.8878
-1.8241 3.8243 0.8878
-1.7856 3.8292 0.8878
-1.7421 3.8227 0.8878
-1.7006 3.8195 0.8878
-1.6632 3.8251 0.8878
-1.6251 3.8284 0.8878
-1.5847 3.8258 0.8878
-1.5475 3.8302 0.8878
-1.5140 3.8436 0.8878
-1.4793 3.8538 0.8878
-1.4404 3.8525 0.8878
-1.4057 3.8621 0.8878
-1.3679 3.8629 0.8878
-1.3326 3.8700 0.8878
-1.3009 3.8881 0.8878
-1.2617 3.8832 0.8878
-1.2269 3.8912 0.8878
-1.1923 3.8998 0.8878
-1.1574 3.9072 0.8878
-1.1235 3.9181 0.8878
-1.0877 3.9220 0.8878
-1.0544 3.9352 0.8878
-1.0180 3.9365 0.8878
-0.9805 3.9326 0.8878
-0.7636 3.1806 0.8878
-0.7286 3.1560 0.8878
-0.6946 3.1329 0.8878
-0.6651 3.1291 0.8878
-0.6246 3.0701 0.8878
-0.5957 3.0646 0.8878
-0.5699 3.0746 0.8878
-0.5463 3.0982 0.8878
-0.5232 3.1265 0.8878
-0.6735 4.2520 0.8878
-0.6690 4.4763 0.8878
-0.7252 5.1603 0.8878
-0.7460 5.6661 0.8878
-0.7198 5.8620 0.8878
-3.1769 3.1241 0.8878
-3.1285 3.1757 0.8878
-3.2110 3.3632 0.8878
-3.2273 3.5236 0.8878
-3.2121 3.7497 0.8878
-3.2064 3.9867 0.8878
-2.9136 4.0580 0.8878
-2.6972 4.0060 0.8878
-2.4814 3.9500 0.8878
-2.2333 3.8691 0.8878
-2.0483 3.8239 0.8878
-1.9263 3.8166 0.8878
-0.6227 3.0101 0.8878
-0.5584 3.0229 0.8878
-0.7866 3.2396 0.8878
-0.7834 3.2978 0.8878
-1.4615 3.8518 0.8878
-0.7492 3.3958 0.8878
-0.7482 3.4574 0.8878
-0.7480 3.5205 0.8878
-0.7486 3.5850 0.8878
-0.7484 3.6498 0.8878
-0.7490 3.7161 0.8878
-0.7496 3.7834 0.8878
-0.7501 3.8516 0.8878
-0.7513 3.9214 0.8878
-3.1777 3.1777 1.3317
-3.1443 3.1996 1.3317
-3.1086 3.2190 1.3317
-3.1045 3.2714 1.3317
-3.1031 3.3277 1.3317
-3.1530 3.4409 1.3317
-3.1583 3.5076 1.3317
-3.1521 3.5628 1.3317
-3.1524 3.6264 1.3317
-3.1570 3.6963 1.3317
-3.1574 3.7628 1.3317
-3.1562 3.8288 1.3317
-3.1485 3.8881 1.3317
-3.1487 3.9584 1.3317
-3.1140 3.9858 1.3317
-3.0359 3.9565 1.3317
-2.9874 3.9644 1.3317
-2.9140 3.9381 1.3317
-2.8531 3.9270 1.3317
-2.7874 3.9078 1.3317
-2.7210 3.8861 1.3317
-2.6632 3.8750 1.3317
-2.6042 3.8608 1.3317
-2.5422 3.8409 1.3317
-2.4803 3.8193 1.3317
-2.4152 3.7910 1.3317
-2.3682 3.7899 1.3317
-2.3121 3.7729 1.3317
-2.2554 3.7535 1.3317
-2.2022 3.7386 1.3317
-2.1550 3.7326 1.3317
-2.1071 3.7243 1.3317
-2.0585 3.7136 1.3317
-2.0179 3.7165 1.3317
-1.9723 3.7093 1.3317
-1.9218 3.6917 1.3317
-1.8822 3.6941 1.3317
-1.8401 3.6907 1.3317
-1.8004 3.6913 1.3317
-1.7569 3.6835 1.3317
-1.7196 3.6878 1.3317
-1.6808 3.6881 1.3317
-1.6477 3.7008 1.3317
-1.6090 3.7003 1.3317
-1.5750 3.7106 1.3317
-1.5357 3.7075 1.3317
-1.5014 3.7162 1.3317
-1.4678 3.7263 1.3317
-1.4345 3.7371 1.3317
-1.3952 3.7317 1.3317
-1.3633 3.7456 1.3317
-1.3282 3.7508 1.3317
-1.2928 3.7547 1.3317
-1.2594 3.7639 1.3317
-1.2277 3.7785 1.3317
-1.1905 3.7758 1.3317
-1.1566 3.7831 1.3317
-1.1230 3.7912 1.3317
-1.0893 3.7989 1.3317
-1.0553 3.8054 1.3317
-1.0213 3.8115 1.3317
-0.9862 3.8135 1.3317
-0.9517 3.8171 1.3317
-0.7573 3.1544 1.3317
-0.7252 3.1414 1.3317
-0.6939 3.1300 1.3317
-0.6637 3.1222 1.3317
-0.6292 3.0926 1.3317
-0.6003 3.0882 1.3317
-0.5711 3.0815 1.3317
-0.5451 3.0913 1.3317
-0.5219 3.1186 1.3317
-0.4979 3.1438 1.3317
-0.6694 4.4793 1.3317
-0.7351 5.2306 1.3317
-0.7072 5.3716 1.3317
-0.7023 5.7200 1.3317
-3.1760 3.1237 1.3317
-3.1285 3.1757 1.3317
-3.2128 3.3640 1.3317
-3.2282 3.5241 1.3317
-3.2103 3.7487 1.3317
-3.2348 3.9216 1.3317
-2.9098 3.8970 1.3317
-2.7015 3.8532 1.3317
-2.4593 3.7850 1.3317
-2.2487 3.7312 1.3317
-2.0387 3.6734 1.3317
-1.9178 3.6681 1.3317
-1.7967 3.6605 1.3317
-1.7045 3.6698 1.3317
-0.7205 3.0761 1.3317
-0.5864 3.0422 1.3317
-1.4566 3.7087 1.3317
-0.7850 3.2990 1.3317
-1.3005 3.7348 1.3317
-0.7492 3.3958 1.3317
-0.7490 3.4580 1.3317
-0.7480 3.5205 1.3317
-0.7486 3.5850 1.3317
-0.7484 3.6498 1.3317
-0.7490 3.7161 1.3317
-0.7496 3.7834 1.3317
-0.7494 3.8509 1.3317
-3.1728 3.1728 1.7756
-3.1359 3.1911 1.7756
-3.1072 3.2176 1.7756
-3.1059 3.2729 1.7756
-3.1058 3.3306 1.7756
-3.1489 3.4364 1.7756
-3.1516 3.5002 1.7756
-3.1488 3.5590 1.7756
-3.1609 3.6362 1.7756
-3.1576 3.6971 1.7756
-3.1567 3.7620 1.7756
-3.1562 3.8288 1.7756
-3.1409 3.8787 1.7756
-3.0746 3.8653 1.7756
-3.0087 3.8510 1.7756
-2.9391 3.8303 1.7756
-2.8683 3.8063 1.7756
-2.8010 3.7854 1.7756
-2.7314 3.7595 1.7756
-2.6625 3.7327 1.7756
-2.5926 3.7026 1.7756
-2.5330 3.6855 1.7756
-2.4677 3.6585 1.7756
-2.4103 3.6416 1.7756
-2.3534 3.6239 1.7756
-2.2964 3.6047 1.7756
-2.2421 3.5881 1.7756
-2.1887 3.5717 1.7756
-2.1498 3.5778 1.7756
-2.1037 3.5715 1.7756
-2.0540 3.5576 1.7756
-2.0081 3.5493 1.7756
-1.9664 3.5475 1.7756
-1.9253 3.5460 1.7756
-1.8859 3.5468 1.7756
-1.8484 3.5507 1.7756
-1.8137 3.5596 1.7756
-1.7710 3.5520 1.7756
-1.7311 3.5493 1.7756
-1.7018 3.5679 1.7756
-1.6655 3.5718 1.7756
-1.6289 3.5743 1.7756
-1.5916 3.5747 1.7756
-1.5559 3.5784 1.7756
-1.5219 3.5854 1.7756
-1.4890 3.5948 1.7756
-1.4546 3.6003 1.7756
-1.4206 3.6063 1.7756
-1.3923 3.6270 1.7756
-1.3532 3.6193 1.7756
-1.3267 3.6451 1.7756
-1.2898 3.6424 1.7756
-1.2599 3.6592 1.7756
-1.2273 3.6681 1.7756
-1.1906 3.6644 1.7756
-1.1574 3.6709 1.7756
-1.1250 3.6799 1.7756
-1.0918 3.6857 1.7756
-1.0598 3.6961 1.7756
-1.0273 3.7042 1.7756
-0.9977 3.7236 1.7756
-0.9615 3.7177 1.7756
-0.9116 3.6561 1.7756
-0.7552 3.1456 1.7756
-0.7228 3.1307 1.7756
-0.6939 3.1300 1.7756
-0.6605 3.1076 1.7756
-0.6290 3.0917 1.7756
-0.6018 3.0961 1.7756
-0.5726 3.0894 1.7756
-0.5451 3.0913 1.7756
-0.5216 3.1167 1.7756
-0.4967 3.1359 1.7756
-0.6671 4.4634 1.7756
-0.7269 5.1722 1.7756
-0.7740 5.8793 1.7756
-3.1724 3.1221 1.7756
-3.1276 3.1753 1.7756
-3.2101 3.3627 1.7756
-3.2246 3.5223 1.7756
-3.2068 3.7469 1.7756
-2.9759 3.7781 1.7756
-2.6476 3.6705 1.7756
-2.3521 3.5750 1.7756
-2.1759 3.5436 1.7756
-2.0299 3.5270 1.7756
-1.9111 3.5243 1.7756
-1.8207 3.5372 1.7756
-1.7306 3.5489 1.7756
-1.6390 3.5581 1.7756
-1.5477 3.5661 1.7756
-0.7222 3.0772 1.7756
-0.6251 3.0688 1.7756
-0.5588 3.0801 1.7756
-0.7850 3.2990 1.7756
-1.2026 3.6637 1.7756
-0.7500 3.3964 1.7756
-0.7490 3.4580 1.7756
-0.7488 3.5211 1.7756
-0.7486 3.5850 1.7756
-0.7484 3.6498 1.7756
-0.7490 3.7161 1.7756
-3.1643 3.1643 2.2195
-3.1338 3.1889 2.2195
-3.1107 3.2212 2.2195
-3.1079 3.2751 2.2195
-3.1154 3.3408 2.2195
-3.1516 3.4394 2.2195
-3.1550 3.5039 2.2195
-3.1614 3.5733 2.2195
-3.1550 3.6294 2.2195
-3.1589 3.6986 2.2195
-3.1593 3.7651 2.2195
-3.1416 3.8111 2.2195
-3.0705 3.7917 2.2195
-2.9968 3.7675 2.2195
-2.9324 3.7533 2.2195
-2.8539 3.7192 2.2195
-2.7858 3.6969 2.2195
-2.7035 3.6535 2.2195
-2.6368 3.6293 2.2195
-2.5568 3.5846 2.2195
-2.4893 3.5551 2.2195
-2.4321 3.5388 2.2195
-2.3721 3.5168 2.2195
-2.3203 3.5057 2.2195
-2.2662 3.4897 2.2195
-2.2121 3.4722 2.2195
-2.1589 3.4549 2.2195
-2.1135 3.4489 2.2195
-2.0653 3.4372 2.2195
-2.0205 3.4301 2.2195
-1.9805 3.4303 2.2195
-1.9357 3.4214 2.2195
-1.8990 3.4259 2.2195
-1.8495 3.4063 2.2195
-1.8131 3.4099 2.2195
-1.7731 3.4061 2.2195
-1.7329 3.4010 2.2195
-1.6987 3.4070 2.2195
-1.6649 3.4136 2.2195
-1.6291 3.4154 2.2195
-1.6030 3.4376 2.2195
-1.5651 3.4342 2.2195
-1.5330 3.4432 2.2195
-1.5005 3.4509 2.2195
-1.4703 3.4639 2.2195
-1.4362 3.4673 2.2195
-1.4048 3.4769 2.2195
-1.3755 3.4919 2.2195
-1.3417 3.4953 2.2195
-1.3052 3.4910 2.2195
-1.2768 3.5079 2.2195
-1.2481 3.5245 2.2195
-1.2173 3.5353 2.2195
-1.1851 3.5420 2.2195
-1.1570 3.5608 2.2195
-1.1231 3.5621 2.2195
-1.0935 3.5766 2.2195
-1.0639 3.5917 2.2195
-1.0361 3.6134 2.2195
-1.0005 3.6078 2.2195
-0.9703 3.6213 2.2195
-0.9382 3.6276 2.2195
-0.8254 3.3106 2.2195
-0.7522 3.1330 2.2195
-0.7180 3.1102 2.2195
-0.6933 3.1271 2.2195
-0.6610 3.1095 2.2195
-0.6292 3.0926 2.2195
-0.5993 3.0833 2.2195
-0.5724 3.0884 2.2195
-0.5465 3.0992 2.2195
-0.5225 3.1226 2.2195
-0.4962 3.1329 2.2195
-0.6663 4.4585 2.2195
-0.7294 5.1900 2.2195
-0.7577 5.7553 2.2195
-0.7240 5.8967 2.2195
-3.1532 3.1136 2.2195
-3.2337 3.2985 2.2195
-3.2201 3.5201 2.2195
-3.2050 3.7459 2.2195
-2.9304 3.6760 2.2195
-2.4293 3.4751 2.2195
-2.1977 3.4159 2.2195
-2.0533 3.4025 2.2195
-1.9364 3.4025 2.2195
-1.8182 3.3998 2.2195
-1.7286 3.4124 2.2195
-1.6375 3.4227 2.2195
-1.5459 3.4312 2.2195
-1.4847 3.4579 2.2195
-1.3910 3.4623 2.2195
-0.6882 3.0543 2.2195
-0.6259 3.0694 2.2195
-0.5564 3.0784 2.2195
-0.7842 3.2984 2.2195
-1.0740 3.5702 2.2195
-0.7492 3.3958 2.2195
-0.7490 3.4580 2.2195
-0.7495 3.5217 2.2195
-0.7486 3.5850 2.2195
-0.7492 3.6504 2.2195
-3.1233 5.8429 2.2195
-3.2153 3.1597 2.6634
-3.1629 3.1629 2.6634
-3.1310 3.1861 2.6634
-3.1162 3.2270 2.6634
-3.1086 3.2758 2.6634
-3.1256 3.3518 2.6634
-3.1530 3.4409 2.6634
-3.1583 3.5076 2.6634
-3.1554 3.5665 2.6634
-3.1583 3.6332 2.6634
-3.1628 3.7032 2.6634
-3.1233 3.7222 2.6634
-3.0532 3.7038 2.6634
-2.9786 3.6782 2.6634
-2.9034 3.6501 2.6634
-2.8247 3.6154 2.6634
-2.7638 3.6018 2.6634
-2.6973 3.5795 2.6634
-2.6315 3.5563 2.6634
-2.5622 3.5265 2.6634
-2.5092 3.5178 2.6634
-2.4400 3.4847 2.6634
-2.3783 3.4605 2.6634
-2.3257 3.4480 2.6634
-2.2629 3.4189 2.6634
-2.2145 3.4100 2.6634
-2.1610 3.3921 2.6634
-2.1117 3.3795 2.6634
-2.0602 3.3620 2.6634
-2.0210 3.3635 2.6634
-1.9667 3.3388 2.6634
-1.9200 3.3255 2.6634
-1.8796 3.3221 2.6634
-1.8311 3.3034 2.6634
-1.7831 3.2841 2.6634
-1.7502 3.2916 2.6634
-1.7269 3.3174 2.6634
-1.6888 3.3145 2.6634
-1.6558 3.3211 2.6634
-1.6242 3.3300 2.6634
-1.5907 3.3351 2.6634
-1.5650 3.3561 2.6634
-1.5360 3.3705 2.6634
-1.5033 3.3765 2.6634
-1.4738 3.3895 2.6634
-1.4441 3.4022 2.6634
-1.4159 3.4184 2.6634
-1.3827 3.4222 2.6634
-1.3528 3.4342 2.6634
-1.3278 3.4589 2.6634
-1.2975 3.4704 2.6634
-1.2682 3.4844 2.6634
-1.2374 3.4944 2.6634
-1.2114 3.5183 2.6634
-1.1788 3.5230 2.6634
-1.1505 3.5408 2.6634
-1.1198 3.5516 2.6634
-1.0900 3.5651 2.6634
-1.0568 3.5678 2.6634
-1.0254 3.5759 2.6634
-0.9928 3.5799 2.6634
-0.9636 3.5961 2.6634
-0.9292 3.5928 2.6634
-0.7921 3.1767 2.6634
-0.7489 3.1194 2.6634
-0.7187 3.1131 2.6634
-0.6926 3.1241 2.6634
-0.6566 3.0890 2.6634
-0.6272 3.0828 2.6634
-0.6003 3.0882 2.6634
-0.5713 3.0825 2.6634
-0.5447 3.0893 2.6634
-0.5192 3.1029 2.6634
-0.4951 3.1260 2.6634
-0.6694 4.4793 2.6634
-0.7336 5.2197 2.6634
-0.7199 5.4678 2.6634
-0.7354 5.9890 2.6634
-3.2186 3.0692 2.6634
-3.1514 3.1128 2.6634
-3.2319 3.2977 2.6634
-3.2175 3.5187 2.6634
-3.2321 3.6815 2.6634
-2.8828 3.5746 2.6634
-2.4515 3.4160 2.6634
-2.1660 3.3292 2.6634
-1.9339 3.2667 2.6634
-1.8169 3.2660 2.6634
-1.7278 3.2797 2.6634
-1.6682 3.3096 2.6634
-1.6075 3.3382 2.6634
-1.5468 3.3660 2.6634
-1.4852 3.3925 2.6634
-1.4235 3.4182 2.6634
-1.3609 3.4424 2.6634
-0.6542 3.0314 2.6634
-0.8180 3.2013 2.6634
-0.5588 3.0801 2.6634
-0.7834 3.2978 2.6634
-1.0416 3.5467 2.6634
-0.7508 3.3970 2.6634
-0.7498 3.4586 2.6634
-0.7495 3.5217 2.6634
-0.7486 3.5850 2.6634
-3.1594 5.7699 2.6634
-3.1946 3.1394 3.1073
-3.1594 3.1594 3.1073
-3.1310 3.1861 3.1073
-3.1190 3.2298 3.1073
-3.1148 3.2823 3.1073
-3.1433 3.3708 3.1073
-3.1577 3.4460 3.1073
-3.1630 3.5128 3.1073
-3.1607 3.5725 3.1073
-3.1629 3.6385 3.1073
-3.1277 3.6621 3.1073
-3.0552 3.6410 3.1073
-2.9921 3.6297 3.1073
-2.9144 3.5990 3.1073
-2.8499 3.5828 3.1073
-2.7970 3.5799 3.1073
-2.7321 3.5606 3.1073
-2.6630 3.5340 3.1073
-2.6023 3.5169 3.1073
-2.5475 3.5063 3.1073
-2.4901 3.4909 3.1073
-2.4176 3.4527 3.1073
-2.3721 3.4514 3.1073
-2.3156 3.4330 3.1073
-2.2585 3.4123 3.1073
-2.2047 3.3949 3.1073
-2.1519 3.3778 3.1073
-2.1043 3.3676 3.1073
-2.0461 3.3389 3.1073
-2.0025 3.3327 3.1073
-1.9530 3.3155 3.1073
-1.9085 3.3056 3.1073
-1.8648 3.2960 3.1073
-1.8166 3.2772 3.1073
-1.7870 3.2912 3.1073
-1.7539 3.2987 3.1073
-1.7219 3.3077 3.1073
-1.6907 3.3181 3.1073
-1.6581 3.3256 3.1073
-1.6307 3.3435 3.1073
-1.5998 3.3540 3.1073
-1.5645 3.3552 3.1073
-1.5360 3.3705 3.1073
-1.5118 3.3956 3.1073
-1.4774 3.3977 3.1073
-1.4441 3.4022 3.1073
-1.4136 3.4128 3.1073
-1.3801 3.4157 3.1073
-1.3480 3.4221 3.1073
-1.3195 3.4374 3.1073
-1.2874 3.4432 3.1073
-1.2586 3.4581 3.1073
-1.2271 3.4652 3.1073
-1.1948 3.4701 3.1073
-1.1620 3.4728 3.1073
-1.1350 3.4932 3.1073
-1.1054 3.5059 3.1073
-1.0689 3.4963 3.1073
-1.0401 3.5112 3.1073
-1.0094 3.5201 3.1073
-0.9786 3.5288 3.1073
-0.9486 3.5401 3.1073
-0.9169 3.5454 3.1073
-0.7841 3.1447 3.1073
-0.7466 3.1096 3.1073
-0.7156 3.0995 3.1073
-0.6902 3.1134 3.1073
-0.6562 3.0870 3.1073
-0.6248 3.0711 3.1073
-0.5946 3.0588 3.1073
-0.5682 3.0658 3.1073
-0.5446 3.0884 3.1073
-0.5179 3.0950 3.1073
-0.5173 3.2663 3.1073
-0.6753 4.5188 3.1073
-0.7252 5.1603 3.1073
-0.7215 5.4807 3.1073
-3.2186 3.0692 3.1073
-3.1514 3.1128 3.1073
-3.2283 3.2960 3.1073
-3.2157 3.5178 3.1073
-2.9926 3.5568 3.1073
-2.6497 3.4506 3.1073
-2.3363 3.3535 3.1073
-2.0497 3.2647 3.1073
-1.8460 3.2170 3.1073
-1.7883 3.2495 3.1073
-1.6977 3.2619 3.1073
-1.6373 3.2911 3.1073
-1.5768 3.3194 3.1073
-1.5154 3.3464 3.1073
-1.4540 3.3726 3.1073
-1.3598 3.3768 3.1073
-0.7881 3.0633 3.1073
-0.6575 3.0336 3.1073
-0.5889 3.0439 3.1073
-1.1060 3.4633 3.1073
-0.7834 3.2978 3.1073
-0.9769 3.4997 3.1073
-0.7508 3.3970 3.1073
-0.7498 3.4586 3.1073
-0.7805 3.5454 3.1073
-3.1946 3.1394 3.5512
-3.1629 3.1629 3.5512
-3.1254 3.1804 3.5512
-3.1260 3.2370 3.5512
-3.1176 3.2852 3.5512
-3.1597 3.3884 3.5512
-3.1618 3.4505 3.5512
-3.1616 3.5114 3.5512
-3.1667 3.5793 3.5512
-3.1629 3.6385 3.5512
-3.0933 3.6218 3.5512
-3.0288 3.6096 3.5512
-2.9622 3.5935 3.5512
-2.8961 3.5764 3.5512
-2.8293 3.5570 3.5512
-2.7729 3.5492 3.5512
-2.7181 3.5423 3.5512
-2.6522 3.5196 3.5512
-2.5863 3.4952 3.5512
-2.5328 3.4861 3.5512
-2.4779 3.4738 3.5512
-2.4136 3.4470 3.5512
-2.3517 3.4218 3.5512
-2.3011 3.4115 3.5512
-2.2514 3.4014 3.5512
-2.1998 3.3874 3.5512
-2.1460 3.3685 3.5512
-2.0948 3.3523 3.5512
-2.0445 3.3364 3.5512
-1.9953 3.3207 3.5512
-1.9505 3.3112 3.5512
-1.9030 3.2961 3.5512
-1.8525 3.2743 3.5512
-1.8146 3.2737 3.5512
-1.7836 3.2850 3.5512
-1.7511 3.2934 3.5512
-1.7228 3.3094 3.5512
-1.6888 3.3145 3.5512
-1.6576 3.3247 3.5512
-1.6264 3.3345 3.5512
-1.5946 3.3432 3.5512
-1.5683 3.3633 3.5512
-1.5356 3.3696 3.5512
-1.5021 3.3737 3.5512
-1.4718 3.3849 3.5512
-1.4418 3.3967 3.5512
-1.4044 3.3906 3.5512
-1.3744 3.4018 3.5512
-1.3440 3.4118 3.5512
-1.3145 3.4244 3.5512
-1.2835 3.4329 3.5512
-1.2480 3.4289 3.5512
-1.2207 3.4472 3.5512
-1.1893 3.4540 3.5512
-1.1553 3.4528 3.5512
-1.1279 3.4714 3.5512
-1.0955 3.4744 3.5512
-1.0639 3.4800 3.5512
-1.0355 3.4959 3.5512
-1.0028 3.4971 3.5512
-0.9711 3.5018 3.5512
-0.9421 3.5160 3.5512
-0.9114 3.5241 3.5512
-0.7778 3.1195 3.5512
-0.7456 3.1057 3.5512
-0.7135 3.0907 3.5512
-0.6889 3.1076 3.5512
-0.6508 3.0616 3.5512
-0.6220 3.0574 3.5512
-0.5942 3.0568 3.5512
-0.5655 3.0510 3.5512
-0.5407 3.0667 3.5512
-0.5192 3.1029 3.5512
-0.6919 4.3685 3.5512
-0.6784 4.5396 3.5512
-0.7312 5.2029 3.5512
-0.7580 5.7573 3.5512
-0.7205 5.8679 3.5512
-3.2159 3.0680 3.5512
-3.1514 3.1128 3.5512
-3.2220 3.2930 3.5512
-3.2407 3.4535 3.5512
-2.8738 3.4950 3.5512
-2.6196 3.4347 3.5512
-2.3073 3.3377 3.5512
-2.0497 3.2647 3.5512
-1.8756 3.2337 3.5512
-1.7874 3.2490 3.5512
-1.7278 3.2797 3.5512
-1.6373 3.2911 3.5512
-1.5768 3.3194 3.5512
-1.5154 3.3464 3.5512
-1.4548 3.3732 3.5512
-1.3598 3.3768 3.5512
-0.7572 3.0428 3.5512
-0.6219 3.0096 3.5512
-0.8188 3.2019 3.5512
-0.7834 3.2978 3.5512
-0.7811 3.3574 3.5512
-0.9132 3.5172 3.5512
-0.7498 3.4586 3.5512
-0.7495 3.5217 3.5512
-3.1203 5.8404 3.5512
-3.1889 3.1338 3.9951
-3.1572 3.1572 3.9951
-3.1247 3.1797 3.9951
-3.1225 3.2334 3.9951
-3.1203 3.2881 3.9951
-3.1679 3.3971 3.9951
-3.1618 3.4505 3.9951
-3.1630 3.5128 3.9951
-3.1660 3.5785 3.9951
-3.1517 3.6256 3.9951
-3.0868 3.6142 3.9951
-3.0230 3.6027 3.9951
-2.9520 3.5811 3.9951
-2.8905 3.5694 3.9951
-2.8206 3.5460 3.9951
-2.7637 3.5374 3.9951
-2.7035 3.5233 3.9951
-2.6408 3.5044 3.9951
-2.5803 3.4871 3.9951
-2.5245 3.4747 3.9951
-2.4587 3.4470 3.9951
-2.3998 3.4273 3.9951
-2.3421 3.4078 3.9951
-2.2972 3.4057 3.9951
-2.2342 3.3756 3.9951
-2.1753 3.3497 3.9951
-2.1282 3.3407 3.9951
-2.0773 3.3243 3.9951
-2.0262 3.3065 3.9951
-1.9793 3.2941 3.9951
-1.9271 3.2716 3.9951
-1.8770 3.2511 3.9951
-1.8358 3.2447 3.9951
-1.7977 3.2431 3.9951
-1.7645 3.2499 3.9951
-1.7352 3.2634 3.9951
-1.7062 3.2775 3.9951
-1.6720 3.2816 3.9951
-1.6447 3.2987 3.9951
-1.6123 3.3058 3.9951
-1.5808 3.3143 3.9951
-1.5468 3.3171 3.9951
-1.5165 3.3277 3.9951
-1.4895 3.3454 3.9951
-1.4578 3.3528 3.9951
-1.4246 3.3562 3.9951
-1.3922 3.3611 3.9951
-1.3647 3.3777 3.9951
-1.3363 3.3923 3.9951
-1.3041 3.3973 3.9951
-1.2737 3.4067 3.9951
-1.2426 3.4139 3.9951
-1.2107 3.4190 3.9951
-1.1812 3.4303 3.9951
-1.1499 3.4367 3.9951
-1.1199 3.4466 3.9951
-1.0849 3.4410 3.9951
-1.0593 3.4647 3.9951
-1.0253 3.4613 3.9951
-0.9951 3.4702 3.9951
-0.9655 3.4816 3.9951
-0.9333 3.4831 3.9951
-0.9009 3.4834 3.9951
-0.7749 3.1079 3.9951
-0.7407 3.0853 3.9951
-0.7142 3.0936 3.9951
-0.6801 3.0675 3.9951
-0.6474 3.0460 3.9951
-0.6184 3.0397 3.9951
-0.5911 3.0411 3.9951
-0.5655 3.0510 3.9951
-0.5418 3.0726 3.9951
-0.5593 3.3425 3.9951
-0.6966 4.3982 3.9951
-0.7184 4.8066 3.9951
-0.7262 5.1672 3.9951
-0.7483 5.6840 3.9951
-3.2159 3.0680 3.9951
-3.1532 3.1136 3.9951
-3.2422 3.2276 3.9951
-3.2353 3.4509 3.9951
-2.8436 3.4793 3.9951
-2.5614 3.4037 3.9951
-2.2502 3.3067 3.9951
-1.9631 3.2167 3.9951
-1.8164 3.2003 3.9951
-1.7580 3.2320 3.9951
-1.6675 3.2442 3.9951
-1.6073 3.2731 3.9951
-1.5470 3.3011 3.9951
-1.4535 3.3078 3.9951
-1.3916 3.3329 3.9951
-1.3296 3.3572 3.9951
-0.7239 3.0208 3.9951
-0.6277 3.0135 3.9951
-0.8188 3.2019 3.9951
-1.0413 3.4179 3.9951
-0.7834 3.2978 3.9951
-0.7819 3.3580 3.9951
-0.8465 3.4678 3.9951
-0.7498 3.4586 3.9951
-3.1590 5.6677 3.9951
-3.1832 3.1282 4.4391
-3.1530 3.1530 4.4391
-3.1366 3.1918 4.4391
-3.1280 3.2392 4.4391
-3.1244 3.2925 4.4391
-3.1692 3.3986 4.4391
-3.1699 3.4593 4.4391
-3.1730 3.5240 4.4391
-3.1779 3.5920 4.4391
-3.1694 3.6460 4.4391
-3.0979 3.6271 4.4391
-3.0301 3.6111 4.4391
-2.9660 3.5981 4.4391
-2.8911 3.5702 4.4391
-2.8318 3.5601 4.4391
-2.7668 3.5413 4.4391
-2.7102 3.5320 4.4391
-2.6462 3.5116 4.4391
-2.5792 3.4855 4.4391
-2.5169 3.4642 4.4391
-2.4482 3.4323 4.4391
-2.3907 3.4142 4.4391
-2.3381 3.4020 4.4391
-2.2726 3.3692 4.4391
-2.2210 3.3556 4.4391
-2.1747 3.3488 4.4391
-2.1121 3.3154 4.4391
-2.0614 3.2989 4.4391
-2.0085 3.2775 4.4391
-1.9633 3.2675 4.4391
-1.9139 3.2492 4.4391
-1.8670 3.2337 4.4391
-1.8269 3.2290 4.4391
-1.7972 3.2422 4.4391
-1.7626 3.2464 4.4391
-1.7248 3.2439 4.4391
-1.6946 3.2553 4.4391
-1.6612 3.2602 4.4391
-1.6367 3.2826 4.4391
-1.6040 3.2887 4.4391
-1.5705 3.2926 4.4391
-1.5417 3.3062 4.4391
-1.5116 3.3168 4.4391
-1.4809 3.3262 4.4391
-1.4491 3.3326 4.4391
-1.4180 3.3405 4.4391
-1.3895 3.3546 4.4391
-1.3594 3.3648 4.4391
-1.3249 3.3635 4.4391
-1.2994 3.3852 4.4391
-1.2653 3.3842 4.4391
-1.2361 3.3960 4.4391
-1.2054 3.4039 4.4391
-1.1782 3.4218 4.4391
-1.1448 3.4216 4.4391
-1.1152 3.4324 4.4391
-1.0883 3.4515 4.4391
-1.0569 3.4570 4.4391
-1.0264 3.4652 4.4391
-0.9959 3.4730 4.4391
-0.9690 3.4941 4.4391
-0.9367 3.4957 4.4391
-0.8788 3.3982 4.4391
-0.7720 3.0962 4.4391
-0.7386 3.0766 4.4391
-0.7142 3.0936 4.4391
-0.6798 3.0665 4.4391
-0.6481 3.0489 4.4391
-0.6174 3.0348 4.4391
-0.5919 3.0450 4.4391
-0.5669 3.0589 4.4391
-0.5402 3.0637 4.4391
-0.5174 3.0920 4.4391
-0.6969 4.4002 4.4391
-3.1939 3.0584 4.4391
-3.1541 3.1140 4.4391
-3.2349 3.2242 4.4391
-3.2308 3.4487 4.4391
-3.2471 3.6110 4.4391
-2.8445 3.4797 4.4391
-2.5614 3.4037 4.4391
-2.1632 3.2595 4.4391
-1.8756 3.1682 4.4391
-1.7877 3.1840 4.4391
-1.7285 3.2150 4.4391
-1.6693 3.2452 4.4391
-1.5773 3.2550 4.4391
-1.5163 3.2823 4.4391
-1.4221 3.2881 4.4391
-1.3304 3.3577 4.4391
-0.6888 2.9976 4.4391
-0.6260 3.0124 4.4391
-0.8204 3.2030 4.4391
-0.7834 3.2978 4.4391
-0.7819 3.3580 4.4391
-0.7806 3.4190 4.4391
-0.7801 3.4815 4.4391
-3.2176 3.1072 4.8830
-3.1811 3.1261 4.8830
-3.1509 3.1509 4.8830
-3.1352 3.1904 4.8830
-3.1371 3.2485 4.8830
-3.1417 3.3106 4.8830
-3.1720 3.4015 4.8830
-3.1780 3.4682 4.8830
-3.1810 3.5329 4.8830
-3.1819 3.5965 4.8830
-3.1819 3.6603 4.8830
-3.1472 3.6849 4.8830
-3.0700 3.6586 4.8830
-2.9978 3.6367 4.8830
-2.9364 3.6262 4.8830
-2.8654 3.6023 4.8830
-2.7963 3.5791 4.8830
-2.7236 3.5495 4.8830
-2.6570 3.5260 4.8830
-2.5863 3.4952 4.8830
-2.5328 3.4861 4.8830
-2.4639 3.4543 4.8830
-2.4067 3.4372 4.8830
-2.3404 3.4053 4.8830
-2.2837 3.3858 4.8830
-2.2309 3.3706 4.8830
-2.1709 3.3429 4.8830
-2.1164 3.3221 4.8830
-2.0635 3.3023 4.8830
-2.0127 3.2844 4.8830
-1.9690 3.2770 4.8830
-1.9185 3.2570 4.8830
-1.8780 3.2528 4.8830
-1.8412 3.2543 4.8830
-1.8079 3.2615 4.8830
-1.7726 3.2648 4.8830
-1.7483 3.2881 4.8830
-1.7172 3.2988 4.8830
-1.6834 3.3039 4.8830
-1.6581 3.3256 4.8830
-1.6202 3.3219 4.8830
-1.5912 3.3360 4.8830
-1.5573 3.3397 4.8830
-1.5298 3.3568 4.8830
-1.4948 3.3573 4.8830
-1.4674 3.3748 4.8830
-1.4355 3.3819 4.8830
-1.4041 3.3897 4.8830
-1.3722 3.3963 4.8830
-1.3458 3.4165 4.8830
-1.3113 3.4160 4.8830
-1.2797 3.4226 4.8830
-1.2487 3.4308 4.8830
-1.2204 3.4463 4.8830
-1.1860 3.4445 4.8830
-1.1569 3.4576 4.8830
-1.1270 3.4685 4.8830
-1.1021 3.4954 4.8830
-1.0645 3.4819 4.8830
-1.0367 3.4997 4.8830
-1.0083 3.5163 4.8830
-0.9786 3.5288 4.8830
-0.9447 3.5256 4.8830
-0.8325 3.2191 4.8830
-0.7700 3.0885 4.8830
-0.7382 3.0746 4.8830
-0.7104 3.0771 4.8830
-0.6792 3.0636 4.8830
-0.6485 3.0508 4.8830
-0.6198 3.0466 4.8830
-0.5919 3.0450 4.8830
-0.5638 3.0422 4.8830
-0.5409 3.0677 4.8830
-0.5181 3.0960 4.8830
-0.6964 4.3972 4.8830
-3.1939 3.0584 4.8830
-3.2546 3.1587 4.8830
-3.1204 3.2457 4.8830
-3.2507 3.3821 4.8830
-3.2382 3.6065 4.8830
-2.9598 3.5398 4.8830
-2.5905 3.4192 4.8830
-2.1922 3.2752 4.8830
-1.9045 3.1842 4.8830
-1.8173 3.2008 4.8830
-1.7580 3.2320 4.8830
-1.6675 3.2442 4.8830
-1.6073 3.2731 4.8830
-1.5470 3.3011 4.8830
-1.4857 3.3279 4.8830
-1.3916 3.3329 4.8830
-1.3287 3.3566 4.8830
-0.6905 2.9987 4.8830
-0.6269 3.0129 4.8830
-0.8213 3.2036 4.8830
-1.0741 3.4409 4.8830
-0.7825 3.2972 4.8830
-0.7819 3.3580 4.8830
-0.7814 3.4196 4.8830
-0.7809 3.4821 4.8830
-0.7813 3.5460 4.8830
-3.2162 3.1058 5.3269
-3.1811 3.1261 5.3269
-3.1487 3.1487 5.3269
-3.1394 3.1946 5.3269
-3.1364 3.2478 5.3269
-3.1575 3.3273 5.3269
-3.1774 3.4074 5.3269
-3.1773 3.4674 5.3269
-3.1744 3.5255 5.3269
-3.1799 3.5942 5.3269
-3.1845 3.6634 5.3269
-3.1842 3.7283 5.3269
-3.1587 3.7643 5.3269
-3.0754 3.7308 5.3269
-2.9962 3.7000 5.3269
-2.9140 3.6634 5.3269
-2.8456 3.6422 5.3269
-2.7711 3.6113 5.3269
-2.7015 3.5851 5.3269
-2.6339 3.5595 5.3269
-2.5727 3.5411 5.3269
-2.5034 3.5097 5.3269
-2.4463 3.4937 5.3269
-2.3783 3.4605 5.3269
-2.3139 3.4306 5.3269
-2.2536 3.4048 5.3269
-2.2063 3.3975 5.3269
-2.1535 3.3803 5.3269
-2.1022 3.3642 5.3269
-2.0555 3.3543 5.3269
-2.0050 3.3370 5.3269
-1.9667 3.3388 5.3269
-1.9175 3.3212 5.3269
-1.8840 3.3300 5.3269
-1.8520 3.3410 5.3269
-1.8218 3.3553 5.3269
-1.7826 3.3526 5.3269
-1.7491 3.3600 5.3269
-1.7224 3.3805 5.3269
-1.6924 3.3945 5.3269
-1.6487 3.3804 5.3269
-1.6204 3.3973 5.3269
-1.5869 3.4032 5.3269
-1.5559 3.4142 5.3269
-1.5228 3.4203 5.3269
-1.4933 3.4344 5.3269
-1.4613 3.4427 5.3269
-1.4301 3.4525 5.3269
-1.3954 3.4538 5.3269
-1.3649 3.4649 5.3269
-1.3356 3.4795 5.3269
-1.3042 3.4882 5.3269
-1.2668 3.4806 5.3269
-1.2431 3.5104 5.3269
-1.2114 3.5183 5.3269
-1.1829 3.5354 5.3269
-1.1495 3.5379 5.3269
-1.1162 3.5402 5.3269
-1.0829 3.5422 5.3269
-1.0545 3.5601 5.3269
-1.0251 3.5749 5.3269
-0.9907 3.5722 5.3269
-0.9576 3.5739 5.3269
-0.8085 3.1261 5.3269
-0.7667 3.0749 5.3269
-0.7365 3.0678 5.3269
-0.7113 3.0810 5.3269
-0.6766 3.0519 5.3269
-0.6474 3.0460 5.3269
-0.6166 3.0309 5.3269
-0.5904 3.0372 5.3269
-0.5664 3.0560 5.3269
-0.5416 3.0716 5.3269
-0.5164 3.0861 5.3269
-0.6960 4.3942 5.3269
-3.1920 3.0576 5.3269
-3.2435 3.3787 5.3269
-3.0823 3.4513 5.3269
-3.2301 3.6024 5.3269
-2.7079 3.4816 5.3269
-2.3363 3.3535 5.3269
-2.0208 3.2487 5.3269
-1.9052 3.2505 5.3269
-1.8169 3.2660 5.3269
-1.7580 3.2975 5.3269
-1.6673 3.3091 5.3269
-1.6075 3.3382 5.3269
-1.5460 3.3655 5.3269
-1.4852 3.3925 5.3269
-0.8213 3.0271 5.3269
-0.6913 2.9992 5.3269
-0.6252 3.0118 5.3269
-1.2020 3.4653 5.3269
-1.1380 3.4856 5.3269
-0.7825 3.2972 5.3269
-0.7835 3.3592 5.3269
-0.7814 3.4196 5.3269
-0.7809 3.4821 5.3269
-0.7813 3.5460 5.3269
-3.2176 3.1072 5.7708
-3.1811 3.1261 5.7708
-3.1516 3.1516 5.7708
-3.1415 3.1968 5.7708
-3.1385 3.2500 5.7708
-3.1864 3.3578 5.7708
-3.1836 3.4140 5.7708
-3.1841 3.4748 5.7708
-3.1851 3.5374 5.7708
-3.1885 3.6040 5.7708
-3.1799 3.6581 5.7708
-3.1862 3.7306 5.7708
-3.1824 3.7927 5.7708
-3.1651 3.8396 5.7708
-3.0956 3.8228 5.7708
-3.0117 3.7863 5.7708
-2.9275 3.7470 5.7708
-2.8667 3.7359 5.7708
-2.8008 3.7168 5.7708
-2.7386 3.7010 5.7708
-2.6709 3.6762 5.7708
-2.6132 3.6635 5.7708
-2.5404 3.6280 5.7708
-2.4752 3.6014 5.7708
-2.4090 3.5715 5.7708
-2.3529 3.5549 5.7708
-2.2853 3.5191 5.7708
-2.2293 3.4992 5.7708
-2.1758 3.4821 5.7708
-2.1224 3.4634 5.7708
-2.0818 3.4647 5.7708
-2.0307 3.4474 5.7708
-1.9880 3.4433 5.7708
-1.9431 3.4344 5.7708
-1.9101 3.4460 5.7708
-1.8800 3.4625 5.7708
-1.8431 3.4665 5.7708
-1.8124 3.4815 5.7708
-1.7760 3.4856 5.7708
-1.7420 3.4938 5.7708
-1.7053 3.4963 5.7708
-1.6695 3.5002 5.7708
-1.6355 3.5074 5.7708
-1.5991 3.5088 5.7708
-1.5676 3.5208 5.7708
-1.5332 3.5261 5.7708
-1.4957 3.5237 5.7708
-1.4680 3.5440 5.7708
-1.4280 3.5344 5.7708
-1.3953 3.5421 5.7708
-1.3625 3.5495 5.7708
-1.3322 3.5631 5.7708
-1.2963 3.5614 5.7708
-1.2658 3.5745 5.7708
-1.2313 3.5760 5.7708
-1.1978 3.5799 5.7708
-1.1684 3.5959 5.7708
-1.1313 3.5879 5.7708
-1.1005 3.5995 5.7708
-1.0685 3.6071 5.7708
-1.0364 3.6143 5.7708
-1.0080 3.6348 5.7708
-0.9739 3.6348 5.7708
-0.8007 3.0961 5.7708
-0.7642 3.0652 5.7708
-0.7337 3.0562 5.7708
-0.7086 3.0693 5.7708
-0.6731 3.0363 5.7708
-0.6412 3.0166 5.7708
-0.6160 3.0280 5.7708
-0.5892 3.0313 5.7708
-0.5646 3.0461 5.7708
-0.5400 3.0628 5.7708
-0.5227 3.1236 5.7708
-0.6971 4.4011 5.7708
-0.7560 5.0588 5.7708
-0.7124 5.0692 5.7708
-0.6820 5.1803 5.7708
-3.1920 3.0576 5.7708
-3.2372 3.3756 5.7708
-3.2568 3.5383 5.7708
-3.2501 3.7699 5.7708
-2.8074 3.6092 5.7708
-2.3707 3.4426 5.7708
-2.0810 3.3500 5.7708
-1.9650 3.3515 5.7708
-1.9062 3.3848 5.7708
-1.8182 3.3998 5.7708
-1.7286 3.4124 5.7708
-1.6375 3.4227 5.7708
-1.5771 3.4511 5.7708
-0.7895 3.0064 5.7708
-0.6588 2.9777 5.7708
-0.8507 3.1639 5.7708
-1.2655 3.5089 5.7708
-1.2019 3.5304 5.7708
-0.7834 3.2978 5.7708
-0.7827 3.3586 5.7708
-0.7822 3.4202 5.7708
-0.7817 3.4827 5.7708
-0.7805 3.5454 5.7708
-0.7809 3.6102 5.7708
-3.1877 5.6909 5.7708
-3.2252 5.9284 5.7708
-3.2147 3.1044 6.2147
-3.1790 3.1240 6.2147
-3.1537 3.1537 6.2147
-3.1485 3.2039 6.2147
-3.1440 3.2557 6.2147
-3.1905 3.3621 6.2147
-3.1870 3.4176 6.2147
-3.1861 3.4770 6.2147
-3.1837 3.5359 6.2147
-3.1885 3.6040 6.2147
-3.1865 3.6656 6.2147
-3.1868 3.7313 6.2147
-3.1824 3.7927 6.2147
-3.1785 3.8558 6.2147
-3.1793 3.9261 6.2147
-3.1225 3.9256 6.2147
-3.0469 3.8999 6.2147
-2.9720 3.8732 6.2147
-2.9032 3.8526 6.2147
-2.8456 3.8457 6.2147
-2.7773 3.8226 6.2147
-2.7177 3.8101 6.2147
-2.6602 3.7992 6.2147
-2.6021 3.7860 6.2147
-2.5326 3.7547 6.2147
-2.4633 3.7216 6.2147
-2.4019 3.6985 6.2147
-2.3432 3.6780 6.2147
-2.2903 3.6653 6.2147
-2.2258 3.6322 6.2147
-2.1755 3.6207 6.2147
-2.1240 3.6059 6.2147
-2.0715 3.5879 6.2147
-2.0214 3.5728 6.2147
-1.9795 3.5711 6.2147
-1.9382 3.5698 6.2147
-1.9032 3.5795 6.2147
-1.8678 3.5880 6.2147
-1.8246 3.5810 6.2147
-1.7968 3.6039 6.2147
-1.7618 3.6123 6.2147
-1.7255 3.6176 6.2147
-1.6879 3.6198 6.2147
-1.6579 3.6380 6.2147
-1.6196 3.6377 6.2147
-1.5854 3.6462 6.2147
-1.5500 3.6516 6.2147
-1.5200 3.6696 6.2147
-1.4812 3.6661 6.2147
-1.4473 3.6742 6.2147
-1.4123 3.6792 6.2147
-1.3812 3.6942 6.2147
-1.3472 3.7014 6.2147
-1.3089 3.6961 6.2147
-1.2756 3.7045 6.2147
-1.2375 3.6985 6.2147
-1.2042 3.7063 6.2147
-1.1719 3.7166 6.2147
-1.1364 3.7172 6.2147
-1.1045 3.7288 6.2147
-1.0695 3.7297 6.2147
-1.0361 3.7360 6.2147
-0.9996 3.7304 6.2147
-0.7960 3.0777 6.2147
-0.7611 3.0526 6.2147
-0.7326 3.0513 6.2147
-0.7084 3.0683 6.2147
-0.6679 3.0128 6.2147
-0.6395 3.0088 6.2147
-0.6089 2.9927 6.2147
-0.5835 3.0018 6.2147
-0.5631 3.0383 6.2147
-0.5394 3.0588 6.2147
-0.7015 4.1917 6.2147
-0.6957 4.3923 6.2147
-0.7362 4.9263 6.2147
-0.6968 4.9583 6.2147
-0.7710 5.8565 6.2147
-0.7198 5.8620 6.2147
-3.2599 3.0137 6.2147
-3.1902 3.0568 6.2147
-3.2618 3.3116 6.2147
-3.2524 3.5361 6.2147
-3.2439 3.7666 6.2147
-2.9418 3.7592 6.2147
-2.6485 3.6710 6.2147
-2.3512 3.5745 6.2147
-2.0871 3.4914 6.2147
-1.9682 3.4899 6.2147
-1.8804 3.5054 6.2147
-1.8207 3.5372 6.2147
-1.7306 3.5489 6.2147
-0.7232 2.9634 6.2147
-0.6605 2.9788 6.2147
-0.8499 3.1634 6.2147
-1.3924 3.5961 6.2147
-0.5244 3.0560 6.2147
-0.7842 3.2984 6.2147
-0.7835 3.3592 6.2147
-0.7822 3.4202 6.2147
-0.7817 3.4827 6.2147
-0.7813 3.5460 6.2147
-0.7809 3.6102 6.2147
-0.7813 3.6759 6.2147
-3.2096 5.8112 6.2147
-3.2330 3.0680 6.6586
-3.2039 3.0940 6.6586
-3.1733 3.1183 6.6586
-3.1608 3.1608 6.6586
-3.1541 3.2096 6.6586
-3.1461 3.2579 6.6586
-3.1905 3.3621 6.6586
-3.1945 3.4257 6.6586
-3.1895 3.4807 6.6586
-3.1904 3.5433 6.6586
-3.1945 3.6107 6.6586
-3.1911 3.6709 6.6586
-3.1881 3.7328 6.6586
-3.1844 3.7950 6.6586
-3.1842 3.8628 6.6586
-3.1913 3.9409 6.6586
-3.1835 4.0023 6.6586
-3.1725 4.0606 6.6586
-3.1114 4.0548 6.6586
-3.0380 4.0315 6.6586
-2.9682 4.0112 6.6586
-2.9001 3.9917 6.6586
-2.8332 3.9721 6.6586
-2.7750 3.9631 6.6586
-2.7040 3.9344 6.6586
-2.6444 3.9205 6.6586
-2.5836 3.9034 6.6586
-2.5146 3.8721 6.6586
-2.4592 3.8602 6.6586
-2.3910 3.8264 6.6586
-2.3403 3.8190 6.6586
-2.2816 3.7973 6.6586
-2.2245 3.7765 6.6586
-2.1710 3.7603 6.6586
-2.1199 3.7469 6.6586
-2.0667 3.7285 6.6586
-2.0179 3.7165 6.6586
-1.9647 3.6951 6.6586
-1.9250 3.6979 6.6586
-1.8782 3.6861 6.6586
-1.8352 3.6809 6.6586
-1.8021 3.6949 6.6586
-1.7737 3.7187 6.6586
-1.7374 3.7258 6.6586
-1.6961 3.7217 6.6586
-1.6607 3.7300 6.6586
-1.6317 3.7526 6.6586
-1.5961 3.7603 6.6586
-1.5591 3.7639 6.6586
-1.5205 3.7634 6.6586
-1.4917 3.7868 6.6586
-1.4550 3.7903 6.6586
-1.4204 3.7991 6.6586
-1.3869 3.8105 6.6586
-1.3546 3.8252 6.6586
-1.3179 3.8275 6.6586
-1.2810 3.8284 6.6586
-1.2481 3.8413 6.6586
-1.2094 3.8358 6.6586
-1.1771 3.8501 6.6586
-1.1412 3.8525 6.6586
-1.1086 3.8662 6.6586
-1.0719 3.8651 6.6586
-1.0358 3.8656 6.6586
-0.7917 3.0613 6.6586
-0.7601 3.0487 6.6586
-0.7309 3.0445 6.6586
-0.6962 3.0157 6.6586
-0.6619 2.9855 6.6586
-0.6304 2.9657 6.6586
-0.6039 2.9682 6.6586
-0.5789 2.9783 6.6586
-0.5649 3.0481 6.6586
-0.7067 4.0082 6.6586
-0.7052 4.2144 6.6586
-0.6952 4.3893 6.6586
-0.7535 5.0420 6.6586
-0.7102 5.0533 6.6586
-0.6964 5.2894 6.6586
-0.7121 5.7994 6.6586
-3.2580 3.0129 6.6586
-3.1874 3.0556 6.6586
-3.2500 3.3061 6.6586
-3.2434 3.5317 6.6586
-3.2368 3.7628 6.6586
-3.2680 3.9400 6.6586
-2.8474 3.8610 6.6586
-2.6067 3.7974 6.6586
-2.3367 3.7114 6.6586
-2.0645 3.6183 6.6586
-1.9140 3.5955 6.6586
-1.8529 3.6268 6.6586
-0.6913 2.9427 6.6586
-0.5913 2.9330 6.6586
-0.8507 3.1639 6.6586
-1.5514 3.7054 6.6586
-1.4886 3.7311 6.6586
-0.7850 3.2990 6.6586
-0.7835 3.3592 6.6586
-0.7822 3.4202 6.6586
-0.7817 3.4827 6.6586
-0.7813 3.5460 6.6586
-0.7817 3.6109 6.6586
-0.7813 3.6759 6.6586
-0.7817 3.7426 6.6586
-0.7828 3.8107 6.6586
-3.2323 3.0673 7.1025
-3.1989 3.0891 7.1025
-3.1697 3.1148 7.1025
-3.1424 3.1424 7.1025
-3.1527 3.2082 7.1025
-3.1454 3.2572 7.1025
-3.1141 3.2816 7.1025
-3.1924 3.4235 7.1025
-3.1915 3.4829 7.1025
-3.1904 3.5433 7.1025
-3.1918 3.6077 7.1025
-3.1924 3.6724 7.1025
-3.1914 3.7366 7.1025
-3.1760 3.7850 7.1025
-3.1518 3.8234 7.1025
-3.1397 3.8772 7.1025
-3.1107 3.9107 7.1025
-3.0685 3.9274 7.1025
-2.9823 3.8866 7.1025
-2.9405 3.9021 7.1025
-2.8486 3.8497 7.1025
-2.8314 3.8970 7.1025
-2.8164 3.9485 7.1025
-2.7721 3.9590 7.1025
-2.7125 3.9467 7.1025
-2.6707 3.9595 7.1025
-2.6173 3.9543 7.1025
-2.5658 3.9510 7.1025
-2.5130 3.9445 7.1025
-2.4641 3.9434 7.1025
-2.4035 3.9221 7.1025
-2.3475 3.9070 7.1025
-2.3032 3.9101 7.1025
-2.2475 3.8928 7.1025
-2.1967 3.8827 7.1025
-2.1482 3.8754 7.1025
-2.1014 3.8703 7.1025
-2.0619 3.8779 7.1025
-2.0132 3.8674 7.1025
-1.9671 3.8607 7.1025
-1.9222 3.8554 7.1025
-1.8850 3.8648 7.1025
-1.8409 3.8595 7.1025
-1.7978 3.8554 7.1025
-1.7558 3.8528 7.1025
-1.7181 3.8588 7.1025
-1.6751 3.8526 7.1025
-1.6395 3.8624 7.1025
-1.6054 3.8757 7.1025
-1.5659 3.8756 7.1025
-1.5283 3.8798 7.1025
-1.4912 3.8846 7.1025
-1.4527 3.8853 7.1025
-1.4149 3.8875 7.1025
-1.3723 3.8752 7.1025
-1.3365 3.8814 7.1025
-1.2971 3.8767 7.1025
-1.2589 3.8746 7.1025
-1.2179 3.8626 7.1025
-1.1788 3.8558 7.1025
-1.1398 3.8477 7.1025
-1.0924 3.8095 7.1025
-0.8581 3.0942 7.1025
-0.8272 3.0871 7.1025
-0.7915 3.0603 7.1025
-0.7596 3.0467 7.1025
-0.7300 3.0406 7.1025
-0.6875 2.9777 7.1025
-0.6580 2.9679 7.1025
-0.6316 2.9716 7.1025
-0.6065 2.9809 7.1025
-0.5820 2.9940 7.1025
-0.5620 3.0324 7.1025
-0.9068 5.1427 7.1025
-0.8582 5.1287 7.1025
-0.8147 5.1439 7.1025
-0.7720 5.1656 7.1025
-0.7265 5.1692 7.1025
-0.6866 5.2150 7.1025
-0.6812 5.5483 7.1025
-3.2580 3.0129 7.1025
-3.1893 3.0564 7.1025
-3.2704 3.2404 7.1025
-3.2659 3.4658 7.1025
-3.2570 3.6945 7.1025
-3.2654 3.9386 7.1025
-2.9617 4.0065 7.1025
-2.6813 3.9184 7.1025
-2.4670 3.8649 7.1025
-2.2252 3.7900 7.1025
-2.0427 3.7477 7.1025
-0.6964 2.9460 7.1025
-0.6288 2.9578 7.1025
-0.8532 3.1656 7.1025
-1.7097 3.8142 7.1025
-0.8161 3.2602 7.1025
-1.5250 3.8268 7.1025
-0.7835 3.3592 7.1025
-0.7830 3.4208 7.1025
-0.7817 3.4827 7.1025
-0.7821 3.5466 7.1025
-0.7817 3.6109 7.1025
-0.7813 3.6759 7.1025
-0.7817 3.7426 7.1025
-0.7828 3.8107 7.1025
-0.7838 3.8799 7.1025
-0.7840 3.9493 7.1025
-2.9848 3.2573 7.5464
-2.9800 3.5514 7.5464
-2.9705 3.6035 7.5464
-2.9657 3.9357 7.5464
-2.9084 4.0030 7.5464
-2.8862 4.1220 7.5464
-2.8337 4.1231 7.5464
-2.7764 4.1162 7.5464
-2.7282 4.1219 7.5464
-2.6785 4.1246 7.5464
-2.6269 4.1233 7.5464
-2.5733 4.1181 7.5464
-2.5242 4.1191 7.5464
-2.4866 4.1384 7.5464
-2.4189 4.1065 7.5464
-2.3725 4.1093 7.5464
-2.3242 4.1081 7.5464
-2.2844 4.1212 7.5464
-2.2321 4.1111 7.5464
-2.1863 4.1119 7.5464
-2.1416 4.1140 7.5464
-2.0938 4.1093 7.5464
-2.0503 4.1122 7.5464
-2.0003 4.1012 7.5464
-1.9554 4.0995 7.5464
-1.9157 4.1083 7.5464
-1.8703 4.1039 7.5464
-1.8250 4.0991 7.5464
-1.7804 4.0947 7.5464
-1.7462 4.1137 7.5464
-1.7003 4.1048 7.5464
-1.6561 4.0991 7.5464
-1.6152 4.1004 7.5464
-1.5768 4.1078 7.5464
-1.5374 4.1120 7.5464
-1.4922 4.0999 7.5464
-1.4497 4.0939 7.5464
-1.4104 4.0960 7.5464
-1.1731 3.5060 7.5464
-1.0371 3.1917 7.5464
-1.0395 3.2970 7.5464
-0.9879 3.2314 7.5464
-1.2054 4.0692 7.5464
-1.1706 4.0825 7.5464
-0.9789 3.5298 7.5464
-0.7783 2.9045 7.5464
-1.0486 4.0546 7.5464
-0.9740 3.9064 7.5464
-1.2384 5.1584 7.5464
-1.1940 5.1720 7.5464
-1.1443 5.1617 7.5464
-1.0971 5.1617 7.5464
-1.0495 5.1583 7.5464
-1.0052 5.1712 7.5464
-0.9575 5.1660 7.5464
-0.9101 5.1614 7.5464
-0.8652 5.1701 7.5464
-0.8224 5.1923 7.5464
-0.7825 5.2358 7.5464
-0.7261 5.1662 7.5464
-0.6890 5.2338 7.5464
-0.6903 5.6218 7.5464
-3.0153 3.1967 7.5464
-2.9673 3.2469 7.5464
-2.9216 3.2979 7.5464
-2.1886 3.0717 7.5464
-2.1331 3.1094 7.5464
-1.8196 3.0729 7.5464
-1.9054 3.1847 7.5464
-2.9888 3.8636 7.5464
-1.7883 3.2495 7.5464
-1.7286 3.4124 7.5464
-2.9384 4.2356 7.5464
-1.0167 3.1540 7.5464
-2.1198 3.9447 7.5464
-1.4542 3.5710 7.5464
-1.9025 3.9467 7.5464
-1.0101 3.5238 7.5464
-3.0362 5.0881 7.5464
-2.9516 5.1178 7.5464
-2.8178 5.1087 7.5464
-1.1773 3.9199 7.5464
-1.0114 3.8590 7.5464
-2.4036 5.0560 7.5464
-2.3029 5.0638 7.5464
-3.1546 5.2501 7.9903
-3.1721 5.3852 7.9903
-3.1730 5.4958 7.9903
-3.1599 5.5851 7.9903
-3.1716 5.7218 7.9903
-3.1483 5.7984 7.9903
-1.7405 3.8191 7.9903
-1.6737 3.7592 7.9903
-1.6524 3.8003 7.9903
-2.2741 5.3573 7.9903
-2.3937 5.7789 7.9903
-2.3731 5.8737 7.9903
-1.4777 3.7514 7.9903
-1.4399 3.7511 7.9903
-1.4026 3.7514 7.9903
-1.3684 3.7597 7.9903
-1.3302 3.7564 7.9903
-1.2938 3.7575 7.9903
-1.2607 3.7677 7.9903
-1.2370 3.8071 7.9903
-1.2139 3.8502 7.9903
-1.1689 3.8233 7.9903
-1.1420 3.8554 7.9903
-1.1020 3.8431 7.9903
-1.0957 3.9509 7.9903
-1.1303 4.2182 7.9903
-1.0779 4.1679 7.9903
-1.0635 4.2654 7.9903
-1.2384 5.1584 7.9903
-1.1929 5.1671 7.9903
-1.1450 5.1646 7.9903
-1.0988 5.1695 7.9903
-1.0507 5.1642 7.9903
-1.0048 5.1692 7.9903
-0.9593 5.1759 7.9903
-0.9144 5.1860 7.9903
-0.8686 5.1908 7.9903
-0.8224 5.1923 7.9903
-0.7846 5.2497 7.9903
-0.7293 5.1890 7.9903
-0.6868 5.2170 7.9903
-0.6945 5.6565 7.9903
-2.9533 2.8836 7.9903
-2.9802 2.9655 7.9903
-3.0682 3.0757 7.9903
-3.0501 3.4353 7.9903
-2.9940 3.4821 7.9903
-3.0523 3.6647 7.9903
-3.0651 3.8276 7.9903
-1.0541 3.0582 7.9903
-1.0517 3.1163 7.9903
-2.4039 4.0548 7.9903
-1.0482 3.2355 7.9903
-2.1589 4.0463 7.9903
-2.0360 4.0385 7.9903
-1.9440 4.0500 7.9903
-1.8507 4.0591 7.9903
-1.0101 3.5238 7.9903
-1.6294 4.0472 7.9903
-1.5029 4.0261 7.9903
-1.4064 4.0257 7.9903
-1.2773 3.9981 7.9903
-1.0114 3.8590 7.9903
-1.0459 3.9565 7.9903
-1.0490 4.0302 7.9903
-3.1531 5.2476 8.4342
-3.1747 5.3895 8.4342
-3.0480 5.2793 8.4342
-2.9314 5.1812 8.4342
-2.8764 5.1891 8.4342
-2.8143 5.1833 8.4342
-2.7539 5.1794 8.4342
-2.6966 5.1801 8.4342
-2.6400 5.1812 8.4342
-2.5799 5.1745 8.4342
-2.4992 5.1240 8.4342
-2.4621 5.1619 8.4342
-2.4089 5.1660 8.4342
-2.3314 5.1158 8.4342
-2.2981 5.1615 8.4342
-2.2470 5.1676 8.4342
-2.1943 5.1696 8.4342
-2.1384 5.1626 8.4342
-2.0862 5.1635 8.4342
-2.0290 5.1508 8.4342
-1.9800 5.1580 8.4342
-1.9275 5.1554 8.4342
-1.8739 5.1486 8.4342
-1.8256 5.1553 8.4342
-1.7770 5.1606 8.4342
-1.7157 5.1276 8.4342
-1.6811 5.1737 8.4342
-1.6109 5.1091 8.4342
-1.5735 5.1468 8.4342
-1.5243 5.1460 8.4342
-1.4788 5.1572 8.4342
-1.4599 5.2643 8.4342
-1.3834 5.1629 8.4342
-1.3355 5.1641 8.4342
-1.2851 5.1542 8.4342
-1.2366 5.1506 8.4342
-1.1900 5.1544 8.4342
-1.1426 5.1539 8.4342
-1.0969 5.1607 8.4342
-1.0471 5.1466 8.4342
-1.0017 5.1535 8.4342
-0.9564 5.1601 8.4342
-0.9082 5.1505 8.4342
-0.8612 5.1464 8.4342
-0.8169 5.1577 8.4342
-0.7745 5.1824 8.4342
-0.7301 5.1949 8.4342
-0.6884 5.2289 8.4342
-0.6967 5.6744 8.4342
-2.8228 4.2447 8.4342
-3.1680 5.1857 8.4342
-2.9899 5.1467 8.4342
-2.8543 5.1367 8.4342
-2.7210 5.1260 8.4342
-2.5844 5.1102 8.4342
-2.5132 5.1447 8.4342
-2.2990 5.0606 8.4342
-2.1964 5.0652 8.4342
-1.9751 5.2359 8.4342
-1.5874 5.0611 8.4342
-1.4748 5.0436 8.4342
-1.4083 5.0682 8.4342
-1.5814 5.3276 8.4342
-1.2809 5.1209 8.4342
-1.1820 5.1104 8.4342
-1.1067 5.1224 8.4342
-1.0074 5.1081 8.4342
-0.9333 5.1187 8.4342
-0.8621 5.1315 8.4342
-0.7652 5.2052 8.4342
-0.5226 5.4845 8.4342
-2.8572 3.9326 8.8781
-2.7804 3.8980 8.8781
-2.3000 3.2848 8.8781
-2.2634 3.2932 8.8781
-2.2239 3.2971 8.8781
-2.1796 3.2930 8.8781
-2.1295 3.2792 8.8781
-2.1019 3.2993 8.8781
-2.1011 3.3625 8.8781
-2.0999 3.4268 8.8781
-2.0947 3.4861 8.8781
-2.0941 3.5551 8.8781
-2.0915 3.6226 8.8781
-1.9461 3.4396 8.8781
-1.8151 3.2746 8.8781
-1.7808 3.2797 8.8781
-1.7502 3.2916 8.8781
-1.7062 3.2775 8.8781
-1.6657 3.2691 8.8781
-1.6349 3.2790 8.8781
-1.6250 3.3318 8.8781
-1.6204 3.3973 8.8781
-1.6178 3.4693 8.8781
-1.6111 3.5352 8.8781
-1.6245 3.6487 8.8781
-1.2114 2.7860 8.8781
-1.1077 2.6096 8.8781
-1.0730 2.5906 8.8781
-1.0440 2.5841 8.8781
-1.0137 2.5735 8.8781
-0.9855 2.5673 8.8781
-0.9627 2.5749 8.8781
-0.9436 2.5926 8.8781
-0.9390 2.6517 8.8781
-0.9363 2.7193 8.8781
-0.9392 2.8070 8.8781
-0.9471 2.9150 8.8781
-0.9493 3.0109 8.8781
-0.9508 3.1099 8.8781
-0.9270 3.1296 8.8781
-0.9091 3.1702 8.8781
-0.9335 3.3660 8.8781
-0.9276 3.4619 8.8781
-0.9234 3.5705 8.8781
-1.2026 4.8233 8.8781
-1.0671 4.4447 8.8781
-0.9189 3.9803 8.8781
-0.8714 3.9306 8.8781
-0.9655 4.5425 8.8781
-0.9506 4.6723 8.8781
-0.9975 5.1319 8.8781
-0.9527 5.1405 8.8781
-0.9082 5.1505 8.8781
-0.8622 5.1524 8.8781
-0.8152 5.1468 8.8781
-0.7747 5.1834 8.8781
-0.7277 5.1781 8.8781
-0.6904 5.2438 8.8781
-0.7127 5.8044 8.8781
-2.2255 3.4317 8.8781
-1.8463 3.2830 8.8781
-1.6977 3.2619 8.8781
-1.8473 3.4173 8.8781
-1.8804 3.5054 8.8781
-1.8520 3.6262 8.8781
-1.8898 3.7210 8.8781
-1.0474 3.2349 8.8781
-1.0463 3.2959 8.8781
-1.0734 3.3769 8.8781
-1.0741 3.4409 8.8781
-1.0740 3.5051 8.8781
-1.1063 3.5937 8.8781
-1.1069 3.6605 8.8781
-1.1075 3.7282 8.8781
-1.1089 3.7975 8.8781
-1.1103 3.8676 8.8781
-1.1108 3.9380 8.8781
-1.1151 4.0125 8.8781
-1.1138 4.0836 8.8781
-2.2416 5.1031 8.8781
-2.1383 5.1060 8.8781
-2.0392 5.1107 8.8781
-1.9359 5.1101 8.8781
-1.8629 5.1349 8.8781
-1.2809 5.1209 8.8781
-2.9531 2.6127 9.3220
-2.8715 2.5855 9.3220
-2.8304 2.5936 9.3220
-2.7857 2.5977 9.3220
-2.7376 2.5979 9.3220
-2.6839 2.5918 9.3220
-2.6155 2.5702 9.3220
-2.5774 2.5774 9.3220
-2.5303 2.5748 9.3220
-2.4799 2.5680 9.3220
-2.4437 2.5751 9.3220
-2.3965 2.5700 9.3220
-2.3497 2.5643 9.3220
-2.3045 2.5594 9.3220
-2.2648 2.5599 9.3220
-2.2260 2.5607 9.3220
-2.1867 2.5603 9.3220
-2.1379 2.5479 9.3220
-2.1054 2.5541 9.3220
-2.0673 2.5529 9.3220
-2.0294 2.5513 9.3220
-1.9917 2.5492 9.3220
-1.9541 2.5467 9.3220
-1.9246 2.5540 9.3220
-1.8909 2.5555 9.3220
-1.8527 2.5500 9.3220
-1.8135 2.5425 9.3220
-1.7838 2.5476 9.3220
-1.7547 2.5531 9.3220
-1.7184 2.5476 9.3220
-1.6856 2.5467 9.3220
-1.6535 2.5462 9.3220
-1.6280 2.5555 9.3220
-1.5956 2.5535 9.3220
-1.5576 2.5417 9.3220
-1.5302 2.5466 9.3220
-1.5018 2.5496 9.3220
-1.4730 2.5513 9.3220
-1.4413 2.5475 9.3220
-1.4161 2.5548 9.3220
-1.3857 2.5521 9.3220
-1.3582 2.5544 9.3220
-1.3294 2.5537 9.3220
-1.3039 2.5590 9.3220
-1.2766 2.5604 9.3220
-1.2432 2.5490 9.3220
-1.2140 2.5453 9.3220
-1.1952 2.5630 9.3220
-1.1898 2.6107 9.3220
-1.1315 2.5415 9.3220
-1.1037 2.5384 9.3220
-1.0796 2.5434 9.3220
-1.0562 2.5499 9.3220
-1.0302 2.5498 9.3220
-1.0031 2.5466 9.3220
-0.9798 2.5524 9.3220
-0.9543 2.5524 9.3220
-0.9296 2.5541 9.3220
-0.9036 2.5517 9.3220
-0.8901 2.5850 9.3220
-0.8885 2.6553 9.3220
-0.8810 2.7115 9.3220
-0.8717 2.7648 9.3220
-0.8651 2.8297 9.3220
-0.8765 2.9589 9.3220
-0.8688 3.0299 9.3220
-0.8859 3.1944 9.3220
-0.8808 3.2870 9.3220
-0.8698 3.3633 9.3220
-0.8598 3.4484 9.3220
-0.8542 3.5579 9.3220
-0.8472 3.6695 9.3220
-0.8424 3.7997 9.3220
-0.8310 3.9097 9.3220
-0.8296 4.0775 9.3220
-0.8247 4.2426 9.3220
-0.8241 4.4463 9.3220
-0.8332 4.7251 9.3220
-0.7965 4.7598 9.3220
-0.7546 4.7646 9.3220
-0.7223 4.8333 9.3220
-0.7177 5.1068 9.3220
-0.7590 5.7653 9.3220
-2.8647 2.5068 9.3220
-2.6577 2.4942 9.3220
-2.4906 2.4937 9.3220
-2.3165 2.4874 9.3220
-2.1366 2.4756 9.3220
-2.0006 2.4792 9.3220
-1.8348 2.4675 9.3220
-1.6906 2.4624 9.3220
-1.6016 2.4799 9.3220
-1.4827 2.4820 9.3220
-1.3833 2.4914 9.3220
-1.2912 2.5027 9.3220
-1.1278 2.4768 9.3220
-1.0267 2.4797 9.3220
-3.1328 3.6298 9.3220
-0.9332 2.5380 9.3220
-3.1440 3.7920 9.3220
-3.1315 4.0250 9.3220
-3.1276 4.3538 9.3220
-3.1057 4.6849 9.3220
-3.1840 4.8275 9.3220
-3.1089 4.8656 9.3220
-3.2477 5.0556 9.3220
-3.2121 5.6095 9.3220
-2.8820 2.6409 9.7659
-2.8201 2.6298 9.7659
-2.7804 2.6385 9.7659
-2.7335 2.6397 9.7659
-2.6925 2.6459 9.7659
-2.6234 2.6234 9.7659
-2.5737 2.6191 9.7659
-2.5272 2.6170 9.7659
-2.4863 2.6201 9.7659
-2.4491 2.6263 9.7659
-2.3828 2.6004 9.7659
-2.3393 2.5980 9.7659
-2.2913 2.5899 9.7659
-2.2431 2.5804 9.7659
-2.2075 2.5846 9.7659
-2.1668 2.5823 9.7659
-2.1372 2.5927 9.7659
-2.0912 2.5825 9.7659
-2.0493 2.5763 9.7659
-2.0120 2.5752 9.7659
-1.9821 2.5832 9.7659
-1.9433 2.5788 9.7659
-1.9076 2.5780 9.7659
-1.8715 2.5759 9.7659
-1.8333 2.5702 9.7659
-1.7919 2.5590 9.7659
-1.7615 2.5630 9.7659
-1.7234 2.5551 9.7659
-1.7082 2.5809 9.7659
-1.6764 2.5814 9.7659
-1.6452 2.5825 9.7659
-1.6184 2.5899 9.7659
-1.5999 2.6108 9.7659
-1.5606 2.5972 9.7659
-1.5277 2.5935 9.7659
-1.4985 2.5955 9.7659
-1.4694 2.5971 9.7659
-1.4404 2.5985 9.7659
-1.4129 2.6022 9.7659
-1.3854 2.6056 9.7659
-1.3626 2.6176 9.7659
-1.3302 2.6106 9.7659
-1.3025 2.6123 9.7659
-1.2748 2.6137 9.7659
-1.2450 2.6103 9.7659
-1.2095 2.5939 9.7659
-1.1844 2.5988 9.7659
-1.1625 2.6109 9.7659
-1.1344 2.6090 9.7659
-1.1128 2.6216 9.7659
-1.0891 2.6294 9.7659
-1.0688 2.6453 9.7659
-1.0489 2.6629 9.7659
-1.0296 2.6822 9.7659
-1.0149 2.7145 9.7659
-0.9963 2.7373 9.7659
-0.9831 2.7761 9.7659
-0.9660 2.8054 9.7659
-0.9446 2.8232 9.7659
-0.9215 2.8361 9.7659
-0.9117 2.8917 9.7659
-0.8999 2.9435 9.7659
-0.8873 2.9954 9.7659
-0.8790 3.0655 9.7659
-0.8912 3.2137 9.7659
-0.8927 3.3315 9.7659
-0.8851 3.4224 9.7659
-0.8794 3.5270 9.7659
-0.8750 3.6444 9.7659
-0.8670 3.7552 9.7659
-0.8601 3.8798 9.7659
-0.8456 3.9781 9.7659
-0.8302 4.0804 9.7659
-0.8241 4.2396 9.7659
-0.8244 4.4482 9.7659
-0.8339 4.7290 9.7659
-0.7967 4.7608 9.7659
-0.7546 4.7646 9.7659
-0.7184 4.8066 9.7659
-0.7517 5.3484 9.7659
-0.7127 5.4133 9.7659
-0.7084 5.7697 9.7659
-2.8192 2.5562 9.7659
-2.5845 2.5307 9.7659
-2.4139 2.5267 9.7659
-2.2622 2.5276 9.7659
-2.1046 2.5233 9.7659
-1.9421 2.5141 9.7659
-1.8304 2.5246 9.7659
-1.6862 2.5184 9.7659
-1.5661 2.5209 9.7659
-1.4419 2.5194 9.7659
-1.3820 2.5469 9.7659
-1.2191 2.5224 9.7659
-1.1532 2.5442 9.7659
-3.1176 3.6994 9.7659
-3.1063 3.9300 9.7659
-3.1280 4.0230 9.7659
-3.1079 4.4263 9.7659
-3.1007 4.6816 9.7659
-3.1989 4.8377 9.7659
-3.1804 5.4849 9.7659
-3.2230 5.6182 9.7659
-2.8826 2.7355 10.2098
-2.8126 2.7161 10.2098
-2.7674 2.7195 10.2098
-2.7252 2.7252 10.2098
-2.6817 2.7289 10.2098
-2.6230 2.7162 10.2098
-2.5579 2.6955 10.2098
-2.5138 2.6958 10.2098
-2.4727 2.6984 10.2098
-2.4216 2.6894 10.2098
-2.3589 2.6663 10.2098
-2.2949 2.6400 10.2098
-2.2497 2.6340 10.2098
-2.2189 2.6444 10.2098
-2.1754 2.6390 10.2098
-2.1378 2.6400 10.2098
-2.0979 2.6374 10.2098
-2.0600 2.6367 10.2098
-2.0235 2.6371 10.2098
-1.9842 2.6331 10.2098
-1.9510 2.6367 10.2098
-1.9174 2.6390 10.2098
-1.8739 2.6272 10.2098
-1.8418 2.6303 10.2098
-1.8091 2.6323 10.2098
-1.7648 2.6164 10.2098
-1.7386 2.6267 10.2098
-1.7047 2.6250 10.2098
-1.6710 2.6229 10.2098
-1.6486 2.6383 10.2098
-1.6380 2.6730 10.2098
-1.6116 2.6821 10.2098
-1.5820 2.6857 10.2098
-1.5475 2.6803 10.2098
-1.5152 2.6781 10.2098
-1.4874 2.6833 10.2098
-1.4577 2.6848 10.2098
-1.4286 2.6868 10.2098
-1.4009 2.6912 10.2098
-1.3760 2.7006 10.2098
-1.3466 2.7009 10.2098
-1.3138 2.6937 10.2098
-1.2834 2.6906 10.2098
-1.2518 2.6845 10.2098
-1.2267 2.6917 10.2098
-1.2011 2.6977 10.2098
-1.1731 2.6980 10.2098
-1.1499 2.7090 10.2098
-1.1301 2.7282 10.2098
-1.1077 2.7417 10.2098
-1.0856 2.7559 10.2098
-1.0654 2.7755 10.2098
-1.0447 2.7941 10.2098
-1.0278 2.8238 10.2098
-1.0101 2.8524 10.2098
-0.9874 2.8678 10.2098
-0.9684 2.8943 10.2098
-0.9474 2.9159 10.2098
-0.9322 2.9565 10.2098
-0.9210 3.0124 10.2098
-0.9088 3.0682 10.2098
-0.9085 3.1683 10.2098
-0.8977 3.2368 10.2098
-0.9351 3.4899 10.2098
-0.9474 3.6635 10.2098
-0.9609 3.8540 10.2098
-0.9228 3.8438 10.2098
-0.9099 3.9413 10.2098
-0.8876 4.0038 10.2098
-0.8620 4.0554 10.2098
-0.8365 4.1118 10.2098
-0.8298 4.2691 10.2098
-0.8323 4.4905 10.2098
-0.8457 4.7960 10.2098
-0.8125 4.8555 10.2098
-0.7733 4.8821 10.2098
-0.7398 4.9500 10.2098
-0.7130 5.0731 10.2098
-0.7785 5.9130 10.2098
-2.7967 2.6143 10.2098
-2.6067 2.6046 10.2098
-2.2862 2.5376 10.2098
-2.1829 2.5566 10.2098
-2.0209 2.5484 10.2098
-1.8843 2.5486 10.2098
-1.7699 2.5566 10.2098
-1.6785 2.5733 10.2098
-1.5042 2.5491 10.2098
-1.5321 2.6201 10.2098
-1.4007 2.6129 10.2098
-1.2762 2.6068 10.2098
-1.2177 2.6329 10.2098
-1.1513 2.6539 10.2098
-3.0763 3.7552 10.2098
-3.0631 3.9855 10.2098
-3.1003 4.4214 10.2098
-3.1008 4.7703 10.2098
-3.1072 4.8645 10.2098
-3.1409 5.7546 10.2098
-2.7734 2.9225 10.6537
-2.7021 2.8976 10.6537
-2.6611 2.9041 10.6537
-2.6163 2.9057 10.6537
-2.5690 2.9037 10.6537
-2.5140 2.8920 10.6537
-2.4679 2.8895 10.6537
-2.4207 2.8849 10.6537
-2.3808 2.8882 10.6537
-2.3329 2.8809 10.6537
-2.2933 2.8831 10.6537
-2.2441 2.8723 10.6537
-2.2135 2.8846 10.6537
-2.1732 2.8839 10.6537
-2.1259 2.8730 10.6537
-2.0949 2.8833 10.6537
-2.0145 2.8242 10.6537
-1.9748 2.8203 10.6537
-1.9694 2.8655 10.6537
-1.9443 2.8826 10.6537
-1.9053 2.8786 10.6537
-1.8719 2.8825 10.6537
-1.8365 2.8827 10.6537
-1.8028 2.8851 10.6537
-1.7713 2.8905 10.6537
-1.7321 2.8827 10.6537
-1.6957 2.8787 10.6537
-1.6635 2.8813 10.6537
-1.6329 2.8861 10.6537
-1.6013 2.8889 10.6537
-1.5694 2.8904 10.6537
-1.5385 2.8934 10.6537
-1.5071 2.8952 10.6537
-1.4750 2.8949 10.6537
-1.4443 2.8969 10.6537
-1.4098 2.8905 10.6537
-1.3815 2.8964 10.6537
-1.3494 2.8938 10.6537
-1.3225 2.9019 10.6537
-1.2930 2.9042 10.6537
-1.2672 2.9144 10.6537
-1.2417 2.9254 10.6537
-1.2150 2.9333 10.6537
-1.1901 2.9457 10.6537
-1.1688 2.9671 10.6537
-1.1468 2.9875 10.6537
-1.1235 3.0048 10.6537
-1.1023 3.0286 10.6537
-1.0842 3.0617 10.6537
-1.0604 3.0796 10.6537
-1.0370 3.0991 10.6537
-1.0222 3.1461 10.6537
-0.9977 3.1644 10.6537
-0.9663 3.1606 10.6537
-0.9392 3.1708 10.6537
-0.9328 3.2529 10.6537
-0.9343 3.3689 10.6537
-0.9305 3.4725 10.6537
-0.9149 3.5376 10.6537
-0.9016 3.6163 10.6537
-0.8927 3.7183 10.6537
-0.8949 3.8760 10.6537
-0.8785 3.9628 10.6537
-0.8718 4.1014 10.6537
-0.8641 4.2470 10.6537
-0.8605 4.4271 10.6537
-0.8609 4.6449 10.6537
-0.8642 4.9014 10.6537
-0.8254 4.9324 10.6537
-0.7858 4.9612 10.6537
-0.7815 5.2289 10.6537
-0.7997 5.6901 10.6537
-0.7499 5.6959 10.6537
-2.8249 2.7607 10.6537
-2.6551 2.7570 10.6537
-2.4556 2.7374 10.6537
-2.3009 2.7341 10.6537
-2.1958 2.7507 10.6537
-2.0057 2.7259 10.6537
-1.8941 2.7350 10.6537
-1.7784 2.7403 10.6537
-1.6612 2.7428 10.6537
-1.5408 2.7416 10.6537
-1.4173 2.7368 10.6537
-1.3588 2.7642 10.6537
-1.2624 2.7704 10.6537
-1.1628 2.8305 10.6537
-0.5845 3.3951 10.6537
-3.0639 4.9999 11.0976
-2.9002 4.8267 11.0976
-2.3800 4.1223 11.0976
-2.3242 4.1081 11.0976
-2.2810 4.1151 11.0976
-2.2336 4.1137 11.0976
-2.2051 4.1472 11.0976
-2.4593 4.7242 11.0976
-2.1831 4.5770 11.0976
-2.0319 4.3575 11.0976
-2.0830 4.5707 11.0976
-2.1101 4.7395 11.0976
-2.1054 4.8421 11.0976
-1.9388 4.5675 11.0976
-1.7267 4.1685 11.0976
-1.7060 4.2224 11.0976
-1.6800 4.2650 11.0976
-1.7384 4.5288 11.0976
-1.8820 5.0337 11.0976
-1.8548 5.0960 11.0976
-1.8172 5.1317 11.0976
-1.7708 5.1427 11.0976
-1.7585 5.2556 11.0976
-1.7163 5.2822 11.0976
-1.6752 5.3132 11.0976
-1.6268 5.3209 11.0976
-1.5876 5.3598 11.0976
-1.5436 5.3831 11.0976
-1.4912 5.3771 11.0976
-1.4841 5.5386 11.0976
-1.5293 5.9134 11.0976
-2.6830 3.9194 11.0976
-2.4695 3.8665 11.0976
-2.3194 3.8488 11.0976
-2.1692 3.8283 11.0976
-1.1736 3.2559 11.0976
-1.9897 3.8586 11.0976
-1.8994 3.8713 11.0976
-1.8077 3.8816 11.0976
-1.7458 3.9112 11.0976
-1.6545 3.9192 11.0976
-1.5610 3.9241 11.0976
-1.4663 3.9264 11.0976
-1.4022 3.9503 11.0976
-3.0354 5.3716 11.0976
-1.2180 4.1695 11.0976
-1.0913 4.2867 11.0976
-0.9622 4.3239 11.0976
