-3.1931 2.9776 0.0000
-3.1518 2.9909 0.0000
-3.1550 3.0468 0.0000
-3.1062 3.0525 0.0000
-3.0950 3.0950 0.0000
-3.1106 3.1654 0.0000
-3.1232 3.2342 0.0000
-3.1279 3.2961 0.0000
-3.1304 3.3569 0.0000
-3.1273 3.4129 0.0000
-3.1242 3.4697 0.0000
-3.1309 3.5388 0.0000
-3.1294 3.6000 0.0000
-3.1297 3.6644 0.0000
-3.1220 3.7207 0.0000
-3.1200 3.7848 0.0000
-3.1170 3.8492 0.0000
-3.1132 3.9138 0.0000
-3.1159 3.9881 0.0000
-3.1102 4.0532 0.0000
-3.1156 4.1345 0.0000
-3.1133 4.2074 0.0000
-3.1070 4.2765 0.0000
-3.1027 4.3498 0.0000
-3.1036 4.4324 0.0000
-3.0982 4.5080 0.0000
-3.0963 4.5904 0.0000
-3.0980 4.6806 0.0000
-3.0701 4.7276 0.0000
-3.0057 4.7179 0.0000
-2.9511 4.7228 0.0000
-2.8915 4.7185 0.0000
-2.8399 4.7264 0.0000
-2.7803 4.7200 0.0000
-2.7140 4.7008 0.0000
-2.6487 4.6816 0.0000
-2.5942 4.6801 0.0000
-2.5280 4.6560 0.0000
-2.4624 4.6311 0.0000
-2.4076 4.6249 0.0000
-2.3530 4.6181 0.0000
-2.2881 4.5892 0.0000
-2.2322 4.5767 0.0000
-2.1831 4.5770 0.0000
-2.1296 4.5669 0.0000
-2.0668 4.5352 0.0000
-2.0194 4.5358 0.0000
-1.9686 4.5275 0.0000
-1.9251 4.5353 0.0000
-1.8748 4.5261 0.0000
-1.8292 4.5274 0.0000
-1.7827 4.5256 0.0000
-1.7377 4.5269 0.0000
-1.6915 4.5241 0.0000
-1.6451 4.5199 0.0000
-1.6013 4.5219 0.0000
-1.5618 4.5357 0.0000
-1.5132 4.5226 0.0000
-1.4746 4.5384 0.0000
-1.4341 4.5483 0.0000
-1.3946 4.5616 0.0000
-1.3468 4.5467 0.0000
-1.3051 4.5516 0.0000
-1.2624 4.5522 0.0000
-1.2198 4.5524 0.0000
-1.1785 4.5571 0.0000
-0.7538 3.0234 0.0000
-0.6814 2.8383 0.0000
-0.6488 2.8101 0.0000
-0.6227 2.8088 0.0000
-0.5944 2.7965 0.0000
-0.5700 2.8016 0.0000
-0.5486 2.8222 0.0000
-0.5177 2.7934 0.0000
-0.4958 2.8116 0.0000
-0.5125 3.0624 0.0000
-0.6478 4.0900 0.0000
-0.6467 4.3269 0.0000
-0.6433 4.5770 0.0000
-0.6419 4.8759 0.0000
-3.2147 2.9222 0.0000
-3.1568 2.9699 0.0000
-3.2244 3.1453 0.0000
-3.2328 3.2981 0.0000
-3.2148 3.5174 0.0000
-3.2357 3.6834 0.0000
-3.2020 3.9842 0.0000
-3.2145 4.2388 0.0000
-0.6705 2.7640 0.0000
-0.6055 2.7778 0.0000
-0.5296 2.7837 0.0000
-0.7274 2.9661 0.0000
-0.7872 3.0627 0.0000
-0.7529 3.1566 0.0000
-0.7513 3.2149 0.0000
-0.7508 3.2746 0.0000
-0.7487 3.3339 0.0000
-0.7484 3.3952 0.0000
-0.7482 3.4574 0.0000
-0.7480 3.5205 0.0000
-0.7486 3.5850 0.0000
-0.7484 3.6498 0.0000
-0.7490 3.7161 0.0000
-0.7496 3.7834 0.0000
-0.7501 3.8516 0.0000
-0.7521 3.9220 0.0000
-0.7532 3.9928 0.0000
-0.7548 4.0652 0.0000
-0.7578 4.1399 0.0000
-0.7599 4.2150 0.0000
-0.7624 4.2918 0.0000
-0.9402 4.5363 0.0000
-0.7285 4.4118 0.0000
-0.7305 4.4914 0.0000
-3.1909 2.9756 0.4773
-3.1641 3.0026 0.4773
-3.1298 3.0225 0.4773
-3.1091 3.0553 0.4773
-3.1091 3.1091 0.4773
-3.1148 3.1697 0.4773
-3.1739 3.2867 0.4773
-3.1678 3.3382 0.4773
-3.1597 3.3884 0.4773
-3.1678 3.4571 0.4773
-3.1603 3.5099 0.4773
-3.1653 3.5778 0.4773
-3.1681 3.6445 0.4773
-3.1661 3.7070 0.4773
-3.1638 3.7705 0.4773
-3.1549 3.8273 0.4773
-3.1491 3.8888 0.4773
-3.1505 3.9608 0.4773
-3.1553 4.0386 0.4773
-3.1491 4.1040 0.4773
-3.1499 4.1801 0.4773
-3.1526 4.2604 0.4773
-3.1482 4.3331 0.4773
-3.1422 4.4052 0.4773
-3.1484 4.4963 0.4773
-3.1368 4.5640 0.4773
-3.0694 4.5506 0.4773
-2.9827 4.5063 0.4773
-2.9100 4.4810 0.4773
-2.8375 4.4540 0.4773
-2.7598 4.4166 0.4773
-2.6914 4.3919 0.4773
-2.6293 4.3758 0.4773
-2.5539 4.3357 0.4773
-2.4865 4.3067 0.4773
-2.4148 4.2682 0.4773
-2.3518 4.2428 0.4773
-2.2966 4.2297 0.4773
-2.2394 4.2117 0.4773
-2.1905 4.2080 0.4773
-2.1419 4.2038 0.4773
-2.0882 4.1883 0.4773
-2.0432 4.1893 0.4773
-1.9872 4.1663 0.4773
-1.9424 4.1654 0.4773
-1.8935 4.1549 0.4773
-1.8559 4.1685 0.4773
-1.8103 4.1635 0.4773
-1.7677 4.1644 0.4773
-1.7293 4.1750 0.4773
-1.6895 4.1816 0.4773
-1.6441 4.1739 0.4773
-1.6012 4.1712 0.4773
-1.5686 4.1954 0.4773
-1.5319 4.2089 0.4773
-1.4921 4.2136 0.4773
-1.4494 4.2094 0.4773
-1.4126 4.2219 0.4773
-1.3754 4.2332 0.4773
-1.3387 4.2459 0.4773
-1.3022 4.2594 0.4773
-1.2630 4.2639 0.4773
-1.2263 4.2767 0.4773
-1.1897 4.2901 0.4773
-1.1517 4.2984 0.4773
-1.1112 4.2966 0.4773
-0.7396 2.9662 0.4773
-0.6852 2.8539 0.4773
-0.6481 2.8072 0.4773
-0.6214 2.8029 0.4773
-0.5986 2.8161 0.4773
-0.5752 2.8271 0.4773
-0.5470 2.8143 0.4773
-0.5290 2.8544 0.4773
-0.6503 3.6881 0.4773
-0.6528 3.9008 0.4773
-0.6534 4.1256 0.4773
-0.6569 4.3952 0.4773
-0.6551 4.6612 0.4773
-3.1953 2.9141 0.4773
-3.1485 2.9664 0.4773
-3.2299 3.1477 0.4773
-3.2365 3.2998 0.4773
-3.0197 3.4201 0.4773
-3.2086 3.7478 0.4773
-3.2055 3.9862 0.4773
-3.2222 4.2434 0.4773
-0.6679 2.7624 0.4773
-0.5987 2.7736 0.4773
-0.7278 2.9100 0.4773
-0.7886 3.0059 0.4773
-0.7881 3.0633 0.4773
-2.3620 4.1833 0.4773
-2.2033 4.1535 0.4773
-0.7194 3.1925 0.4773
-0.7182 3.2514 0.4773
-0.7180 3.3116 0.4773
-0.7163 3.3715 0.4773
-0.7162 3.4334 0.4773
-0.7162 3.4961 0.4773
-0.7155 3.5591 0.4773
-0.7156 3.6237 0.4773
-0.7156 3.6891 0.4773
-0.7164 3.7560 0.4773
-0.7172 3.8239 0.4773
-0.7179 3.8928 0.4773
-0.7192 3.9633 0.4773
-0.7204 4.0347 0.4773
-0.7222 4.1078 0.4773
-0.7245 4.1826 0.4773
-0.7280 4.2598 0.4773
-0.7270 4.3339 0.4773
-3.1931 2.9776 0.9547
-3.1655 3.0040 0.9547
-3.1320 3.0245 0.9547
-3.1091 3.0553 0.9547
-3.1141 3.1141 0.9547
-3.1092 3.1640 0.9547
-3.1663 3.2788 0.9547
-3.1664 3.3367 0.9547
-3.1638 3.3927 0.9547
-3.1705 3.4600 0.9547
-3.1657 3.5158 0.9547
-3.1640 3.5763 0.9547
-3.1648 3.6407 0.9547
-3.1602 3.7001 0.9547
-3.1664 3.7735 0.9547
-3.1594 3.8327 0.9547
-3.1567 3.8982 0.9547
-3.1456 3.9545 0.9547
-3.1497 4.0315 0.9547
-3.1509 4.1064 0.9547
-3.1559 4.1880 0.9547
-3.1520 4.2596 0.9547
-3.1347 4.3145 0.9547
-3.0440 4.2676 0.9547
-2.9499 4.2129 0.9547
-2.8417 4.1346 0.9547
-2.7708 4.1079 0.9547
-2.6957 4.0727 0.9547
-2.6448 4.0726 0.9547
-2.5758 4.0432 0.9547
-2.5171 4.0282 0.9547
-2.4495 3.9972 0.9547
-2.3826 3.9653 0.9547
-2.3235 3.9445 0.9547
-2.2645 3.9222 0.9547
-2.2154 3.9157 0.9547
-2.1734 3.9209 0.9547
-2.1229 3.9099 0.9547
-2.0816 3.9150 0.9547
-2.0409 3.9206 0.9547
-1.9985 3.9222 0.9547
-1.9454 3.9019 0.9547
-1.9003 3.8963 0.9547
-1.8525 3.8838 0.9547
-1.8122 3.8862 0.9547
-1.7691 3.8819 0.9547
-1.7307 3.8871 0.9547
-1.6851 3.8755 0.9547
-1.6485 3.8836 0.9547
-1.6080 3.8821 0.9547
-1.5745 3.8970 0.9547
-1.5386 3.9059 0.9547
-1.5044 3.9192 0.9547
-1.4677 3.9256 0.9547
-1.4334 3.9383 0.9547
-1.3953 3.9402 0.9547
-1.3609 3.9523 0.9547
-1.3238 3.9564 0.9547
-1.2911 3.9735 0.9547
-1.2530 3.9741 0.9547
-1.2215 3.9954 0.9547
-1.1843 3.9983 0.9547
-1.1524 4.0190 0.9547
-1.1152 4.0212 0.9547
-1.0803 4.0318 0.9547
-1.0461 4.0449 0.9547
-0.7417 2.9749 0.9547
-0.7083 2.9502 0.9547
-0.6535 2.8305 0.9547
-0.6283 2.8342 0.9547
-0.5996 2.8210 0.9547
-0.5768 2.8349 0.9547
-0.5537 2.8487 0.9547
-0.5299 2.8593 0.9547
-0.6517 3.6960 0.9547
-0.6544 3.9106 0.9547
-0.6551 4.1364 0.9547
-0.6572 4.3972 0.9547
-0.6547 4.6582 0.9547
-0.6609 5.0197 0.9547
-3.1963 2.9145 0.9547
-3.1494 2.9668 0.9547
-3.2290 3.1473 0.9547
-3.2355 3.2994 0.9547
-3.2157 3.5178 0.9547
-2.9702 3.6210 0.9547
-3.2038 3.9852 0.9547
-3.2179 4.2408 0.9547
-0.6978 2.7807 0.9547
-0.6385 2.7985 0.9547
-0.6958 2.8896 0.9547
-0.7895 3.0064 0.9547
-0.7897 3.0644 0.9547
-1.8356 3.8282 0.9547
-1.7435 3.8374 0.9547
-0.7202 3.1931 0.9547
-0.7190 3.2519 0.9547
-0.7180 3.3116 0.9547
-0.7171 3.3721 0.9547
-0.7162 3.4334 0.9547
-0.7154 3.4955 0.9547
-0.7155 3.5591 0.9547
-0.7156 3.6237 0.9547
-0.7156 3.6891 0.9547
-0.7164 3.7560 0.9547
-0.7172 3.8239 0.9547
-0.7179 3.8928 0.9547
-0.7184 3.9626 0.9547
-0.7211 4.0354 0.9547
-0.7199 4.1058 0.9547
-3.2048 2.9885 1.4320
-3.1670 3.0054 1.4320
-3.1385 3.0308 1.4320
-3.1162 3.0623 1.4320
-3.1120 3.1120 1.4320
-3.1127 3.1675 1.4320
-3.1697 3.2823 1.4320
-3.1726 3.3433 1.4320
-3.1706 3.4001 1.4320
-3.1672 3.4564 1.4320
-3.1757 3.5270 1.4320
-3.1680 3.5808 1.4320
-3.1707 3.6475 1.4320
-3.1661 3.7070 1.4320
-3.1677 3.7751 1.4320
-3.1651 3.8396 1.4320
-3.1617 3.9044 1.4320
-3.1549 3.9663 1.4320
-3.1516 4.0338 1.4320
-3.1558 4.1127 1.4320
-3.0747 4.0802 1.4320
-2.9551 3.9936 1.4320
-2.8525 3.9262 1.4320
-2.7700 3.8833 1.4320
-2.6993 3.8549 1.4320
-2.6327 3.8305 1.4320
-2.5678 3.8069 1.4320
-2.5069 3.7875 1.4320
-2.4247 3.7338 1.4320
-2.3625 3.7084 1.4320
-2.2866 3.6593 1.4320
-2.2316 3.6416 1.4320
-2.1812 3.6301 1.4320
-2.1398 3.6326 1.4320
-2.0985 3.6347 1.4320
-2.0578 3.6372 1.4320
-2.0091 3.6244 1.4320
-1.9668 3.6225 1.4320
-1.9244 3.6192 1.4320
-1.8913 3.6332 1.4320
-1.8468 3.6246 1.4320
-1.8071 3.6245 1.4320
-1.7697 3.6284 1.4320
-1.7324 3.6320 1.4320
-1.6879 3.6198 1.4320
-1.6501 3.6207 1.4320
-1.6233 3.6460 1.4320
-1.5906 3.6582 1.4320
-1.5567 3.6673 1.4320
-1.5246 3.6807 1.4320
-1.4913 3.6911 1.4320
-1.4568 3.6984 1.4320
-1.4231 3.7072 1.4320
-1.3900 3.7177 1.4320
-1.3582 3.7315 1.4320
-1.3262 3.7451 1.4320
-1.2961 3.7641 1.4320
-1.2607 3.7677 1.4320
-1.2293 3.7833 1.4320
-1.1977 3.7987 1.4320
-1.1654 3.8118 1.4320
-1.1329 3.8247 1.4320
-1.0973 3.8268 1.4320
-1.0655 3.8420 1.4320
-1.0314 3.8492 1.4320
-0.9975 3.8571 1.4320
-0.7442 2.9846 1.4320
-0.7115 2.9638 1.4320
-0.6589 2.8539 1.4320
-0.6318 2.8498 1.4320
-0.6046 2.8445 1.4320
-0.5822 2.8614 1.4320
-0.5560 2.8605 1.4320
-0.5330 2.8760 1.4320
-0.6515 3.6950 1.4320
-0.6600 3.9442 1.4320
-0.6594 4.1631 1.4320
-0.6552 4.3843 1.4320
-0.6555 4.6642 1.4320
-0.6662 5.0603 1.4320
-0.7173 5.8421 1.4320
-0.6784 5.9545 1.4320
-3.2184 2.9237 1.4320
-3.1494 2.9668 1.4320
-3.2263 3.1461 1.4320
-3.2374 3.3002 1.4320
-3.2148 3.5174 1.4320
-3.2366 3.6838 1.4320
-2.9166 3.8227 1.4320
-2.7219 3.7885 1.4320
-2.2371 3.5797 1.4320
-2.1490 3.5986 1.4320
-2.0014 3.5796 1.4320
-0.6318 2.7943 1.4320
-0.7008 2.8928 1.4320
-0.7895 3.0064 1.4320
-0.7872 3.0627 1.4320
-1.5496 3.6353 1.4320
-1.4872 3.6612 1.4320
-0.7210 3.1937 1.4320
-0.7182 3.2514 1.4320
-0.7172 3.3110 1.4320
-0.7171 3.3721 1.4320
-0.7162 3.4334 1.4320
-0.7154 3.4955 1.4320
-0.7155 3.5591 1.4320
-0.7156 3.6237 1.4320
-0.7156 3.6891 1.4320
-0.7164 3.7560 1.4320
-0.7172 3.8239 1.4320
-0.7179 3.8928 1.4320
-3.2084 2.9919 1.9094
-3.1764 3.0143 1.9094
-3.1356 3.0280 1.9094
-3.1176 3.0637 1.9094
-3.1141 3.1141 1.9094
-3.1127 3.1675 1.9094
-3.1704 3.2831 1.9094
-3.1685 3.3389 1.9094
-3.1652 3.3942 1.9094
-3.1719 3.4615 1.9094
-3.1710 3.5218 1.9094
-3.1706 3.5838 1.9094
-3.1714 3.6483 1.9094
-3.1687 3.7100 1.9094
-3.1689 3.7766 1.9094
-3.1619 3.8357 1.9094
-3.1573 3.8989 1.9094
-3.1549 3.9663 1.9094
-3.0340 3.8833 1.9094
-2.9239 3.8105 1.9094
-2.8237 3.7472 1.9094
-2.7493 3.7154 1.9094
-2.6621 3.6640 1.9094
-2.5702 3.6033 1.9094
-2.4819 3.5445 1.9094
-2.4231 3.5256 1.9094
-2.3738 3.5193 1.9094
-2.2651 3.4223 1.9094
-2.2020 3.3907 1.9094
-2.1637 3.3963 1.9094
-2.1239 3.3990 1.9094
-2.0869 3.4054 1.9094
-2.0452 3.4038 1.9094
-1.9992 3.3940 1.9094
-1.9570 3.3896 1.9094
-1.9200 3.3935 1.9094
-1.8893 3.4084 1.9094
-1.8600 3.4256 1.9094
-1.8248 3.4320 1.9094
-1.7902 3.4389 1.9094
-1.7542 3.4428 1.9094
-1.7263 3.4625 1.9094
-1.6939 3.4729 1.9094
-1.6583 3.4768 1.9094
-1.6313 3.4983 1.9094
-1.6011 3.5134 1.9094
-1.5700 3.5263 1.9094
-1.5344 3.5288 1.9094
-1.5039 3.5430 1.9094
-1.4760 3.5634 1.9094
-1.4430 3.5715 1.9094
-1.4107 3.5812 1.9094
-1.3786 3.5915 1.9094
-1.3507 3.6127 1.9094
-1.3199 3.6263 1.9094
-1.2832 3.6235 1.9094
-1.2492 3.6280 1.9094
-1.2175 3.6387 1.9094
-1.1891 3.6597 1.9094
-1.1580 3.6728 1.9094
-1.1253 3.6808 1.9094
-1.0932 3.6905 1.9094
-1.0618 3.7028 1.9094
-1.0289 3.7100 1.9094
-0.9957 3.7159 1.9094
-0.9637 3.7264 1.9094
-0.7437 2.9827 1.9094
-0.7115 2.9638 1.9094
-0.6607 2.8617 1.9094
-0.6346 2.8625 1.9094
-0.6081 2.8611 1.9094
-0.5810 2.8555 1.9094
-0.5585 2.8732 1.9094
-0.5349 2.8859 1.9094
-0.6104 3.4616 1.9094
-0.6536 3.9057 1.9094
-0.6534 4.1256 1.9094
-0.6518 4.3616 1.9094
-0.6570 4.6751 1.9094
-0.6717 5.1020 1.9094
-3.1963 2.9145 1.9094
-3.1503 2.9672 1.9094
-3.2254 3.1457 1.9094
-3.2346 3.2990 1.9094
-3.2166 3.5183 1.9094
-3.2366 3.6838 1.9094
-2.1949 3.3452 1.9094
-2.0802 3.3495 1.9094
-1.9641 3.3510 1.9094
-1.8769 3.3675 1.9094
-1.8182 3.3998 1.9094
-1.7584 3.4307 1.9094
-0.6301 2.7932 1.9094
-0.7287 2.9106 1.9094
-0.7920 3.0080 1.9094
-0.7889 3.0638 1.9094
-1.4227 3.5498 1.9094
-0.7520 3.1560 1.9094
-1.2977 3.5975 1.9094
-0.7190 3.2519 1.9094
-0.7180 3.3116 1.9094
-0.7179 3.3726 1.9094
-0.7170 3.4340 1.9094
-0.7154 3.4955 1.9094
-0.7155 3.5591 1.9094
-0.7156 3.6237 1.9094
-0.7156 3.6891 1.9094
-0.7164 3.7560 1.9094
-3.1931 2.9776 2.3867
-3.1750 3.0129 2.3867
-3.1414 3.0336 2.3867
-3.1148 3.0609 2.3867
-3.1155 3.1155 2.3867
-3.1134 3.1683 2.3867
-3.1683 3.2809 2.3867
-3.1740 3.3447 2.3867
-3.1706 3.4001 2.3867
-3.1746 3.4645 2.3867
-3.1677 3.5180 2.3867
-3.1746 3.5882 2.3867
-3.1773 3.6551 2.3867
-3.1732 3.7153 2.3867
-3.1677 3.7751 2.3867
-3.1619 3.8357 2.3867
-3.1711 3.9160 2.3867
-3.0572 3.8434 2.3867
-2.9392 3.7620 2.3867
-2.8496 3.7137 2.3867
-2.7677 3.6729 2.3867
-2.6898 3.6350 2.3867
-2.6092 3.5912 2.3867
-2.5098 3.5186 2.3867
-2.4193 3.4552 2.3867
-2.3506 3.4201 2.3867
-2.3000 3.4098 2.3867
-2.2370 3.3797 2.3867
-2.1557 3.3195 2.3867
-2.1116 3.3145 2.3867
-2.0677 3.3091 2.3867
-2.0168 3.2912 2.3867
-1.9788 3.2932 2.3867
-1.9479 3.3069 2.3867
-1.9135 3.3143 2.3867
-1.8820 3.3265 2.3867
-1.8481 3.3341 2.3867
-1.8137 3.3404 2.3867
-1.7802 3.3481 2.3867
-1.7491 3.3600 2.3867
-1.7184 3.3725 2.3867
-1.6866 3.3829 2.3867
-1.6570 3.3974 2.3867
-1.6299 3.4172 2.3867
-1.5992 3.4295 2.3867
-1.5684 3.4415 2.3867
-1.5403 3.4596 2.3867
-1.5069 3.4656 2.3867
-1.4805 3.4878 2.3867
-1.4420 3.4812 2.3867
-1.4126 3.4964 2.3867
-1.3843 3.5142 2.3867
-1.3600 3.5429 2.3867
-1.3276 3.5509 2.3867
-1.2956 3.5596 2.3867
-1.2618 3.5632 2.3867
-1.2339 3.5835 2.3867
-1.2020 3.5923 2.3867
-1.1684 3.5959 2.3867
-1.1349 3.5993 2.3867
-1.1025 3.6062 2.3867
-1.0716 3.6176 2.3867
-1.0419 3.6336 2.3867
-1.0110 3.6454 2.3867
-0.9776 3.6483 2.3867
-0.9457 3.6567 2.3867
-0.7432 2.9807 2.3867
-0.7120 2.9657 2.3867
-0.6679 2.8929 2.3867
-0.6363 2.8703 2.3867
-0.6092 2.8660 2.3867
-0.5847 2.8741 2.3867
-0.5595 2.8781 2.3867
-0.5345 2.8839 2.3867
-0.5484 3.1100 2.3867
-0.6536 3.9057 2.3867
-0.6531 4.1236 2.3867
-0.6538 4.3744 2.3867
-0.6566 4.6721 2.3867
-0.6799 5.1644 2.3867
-0.6981 5.6853 2.3867
-3.2203 2.9245 2.3867
-3.1522 2.9680 2.3867
-3.2244 3.1453 2.3867
-3.2328 3.2981 2.3867
-3.2157 3.5178 2.3867
-3.2348 3.6829 2.3867
-2.1632 3.2595 2.3867
-1.9920 3.2327 2.3867
-1.9339 3.2667 2.3867
-1.8463 3.2830 2.3867
-1.7873 3.3147 2.3867
-1.7282 3.3457 2.3867
-1.6681 3.3753 2.3867
-0.6657 2.8155 2.3867
-0.5988 2.8278 2.3867
-0.7911 3.0075 2.3867
-0.7881 3.0633 2.3867
-1.3597 3.5073 2.3867
-0.7529 3.1566 2.3867
-1.2338 3.5527 2.3867
-0.7190 3.2519 2.3867
-0.7172 3.3110 2.3867
-0.7171 3.3721 2.3867
-0.7162 3.4334 2.3867
-0.7154 3.4955 2.3867
-0.7155 3.5591 2.3867
-0.7156 3.6237 2.3867
-0.7156 3.6891 2.3867
-3.2150 2.9981 2.8640
-3.1750 3.0129 2.8640
-3.1457 3.0377 2.8640
-3.1069 3.0532 2.8640
-3.1141 3.1141 2.8640
-3.1120 3.1668 2.8640
-3.1774 3.2903 2.8640
-3.1719 3.3425 2.8640
-3.1747 3.4045 2.8640
-3.1705 3.4600 2.8640
-3.1744 3.5255 2.8640
-3.1753 3.5890 2.8640
-3.1714 3.6483 2.8640
-3.1687 3.7100 2.8640
-3.1677 3.7751 2.8640
-3.1651 3.8396 2.8640
-3.1586 3.9005 2.8640
-3.1561 3.9678 2.8640
-3.0765 3.9377 2.8640
-2.9610 3.8589 2.8640
-2.8039 3.7208 2.8640
-2.7290 3.6881 2.8640
-2.6368 3.6293 2.8640
-2.5655 3.5968 2.8640
-2.4779 3.5387 2.8640
-2.3885 3.4753 2.8640
-2.3095 3.4239 2.8640
-2.2249 3.3614 2.8640
-2.1726 3.3455 2.8640
-2.1277 3.3398 2.8640
-2.0884 3.3422 2.8640
-2.0482 3.3423 2.8640
-1.9917 3.3147 2.8640
-1.9566 3.3216 2.8640
-1.9250 3.3342 2.8640
-1.8899 3.3404 2.8640
-1.8539 3.3445 2.8640
-1.8142 3.3413 2.8640
-1.7812 3.3499 2.8640
-1.7491 3.3600 2.8640
-1.7106 3.3573 2.8640
-1.6831 3.3757 2.8640
-1.6544 3.3920 2.8640
-1.6286 3.4145 2.8640
-1.5937 3.4177 2.8640
-1.5642 3.4324 2.8640
-1.5395 3.4578 2.8640
-1.5085 3.4692 2.8640
-1.4785 3.4832 2.8640
-1.4492 3.4987 2.8640
-1.4160 3.5048 2.8640
-1.3810 3.5058 2.8640
-1.3528 3.5243 2.8640
-1.3224 3.5369 2.8640
-1.2925 3.5511 2.8640
-1.2635 3.5679 2.8640
-1.2326 3.5797 2.8640
-1.2013 3.5904 2.8640
-1.1718 3.6064 2.8640
-1.1403 3.6165 2.8640
-1.1087 3.6263 2.8640
-1.0747 3.6282 2.8640
-1.0458 3.6470 2.8640
-1.0110 3.6454 2.8640
-0.8075 3.0137 2.8640
-0.7827 3.0264 2.8640
-0.7456 2.9905 2.8640
-0.7141 2.9745 2.8640
-0.6710 2.9065 2.8640
-0.6404 2.8889 2.8640
-0.6140 2.8885 2.8640
-0.5834 2.8673 2.8640
-0.5591 2.8762 2.8640
-0.5372 2.8986 2.8640
-0.5208 2.9534 2.8640
-0.6534 3.9047 2.8640
-0.6528 4.1216 2.8640
-0.6512 4.3576 2.8640
-0.6558 4.6661 2.8640
-0.6847 5.2011 2.8640
-0.7146 5.8203 2.8640
-0.6833 5.9972 2.8640
-3.2212 2.9248 2.8640
-3.1540 2.9688 2.8640
-3.2226 3.1445 2.8640
-3.2328 3.2981 2.8640
-3.2139 3.5169 2.8640
-3.2339 3.6824 2.8640
-2.1922 3.2752 2.8640
-2.0208 3.2487 2.8640
-1.9635 3.2835 2.8640
-1.8463 3.2830 2.8640
-1.7873 3.3147 2.8640
-1.7282 3.3457 2.8640
-1.6681 3.3753 2.8640
-0.6945 2.8335 2.8640
-0.5946 2.8251 2.8640
-0.8280 3.0315 2.8640
-1.4227 3.4833 2.8640
-1.3606 3.5078 2.8640
-1.2976 3.5310 2.8640
-1.2338 3.5527 2.8640
-0.7190 3.2519 2.8640
-0.7180 3.3116 2.8640
-0.7163 3.3715 2.8640
-0.7162 3.4334 2.8640
-0.7154 3.4955 2.8640
-0.7155 3.5591 2.8640
-0.7156 3.6237 2.8640
-0.7156 3.6891 2.8640
-3.0835 5.8095 2.8640
-3.1132 5.9386 2.8640
-3.1829 3.0205 3.3414
-3.1406 3.0329 3.3414
-3.1019 3.0483 3.3414
-3.1120 3.1120 3.3414
-3.1120 3.1668 3.3414
-3.1704 3.2831 3.3414
-3.1651 3.3353 3.3414
-3.1706 3.4001 3.3414
-3.1793 3.4696 3.3414
-3.1730 3.5240 3.3414
-3.1720 3.5853 3.3414
-3.1740 3.6513 3.3414
-3.1752 3.7176 3.3414
-3.1696 3.7774 3.3414
-3.1664 3.8411 3.3414
-3.1630 3.9059 3.3414
-3.1568 3.9686 3.3414
-3.1583 4.0425 3.3414
-3.1382 4.0897 3.3414
-3.0350 4.0275 3.3414
-2.9105 3.9333 3.3414
-2.8108 3.8687 3.3414
-2.7148 3.8060 3.3414
-2.6493 3.7837 3.3414
-2.5737 3.7448 3.3414
-2.5091 3.7199 3.3414
-2.4340 3.6774 3.3414
-2.3626 3.6382 3.3414
-2.2932 3.5996 3.3414
-2.2087 3.5347 3.3414
-2.1240 3.4660 3.3414
-2.0684 3.4424 3.3414
-2.0246 3.4370 3.3414
-1.9905 3.4476 3.3414
-1.9505 3.4475 3.3414
-1.9101 3.4460 3.3414
-1.8776 3.4581 3.3414
-1.8347 3.4506 3.3414
-1.7976 3.4531 3.3414
-1.7647 3.4633 3.3414
-1.7268 3.4634 3.3414
-1.6855 3.4559 3.3414
-1.6566 3.4731 3.3414
-1.6275 3.4902 3.3414
-1.5957 3.5015 3.3414
-1.5659 3.5172 3.3414
-1.5368 3.5343 3.3414
-1.5059 3.5476 3.3414
-1.4791 3.5708 3.3414
-1.4482 3.5845 3.3414
-1.4147 3.5914 3.3414
-1.3847 3.6074 3.3414
-1.3543 3.6221 3.3414
-1.3199 3.6263 3.3414
-1.2888 3.6395 3.3414
-1.2577 3.6525 3.3414
-1.2248 3.6605 3.3414
-1.1888 3.6587 3.3414
-1.1565 3.6680 3.3414
-1.1271 3.6866 3.3414
-1.0954 3.6982 3.3414
-1.0645 3.7124 3.3414
-1.0302 3.7148 3.3414
-0.9988 3.7275 3.3414
-0.9647 3.7303 3.3414
-0.7454 2.9895 3.3414
-0.7143 2.9755 3.3414
-0.6728 2.9143 3.3414
-0.6422 2.8967 3.3414
-0.6140 2.8885 3.3414
-0.5869 2.8849 3.3414
-0.5612 2.8870 3.3414
-0.5381 2.9036 3.3414
-0.5185 2.9406 3.3414
-0.6542 3.9096 3.3414
-0.6515 4.1137 3.3414
-0.6523 4.3645 3.3414
-0.6562 4.6691 3.3414
-0.6329 4.8075 3.3414
-3.2221 2.9252 3.3414
-3.1522 2.9680 3.3414
-3.2226 3.1445 3.3414
-3.2328 3.2981 3.3414
-3.2130 3.5165 3.3414
-3.2330 3.6820 3.3414
-3.2278 3.9177 3.3414
-2.1977 3.4159 3.3414
-2.0239 3.3855 3.3414
-1.9071 3.3853 3.3414
-1.8182 3.3998 3.3414
-1.7286 3.4124 3.3414
-1.6681 3.4418 3.3414
-0.6317 2.8488 3.3414
-0.6980 2.9470 3.3414
-0.7906 3.0649 3.3414
-1.4227 3.5498 3.3414
-0.7562 3.1588 3.3414
-1.2977 3.5975 3.3414
-0.7190 3.2519 3.3414
-0.7180 3.3116 3.3414
-0.7171 3.3721 3.3414
-0.7170 3.4340 3.3414
-0.7162 3.4961 3.3414
-0.7155 3.5591 3.3414
-0.7156 3.6237 3.3414
-0.7156 3.6891 3.3414
-0.7164 3.7560 3.3414
-3.1822 3.0198 3.8187
-3.1486 3.0405 3.8187
-3.1126 3.0588 3.8187
-3.1134 3.1134 3.8187
-3.1057 3.1604 3.8187
-3.1614 3.2737 3.8187
-3.1671 3.3374 3.8187
-3.1686 3.3979 3.8187
-3.1678 3.4571 3.8187
-3.1657 3.5158 3.8187
-3.1746 3.5882 3.8187
-3.1681 3.6445 3.8187
-3.1687 3.7100 3.8187
-3.1670 3.7743 3.8187
-3.1715 3.8473 3.8187
-3.1667 3.9106 3.8187
-3.1649 3.9788 3.8187
-3.1546 4.0378 3.8187
-3.1601 4.1183 3.8187
-3.1541 4.1856 3.8187
-3.1353 4.2371 3.8187
-3.0359 4.1786 3.8187
-2.9436 4.1268 3.8187
-2.8352 4.0491 3.8187
-2.7505 4.0020 3.8187
-2.6774 3.9694 3.8187
-2.6085 3.9409 3.8187
-2.5315 3.8981 3.8187
-2.4694 3.8762 3.8187
-2.3968 3.8357 3.8187
-2.3345 3.8096 3.8187
-2.2754 3.7870 3.8187
-2.2149 3.7601 3.8187
-2.1505 3.7248 3.8187
-2.0913 3.6964 3.8187
-2.0294 3.6612 3.8187
-1.9688 3.6260 3.8187
-1.9239 3.6183 3.8187
-1.8789 3.6092 3.8187
-1.8300 3.5916 3.8187
-1.7924 3.5950 3.8187
-1.7579 3.6042 3.8187
-1.7233 3.6130 3.8187
-1.6875 3.6189 3.8187
-1.6492 3.6189 3.8187
-1.6172 3.6323 3.8187
-1.5838 3.6426 3.8187
-1.5512 3.6544 3.8187
-1.5154 3.6586 3.8187
-1.4868 3.6800 3.8187
-1.4576 3.7003 3.8187
-1.4231 3.7072 3.8187
-1.3882 3.7130 3.8187
-1.3558 3.7249 3.8187
-1.3249 3.7413 3.8187
-1.2902 3.7471 3.8187
-1.2578 3.7592 3.8187
-1.2265 3.7747 3.8187
-1.1971 3.7967 3.8187
-1.1633 3.8051 3.8187
-1.1324 3.8228 3.8187
-1.1003 3.8374 3.8187
-1.0684 3.8526 3.8187
-1.0332 3.8560 3.8187
-0.9960 3.8513 3.8187
-0.7454 2.9895 3.8187
-0.7155 2.9803 3.8187
-0.6728 2.9143 3.8187
-0.6404 2.8889 3.8187
-0.6140 2.8885 3.8187
-0.5873 2.8869 3.8187
-0.5619 2.8909 3.8187
-0.5381 2.9036 3.8187
-0.5178 2.9367 3.8187
-0.6569 3.9254 3.8187
-0.6561 4.1424 3.8187
-0.6515 4.3596 3.8187
-0.6563 4.6701 3.8187
-0.6843 5.1981 3.8187
-0.7117 5.7965 3.8187
-0.6818 5.9843 3.8187
-3.1549 2.9692 3.8187
-3.2235 3.1449 3.8187
-3.2328 3.2981 3.8187
-3.2416 3.4539 3.8187
-3.2304 3.6806 3.8187
-3.2261 3.9168 3.8187
-2.7989 3.9106 3.8187
-2.3042 3.6918 3.8187
-1.9409 3.5425 3.8187
-1.8513 3.5563 3.8187
-0.6333 2.8498 3.8187
-0.6947 2.9449 3.8187
-0.7906 3.0649 3.8187
-0.7869 3.1209 3.8187
-1.4863 3.6607 3.8187
-1.4247 3.6864 3.8187
-0.7199 3.2525 3.8187
-0.7180 3.3116 3.8187
-0.7179 3.3726 3.8187
-0.7162 3.4334 3.8187
-0.7162 3.4961 3.8187
-0.7163 3.5598 3.8187
-0.7156 3.6237 3.8187
-0.7156 3.6891 3.8187
-0.7164 3.7560 3.8187
-0.7172 3.8239 3.8187
-0.7179 3.8928 3.8187
-3.1895 3.0267 4.2961
-3.1507 3.0426 4.2961
-3.1105 3.0567 4.2961
-3.1042 3.1042 4.2961
-3.1092 3.1640 4.2961
-3.1614 3.2737 4.2961
-3.1719 3.3425 4.2961
-3.1692 3.3986 4.2961
-3.1719 3.4615 4.2961
-3.1650 3.5151 4.2961
-3.1653 3.5778 4.2961
-3.1648 3.6407 4.2961
-3.1628 3.7032 4.2961
-3.1593 3.7651 4.2961
-3.1594 3.8327 4.2961
-3.1579 3.8997 4.2961
-3.1642 3.9780 4.2961
-3.1583 4.0425 4.2961
-3.1583 4.1159 4.2961
-3.1565 4.1888 4.2961
-3.1496 4.2564 4.2961
-3.1470 4.3315 4.2961
-3.1492 4.4149 4.2961
-3.1059 4.4357 4.2961
-3.0138 4.3852 4.2961
-2.9151 4.3218 4.2961
-2.8342 4.2820 4.2961
-2.7602 4.2504 4.2961
-2.6811 4.2085 4.2961
-2.5876 4.1410 4.2961
-2.5164 4.1063 4.2961
-2.4557 4.0870 4.2961
-2.3880 4.0540 4.2961
-2.3255 4.0279 4.2961
-2.2671 4.0071 4.2961
-2.2146 3.9953 4.2961
-2.1639 3.9854 4.2961
-2.1084 3.9653 4.2961
-2.0645 3.9658 4.2961
-2.0098 3.9445 4.2961
-1.9637 3.9386 4.2961
-1.9117 3.9196 4.2961
-1.8628 3.9055 4.2961
-1.8139 3.8899 4.2961
-1.7753 3.8955 4.2961
-1.7315 3.8890 4.2961
-1.6911 3.8893 4.2961
-1.6544 3.8974 4.2961
-1.6122 3.8923 4.2961
-1.5685 3.8821 4.2961
-1.5312 3.8873 4.2961
-1.4937 3.8912 4.2961
-1.4625 3.9115 4.2961
-1.4249 3.9148 4.2961
-1.3876 3.9186 4.2961
-1.3544 3.9334 4.2961
-1.3225 3.9526 4.2961
-1.2889 3.9669 4.2961
-1.2536 3.9760 4.2961
-1.2189 3.9868 4.2961
-1.1886 4.0127 4.2961
-1.1530 4.0210 4.2961
-1.1173 4.0289 4.2961
-1.0813 4.0356 4.2961
-1.0328 3.9936 4.2961
-0.7463 2.9934 4.2961
-0.7160 2.9823 4.2961
-0.6710 2.9065 4.2961
-0.6424 2.8976 4.2961
-0.6154 2.8953 4.2961
-0.5889 2.8947 4.2961
-0.5617 2.8899 4.2961
-0.5383 2.9045 4.2961
-0.5222 2.9613 4.2961
-0.6579 3.9313 4.2961
-0.6567 4.1463 4.2961
-0.6538 4.3744 4.2961
-0.6556 4.6652 4.2961
-0.6662 5.0603 4.2961
-0.6919 5.6347 4.2961
-3.1568 2.9699 4.2961
-3.2208 3.1437 4.2961
-3.2337 3.2985 4.2961
-3.2121 3.5160 4.2961
-3.2357 3.6834 4.2961
-3.2313 3.9197 4.2961
-3.2042 4.2326 4.2961
-2.8477 4.1789 4.2961
-0.6317 2.8488 4.2961
-0.6955 2.9454 4.2961
-0.7914 3.0655 4.2961
-0.7893 3.1225 4.2961
-1.7426 3.8368 4.2961
-1.6180 3.8217 4.2961
-0.7190 3.2519 4.2961
-0.7180 3.3116 4.2961
-0.7187 3.3732 4.2961
-0.7170 3.4340 4.2961
-0.7170 3.4967 4.2961
-0.7155 3.5591 4.2961
-0.7156 3.6237 4.2961
-0.7156 3.6891 4.2961
-0.7164 3.7560 4.2961
-0.7164 3.8233 4.2961
-0.7179 3.8928 4.2961
-0.7184 3.9626 4.2961
-0.7204 4.0347 4.2961
-3.1815 3.0191 4.7734
-3.1500 3.0419 4.7734
-3.1219 3.0679 4.7734
-3.1084 3.1084 4.7734
-3.1092 3.1640 4.7734
-3.1531 3.2651 4.7734
-3.1657 3.3360 4.7734
-3.1672 3.3964 4.7734
-3.1638 3.4527 4.7734
-3.1657 3.5158 4.7734
-3.1733 3.5867 4.7734
-3.1655 3.6415 4.7734
-3.1622 3.7024 4.7734
-3.1567 3.7620 4.7734
-3.1670 3.8419 4.7734
-3.1598 3.9020 4.7734
-3.1599 3.9725 4.7734
-3.1577 4.0417 4.7734
-3.1637 4.1231 4.7734
-3.1487 4.1785 4.7734
-3.1520 4.2596 4.7734
-3.1499 4.3355 4.7734
-3.1486 4.4141 4.7734
-3.1495 4.4980 4.7734
-3.1424 4.5723 4.7734
-3.1483 4.6675 4.7734
-3.1063 4.6931 4.7734
-3.0097 4.6345 4.7734
-2.9294 4.5982 4.7734
-2.8382 4.5421 4.7734
-2.7797 4.5360 4.7734
-2.6947 4.4847 4.7734
-2.6189 4.4460 4.7734
-2.5635 4.4401 4.7734
-2.5020 4.4223 4.7734
-2.4289 4.3818 4.7734
-2.3705 4.3660 4.7734
-2.3070 4.3388 4.7734
-2.2483 4.3189 4.7734
-2.1864 4.2911 4.7734
-2.1297 4.2715 4.7734
-2.0739 4.2522 4.7734
-2.0238 4.2431 4.7734
-1.9732 4.2316 4.7734
-1.9155 4.2031 4.7734
-1.8694 4.1987 4.7734
-1.8251 4.1974 4.7734
-1.7782 4.1892 4.7734
-1.7359 4.1907 4.7734
-1.6928 4.1899 4.7734
-1.6522 4.1943 4.7734
-1.6116 4.1983 4.7734
-1.5686 4.1954 4.7734
-1.5237 4.1863 4.7734
-1.4918 4.2127 4.7734
-1.4514 4.2151 4.7734
-1.4111 4.2172 4.7734
-1.3708 4.2189 4.7734
-1.3345 4.2326 4.7734
-1.2967 4.2412 4.7734
-1.2599 4.2533 4.7734
-1.2208 4.2574 4.7734
-1.1839 4.2689 4.7734
-1.1481 4.2848 4.7734
-1.0969 4.2415 4.7734
-0.7466 2.9943 4.7734
-0.7141 2.9745 4.7734
-0.6695 2.8997 4.7734
-0.6422 2.8967 4.7734
-0.6152 2.8943 4.7734
-0.5879 2.8898 4.7734
-0.5631 2.8968 4.7734
-0.5387 2.9065 4.7734
-0.5328 3.0214 4.7734
-0.6592 3.9392 4.7734
-0.6581 4.1552 4.7734
-0.6521 4.3635 4.7734
-0.6554 4.6632 4.7734
-0.7056 5.3598 4.7734
-0.7166 5.8362 4.7734
-3.1558 2.9696 4.7734
-3.2208 3.1437 4.7734
-3.2319 3.2977 4.7734
-3.2130 3.5165 4.7734
-3.2295 3.6801 4.7734
-3.2322 3.9202 4.7734
-3.2051 4.2331 4.7734
-0.6325 2.8493 4.7734
-0.7937 3.0091 4.7734
-0.7906 3.0649 4.7734
-0.7885 3.1220 4.7734
-2.3376 4.2458 4.7734
-2.1120 4.1676 4.7734
-0.7207 3.2531 4.7734
-0.7196 3.3128 4.7734
-0.7187 3.3732 4.7734
-0.7178 3.4346 4.7734
-0.7162 3.4961 4.7734
-0.7163 3.5598 4.7734
-0.7156 3.6237 4.7734
-0.7156 3.6891 4.7734
-0.7164 3.7560 4.7734
-0.7172 3.8239 4.7734
-0.7179 3.8928 4.7734
-0.7192 3.9633 4.7734
-0.7204 4.0347 4.7734
-0.7222 4.1078 4.7734
-0.7245 4.1826 4.7734
-0.7273 4.2591 4.7734
-0.7277 4.3346 4.7734
-3.1909 3.0281 5.2507
-3.1586 3.0502 5.2507
-3.1219 3.0679 5.2507
-3.1049 3.1049 5.2507
-3.1141 3.1690 5.2507
-3.1537 3.2658 5.2507
-3.1726 3.3433 5.2507
-3.1727 3.4023 5.2507
-3.1739 3.4637 5.2507
-3.1723 3.5232 5.2507
-3.1647 3.5770 5.2507
-3.1661 3.6422 5.2507
-3.1661 3.7070 5.2507
-3.1587 3.7643 5.2507
-3.1594 3.8327 5.2507
-3.1598 3.9020 5.2507
-3.1599 3.9725 5.2507
-3.1596 4.0441 5.2507
-3.1583 4.1159 5.2507
-3.1535 4.1849 5.2507
-3.1520 4.2596 5.2507
-3.1535 4.3404 5.2507
-3.1445 4.4084 5.2507
-3.1472 4.4947 5.2507
-3.1487 4.5813 5.2507
-3.1533 4.6749 5.2507
-3.1289 4.7273 5.2507
-3.0004 4.6202 5.2507
-2.8869 4.5315 5.2507
-2.7927 4.4692 5.2507
-2.6909 4.3911 5.2507
-2.6241 4.3673 5.2507
-2.5438 4.3185 5.2507
-2.4680 4.2747 5.2507
-2.4040 4.2491 5.2507
-2.3334 4.2095 5.2507
-2.2780 4.1955 5.2507
-2.2248 4.1843 5.2507
-2.1448 4.1202 5.2507
-2.0852 4.0924 5.2507
-2.0311 4.0737 5.2507
-1.9832 4.0661 5.2507
-1.9416 4.0707 5.2507
-1.8925 4.0584 5.2507
-1.8495 4.0584 5.2507
-1.8120 4.0698 5.2507
-1.7788 4.0910 5.2507
-1.7407 4.1008 5.2507
-1.7018 4.1085 5.2507
-1.6670 4.1260 5.2507
-1.6295 4.1366 5.2507
-1.5933 4.1507 5.2507
-1.5595 4.1710 5.2507
-1.5210 4.1788 5.2507
-1.4801 4.1797 5.2507
-1.4429 4.1905 5.2507
-1.4139 4.2257 5.2507
-1.3791 4.2446 5.2507
-1.3460 4.2688 5.2507
-1.3095 4.2833 5.2507
-1.2764 4.3089 5.2507
-1.2434 4.3363 5.2507
-1.2085 4.3575 5.2507
-1.1719 4.3737 5.2507
-1.1179 4.3228 5.2507
-0.7502 3.0089 5.2507
-0.7164 2.9842 5.2507
-0.6688 2.8968 5.2507
-0.6409 2.8908 5.2507
-0.6156 2.8963 5.2507
-0.5889 2.8947 5.2507
-0.5635 2.8987 5.2507
-0.5409 2.9183 5.2507
-0.5190 2.9436 5.2507
-0.6582 3.9333 5.2507
-0.6562 4.1434 5.2507
-0.6529 4.3685 5.2507
-0.6570 4.6751 5.2507
-0.7082 5.3796 5.2507
-0.7145 5.8193 5.2507
-3.1779 2.9789 5.2507
-3.1315 3.0313 5.2507
-3.2319 3.2977 5.2507
-3.2139 3.5169 5.2507
-3.2313 3.6811 5.2507
-3.2261 3.9168 5.2507
-3.2025 4.2316 5.2507
-0.6308 2.8482 5.2507
-0.7308 2.9683 5.2507
-0.7914 3.0655 5.2507
-0.7902 3.1231 5.2507
-2.0344 4.0373 5.2507
-1.9121 4.0277 5.2507
-0.7207 3.2531 5.2507
-0.7188 3.3122 5.2507
-0.7187 3.3732 5.2507
-0.7178 3.4346 5.2507
-0.7162 3.4961 5.2507
-0.7155 3.5591 5.2507
-0.7156 3.6237 5.2507
-0.7156 3.6891 5.2507
-0.7164 3.7560 5.2507
-0.7164 3.8233 5.2507
-0.7179 3.8928 5.2507
-0.7184 3.9626 5.2507
-0.7196 4.0340 5.2507
-0.7222 4.1078 5.2507
-0.7245 4.1826 5.2507
-0.7266 4.2584 5.2507
-0.7291 4.3359 5.2507
-0.7336 4.4166 5.2507
-0.8011 4.5608 5.2507
-0.6982 4.5382 5.2507
-3.1902 3.0274 5.7281
-3.1586 3.0502 5.7281
-3.1205 3.0665 5.7281
-3.1070 3.1070 5.7281
-3.1078 3.1626 5.7281
-3.1447 3.2565 5.7281
-3.1692 3.3396 5.7281
-3.1720 3.4015 5.7281
-3.1766 3.4667 5.7281
-3.1690 3.5195 5.7281
-3.1713 3.5845 5.7281
-3.1727 3.6498 5.7281
-3.1654 3.7062 5.7281
-3.1632 3.7697 5.7281
-3.1639 3.8381 5.7281
-3.1667 3.9106 5.7281
-3.1611 3.9741 5.7281
-3.1596 4.0441 5.7281
-3.1637 4.1231 5.7281
-3.1559 4.1880 5.7281
-3.1472 4.2532 5.7281
-3.1494 4.3347 5.7281
-3.1422 4.4052 5.7281
-3.1495 4.4980 5.7281
-3.0948 4.5030 5.7281
-2.9637 4.3939 5.7281
-2.8673 4.3320 5.7281
-2.7798 4.2806 5.7281
-2.6962 4.2321 5.7281
-2.6141 4.1834 5.7281
-2.5425 4.1489 5.7281
-2.4500 4.0775 5.7281
-2.3702 4.0238 5.7281
-2.3035 3.9898 5.7281
-2.2533 3.9827 5.7281
-2.2006 3.9699 5.7281
-2.1038 3.8747 5.7281
-2.0445 3.8452 5.7281
-2.0026 3.8470 5.7281
-1.9744 3.8750 5.7281
-1.9213 3.8536 5.7281
-1.8806 3.8558 5.7281
-1.8422 3.8622 5.7281
-1.8071 3.8754 5.7281
-1.7687 3.8810 5.7281
-1.7364 3.8999 5.7281
-1.7035 3.9177 5.7281
-1.6688 3.9315 5.7281
-1.6333 3.9431 5.7281
-1.5981 3.9554 5.7281
-1.5653 3.9738 5.7281
-1.5356 4.0004 5.7281
-1.4971 4.0043 5.7281
-1.4649 4.0247 5.7281
-1.4267 4.0288 5.7281
-1.4009 4.0686 5.7281
-1.3704 4.0958 5.7281
-1.3359 4.1114 5.7281
-1.3018 4.1286 5.7281
-1.2689 4.1504 5.7281
-1.2335 4.1642 5.7281
-1.2026 4.1940 5.7281
-1.1676 4.2101 5.7281
-1.1357 4.2385 5.7281
-1.0869 4.2027 5.7281
-0.7500 3.0079 5.7281
-0.7148 2.9774 5.7281
-0.6710 2.9065 5.7281
-0.6400 2.8869 5.7281
-0.6140 2.8885 5.7281
-0.5869 2.8849 5.7281
-0.5650 2.9066 5.7281
-0.5411 2.9193 5.7281
-0.5204 2.9515 5.7281
-0.6582 3.9333 5.7281
-0.6578 4.1532 5.7281
-0.6529 4.3685 5.7281
-0.6551 4.6612 5.7281
-0.7037 5.3449 5.7281
-0.7132 5.8084 5.7281
-3.1798 2.9797 5.7281
-3.1324 3.0317 5.7281
-3.2319 3.2977 5.7281
-3.2398 3.4530 5.7281
-3.2313 3.6811 5.7281
-3.2278 3.9177 5.7281
-3.2025 4.2316 5.7281
-0.6325 2.8493 5.7281
-0.6980 2.9470 5.7281
-0.7922 3.0660 5.7281
-0.7902 3.1231 5.7281
-1.7731 3.8578 5.7281
-0.7497 3.2137 5.7281
-1.6512 3.9168 5.7281
-0.7188 3.3122 5.7281
-0.7179 3.3726 5.7281
-1.4661 3.9985 5.7281
-0.7170 3.4967 5.7281
-0.7163 3.5598 5.7281
-0.7156 3.6237 5.7281
-0.7156 3.6891 5.7281
-0.7164 3.7560 5.7281
-0.7164 3.8233 5.7281
-0.7179 3.8928 5.7281
-0.7184 3.9626 5.7281
-0.7204 4.0347 5.7281
-0.7222 4.1078 5.7281
-0.7245 4.1826 5.7281
-0.7266 4.2584 5.7281
-0.7299 4.3366 5.7281
-0.7336 4.4166 5.7281
-3.1887 3.0260 6.2054
-3.1629 3.0544 6.2054
-3.1233 3.0693 6.2054
-3.1120 3.1120 6.2054
-3.1015 3.1561 6.2054
-3.1399 3.2514 6.2054
-3.1630 3.3331 6.2054
-3.1672 3.3964 6.2054
-3.1651 3.4541 6.2054
-3.1730 3.5240 6.2054
-3.1647 3.5770 6.2054
-3.1655 3.6415 6.2054
-3.1661 3.7070 6.2054
-3.1664 3.7735 6.2054
-3.1581 3.8311 6.2054
-3.1630 3.9059 6.2054
-3.1618 3.9749 6.2054
-3.1663 4.0527 6.2054
-3.1564 4.1135 6.2054
-3.1487 4.1785 6.2054
-3.1466 4.2524 6.2054
-3.1552 4.3428 6.2054
-3.1509 4.4174 6.2054
-3.1008 4.4283 6.2054
-2.9510 4.2937 6.2054
-2.8396 4.2099 6.2054
-2.7553 4.1628 6.2054
-2.6573 4.0919 6.2054
-2.6005 4.0820 6.2054
-2.5198 4.0325 6.2054
-2.4328 3.9699 6.2054
-2.3568 3.9224 6.2054
-2.2580 3.8334 6.2054
-2.1940 3.8001 6.2054
-2.1396 3.7817 6.2054
-2.0585 3.7136 6.2054
-2.0136 3.7086 6.2054
-1.9863 3.7358 6.2054
-1.9435 3.7334 6.2054
-1.9072 3.7431 6.2054
-1.8780 3.7668 6.2054
-1.8390 3.7704 6.2054
-1.8000 3.7737 6.2054
-1.7577 3.7693 6.2054
-1.7276 3.7909 6.2054
-1.6941 3.8049 6.2054
-1.6560 3.8086 6.2054
-1.6309 3.8422 6.2054
-1.5927 3.8452 6.2054
-1.5632 3.8691 6.2054
-1.5356 3.8984 6.2054
-1.5048 3.9201 6.2054
-1.4705 3.9331 6.2054
-1.4413 3.9599 6.2054
-1.4037 3.9638 6.2054
-1.3732 3.9882 6.2054
-1.3454 4.0209 6.2054
-1.3133 4.0420 6.2054
-1.2780 4.0533 6.2054
-1.2455 4.0739 6.2054
-1.2136 4.0970 6.2054
-1.1806 4.1171 6.2054
-1.1473 4.1369 6.2054
-1.1171 4.1689 6.2054
-1.0676 4.1282 6.2054
-0.7500 3.0079 6.2054
-0.7174 2.9881 6.2054
-0.6708 2.9056 6.2054
-0.6396 2.8850 6.2054
-0.6169 2.9022 6.2054
-0.5895 2.8976 6.2054
-0.5636 2.8997 6.2054
-0.5401 2.9144 6.2054
-0.5206 2.9525 6.2054
-0.6589 3.9373 6.2054
-0.6569 4.1473 6.2054
-0.6521 4.3635 6.2054
-0.6558 4.6661 6.2054
-0.6926 5.2606 6.2054
-0.7154 5.8262 6.2054
-3.1788 2.9793 6.2054
-3.1324 3.0317 6.2054
-3.2208 3.1437 6.2054
-3.2319 3.2977 6.2054
-3.2407 3.4535 6.2054
-3.2339 3.6824 6.2054
-3.2287 3.9182 6.2054
-3.2059 4.2336 6.2054
-2.0353 3.6713 6.2054
-0.6317 2.8488 6.2054
-0.7316 2.9688 6.2054
-0.7931 3.0666 6.2054
-0.7902 3.1231 6.2054
-1.6775 3.7921 6.2054
-1.6164 3.8206 6.2054
-0.7207 3.2531 6.2054
-0.7196 3.3128 6.2054
-0.7187 3.3732 6.2054
-0.7474 3.4568 6.2054
-0.7163 3.5598 6.2054
-0.7163 3.6243 6.2054
-0.7156 3.6891 6.2054
-0.7164 3.7560 6.2054
-0.7172 3.8239 6.2054
-0.7179 3.8928 6.2054
-0.7184 3.9626 6.2054
-0.7204 4.0347 6.2054
-0.7222 4.1078 6.2054
-0.7245 4.1826 6.2054
-0.7280 4.2598 6.2054
-0.7632 4.3683 6.2054
-0.6926 4.3770 6.2054
-3.1866 3.0239 6.6828
-3.1565 3.0482 6.6828
-3.1183 3.0644 6.6828
-3.1049 3.1049 6.6828
-3.1043 3.1590 6.6828
-3.1357 3.2471 6.6828
-3.1630 3.3331 6.6828
-3.1658 3.3949 6.6828
-3.1624 3.4512 6.6828
-3.1690 3.5195 6.6828
-3.1660 3.5785 6.6828
-3.1714 3.6483 6.6828
-3.1693 3.7108 6.6828
-3.1644 3.7712 6.6828
-3.1639 3.8381 6.6828
-3.1686 3.9129 6.6828
-3.1618 3.9749 6.6828
-3.1546 4.0378 6.6828
-3.1576 4.1151 6.6828
-3.1583 4.1912 6.6828
-3.1484 4.2548 6.6828
-3.1546 4.3420 6.6828
-3.1439 4.4076 6.6828
-3.0595 4.3694 6.6828
-2.9221 4.2517 6.6828
-2.7730 4.1112 6.6828
-2.6813 4.0510 6.6828
-2.6203 4.0348 6.6828
-2.5484 4.0002 6.6828
-2.4461 3.9146 6.6828
-2.3465 3.8292 6.6828
-2.2770 3.7895 6.6828
-2.2129 3.7567 6.6828
-2.1580 3.7378 6.6828
-2.1061 3.7225 6.6828
-2.0410 3.6821 6.6828
-1.9993 3.6822 6.6828
-1.9525 3.6722 6.6828
-1.9089 3.6669 6.6828
-1.8836 3.6968 6.6828
-1.8490 3.7086 6.6828
-1.8105 3.7120 6.6828
-1.7759 3.7232 6.6828
-1.7420 3.7358 6.6828
-1.7114 3.7554 6.6828
-1.6745 3.7611 6.6828
-1.6397 3.7710 6.6828
-1.6098 3.7925 6.6828
-1.5747 3.8018 6.6828
-1.5479 3.8311 6.6828
-1.5133 3.8417 6.6828
-1.4779 3.8501 6.6828
-1.4541 3.8891 6.6828
-1.4214 3.9054 6.6828
-1.3886 3.9214 6.6828
-1.3573 3.9419 6.6828
-1.3232 3.9545 6.6828
-1.2898 3.9697 6.6828
-1.2651 4.0123 6.6828
-1.2321 4.0299 6.6828
-1.1980 4.0443 6.6828
-1.1698 4.0796 6.6828
-1.0294 3.7119 6.6828
-0.8179 3.0523 6.6828
-0.7907 3.0574 6.6828
-0.7495 3.0060 6.6828
-0.7176 2.9891 6.6828
-0.6755 2.9260 6.6828
-0.6415 2.8937 6.6828
-0.6163 2.8992 6.6828
-0.5899 2.8996 6.6828
-0.5650 2.9066 6.6828
-0.5420 2.9242 6.6828
-0.5222 2.9613 6.6828
-0.6602 3.9451 6.6828
-0.6581 4.1552 6.6828
-0.6541 4.3764 6.6828
-0.6554 4.6632 6.6828
-0.6966 5.2913 6.6828
-3.1798 2.9797 6.6828
-3.1315 3.0313 6.6828
-3.2226 3.1445 6.6828
-3.2328 3.2981 6.6828
-3.2407 3.4535 6.6828
-3.2321 3.6815 6.6828
-3.2296 3.9187 6.6828
-3.2008 4.2305 6.6828
-2.0637 3.6178 6.6828
-1.9445 3.6146 6.6828
-0.6308 2.8482 6.6828
-0.7308 2.9683 6.6828
-0.8539 3.1069 6.6828
-1.6764 3.7209 6.6828
-1.6149 3.7490 6.6828
-1.5218 3.8245 6.6828
-0.7196 3.3128 6.6828
-0.7170 3.4340 6.6828
-0.7163 3.5598 6.6828
-0.7156 3.6237 6.6828
-0.7156 3.6891 6.6828
-0.7164 3.7560 6.6828
-0.7164 3.8233 6.6828
-0.7171 3.8921 6.6828
-0.7184 3.9626 6.6828
-0.7204 4.0347 6.6828
-0.7222 4.1078 6.6828
-0.7245 4.1826 6.6828
-0.7280 4.2598 6.6828
-3.1851 3.0226 7.1601
-3.1665 3.0579 7.1601
-3.1240 3.0700 7.1601
-3.1049 3.1049 7.1601
-3.1057 3.1604 7.1601
-3.1426 3.2543 7.1601
-3.1692 3.3396 7.1601
-3.1740 3.4037 7.1601
-3.1726 3.4623 7.1601
-3.1764 3.5277 7.1601
-3.1753 3.5890 7.1601
-3.1720 3.6490 7.1601
-3.1713 3.7131 7.1601
-3.1644 3.7712 7.1601
-3.1715 3.8473 7.1601
-3.1636 3.9067 7.1601
-3.1586 3.9710 7.1601
-3.1627 4.0480 7.1601
-3.1613 4.1199 7.1601
-3.1613 4.1952 7.1601
-3.1543 4.2629 7.1601
-3.1482 4.3331 7.1601
-3.1468 4.4117 7.1601
-3.0663 4.3792 7.1601
-2.9419 4.2805 7.1601
-2.8167 4.1759 7.1601
-2.7177 4.1061 7.1601
-2.6442 4.0717 7.1601
-2.5361 3.9808 7.1601
-2.4413 3.9070 7.1601
-2.3721 3.8710 7.1601
-2.2821 3.7981 7.1601
-2.2164 3.7627 7.1601
-2.1665 3.7525 7.1601
-2.1125 3.7338 7.1601
-2.0250 3.6533 7.1601
-1.9802 3.6471 7.1601
-1.9436 3.6554 7.1601
-1.9015 3.6527 7.1601
-1.8623 3.6549 7.1601
-1.8303 3.6710 7.1601
-1.7986 3.6878 7.1601
-1.7642 3.6988 7.1601
-1.7315 3.7131 7.1601
-1.6965 3.7227 7.1601
-1.6660 3.7419 7.1601
-1.6309 3.7508 7.1601
-1.5969 3.7621 7.1601
-1.5675 3.7842 7.1601
-1.5378 3.8061 7.1601
-1.5056 3.8222 7.1601
-1.4693 3.8277 7.1601
-1.4366 3.8422 7.1601
-1.4067 3.8650 7.1601
-1.3750 3.8827 7.1601
-1.3404 3.8927 7.1601
-1.3076 3.9080 7.1601
-1.2735 3.9193 7.1601
-1.2443 3.9465 7.1601
-1.2131 3.9677 7.1601
-1.1804 3.9849 7.1601
-1.1472 4.0008 7.1601
-1.1187 4.0338 7.1601
-1.0857 4.0521 7.1601
-1.0358 4.0052 7.1601
-0.7512 3.0128 7.1601
-0.7183 2.9920 7.1601
-0.6762 2.9290 7.1601
-0.6420 2.8957 7.1601
-0.6173 2.9041 7.1601
-0.5903 2.9016 7.1601
-0.5661 2.9125 7.1601
-0.5429 2.9291 7.1601
-0.5230 2.9662 7.1601
-0.6613 3.9520 7.1601
-0.6581 4.1552 7.1601
-0.6594 4.4120 7.1601
-0.6577 4.6800 7.1601
-0.6800 5.1654 7.1601
-3.1788 2.9793 7.1601
-3.1333 3.0321 7.1601
-3.2235 3.1449 7.1601
-3.2346 3.2990 7.1601
-3.2130 3.5165 7.1601
-3.2330 3.6820 7.1601
-3.2269 3.9173 7.1601
-3.2366 4.1684 7.1601
-2.0321 3.5984 7.1601
-1.9428 3.6135 7.1601
-0.6291 2.8472 7.1601
-0.6989 2.9476 7.1601
-0.7914 3.0655 7.1601
-0.7910 3.1237 7.1601
-1.6132 3.7479 7.1601
-0.7497 3.2137 7.1601
-1.4908 3.8024 7.1601
-0.7196 3.3128 7.1601
-0.7187 3.3732 7.1601
-1.3344 3.8992 7.1601
-0.7170 3.4967 7.1601
-0.7163 3.5598 7.1601
-0.7156 3.6237 7.1601
-0.7156 3.6891 7.1601
-0.7164 3.7560 7.1601
-0.7164 3.8233 7.1601
-0.7179 3.8928 7.1601
-0.7184 3.9626 7.1601
-0.7196 4.0340 7.1601
-0.7222 4.1078 7.1601
-0.7245 4.1826 7.1601
-3.1916 3.0288 7.6374
-3.1586 3.0502 7.6374
-3.1312 3.0770 7.6374
-3.1035 3.1035 7.6374
-3.1022 3.1568 7.6374
-3.1183 3.2291 7.6374
-3.1637 3.3338 7.6374
-3.1686 3.3979 7.6374
-3.1651 3.4541 7.6374
-3.1536 3.5024 7.6374
-3.1627 3.5748 7.6374
-3.1694 3.6460 7.6374
-3.1667 3.7077 7.6374
-3.1612 3.7674 7.6374
-3.1651 3.8396 7.6374
-3.1655 3.9090 7.6374
-3.1667 3.9811 7.6374
-3.1565 4.0401 7.6374
-3.1637 4.1231 7.6374
-3.1535 4.1849 7.6374
-3.1532 4.2612 7.6374
-3.1458 4.3299 7.6374
-3.1410 4.4036 7.6374
-3.1306 4.4709 7.6374
-2.9940 4.3563 7.6374
-2.8983 4.2969 7.6374
-2.8099 4.2453 7.6374
-2.7085 4.1707 7.6374
-2.6301 4.1284 7.6374
-2.5426 4.0689 7.6374
-2.4625 4.0185 7.6374
-2.3666 3.9387 7.6374
-2.2875 3.8834 7.6374
-2.2235 3.8512 7.6374
-2.1598 3.8174 7.6374
-2.0861 3.7635 7.6374
-2.0236 3.7271 7.6374
-1.9694 3.7040 7.6374
-1.9329 3.7130 7.6374
-1.8827 3.6950 7.6374
-1.8459 3.7023 7.6374
-1.8118 3.7147 7.6374
-1.7759 3.7232 7.6374
-1.7433 3.7385 7.6374
-1.7056 3.7427 7.6374
-1.6749 3.7620 7.6374
-1.6416 3.7755 7.6374
-1.6071 3.7860 7.6374
-1.5747 3.8018 7.6374
-1.5363 3.8024 7.6374
-1.5063 3.8240 7.6374
-1.4729 3.8370 7.6374
-1.4446 3.8638 7.6374
-1.4122 3.8800 7.6374
-1.3776 3.8903 7.6374
-1.3439 3.9031 7.6374
-1.3102 3.9156 7.6374
-1.2793 3.9374 7.6374
-1.2476 3.9570 7.6374
-1.2169 3.9801 7.6374
-1.1821 3.9906 7.6374
-1.1494 4.0085 7.6374
-1.1163 4.0251 7.6374
-1.0829 4.0414 7.6374
-1.0443 4.0381 7.6374
-0.7529 3.0196 7.6374
-0.7204 3.0007 7.6374
-0.6933 3.0030 7.6374
-0.6474 2.9201 7.6374
-0.6187 2.9110 7.6374
-0.5901 2.9006 7.6374
-0.5661 2.9125 7.6374
-0.5443 2.9370 7.6374
-0.5215 2.9574 7.6374
-0.6577 3.9303 7.6374
-0.6558 4.1404 7.6374
-0.6545 4.3794 7.6374
-0.6562 4.6691 7.6374
-0.6460 4.9067 7.6374
-0.6531 5.3191 7.6374
-0.6622 5.8124 7.6374
-3.1798 2.9797 7.6374
-3.1333 3.0321 7.6374
-3.2235 3.1449 7.6374
-3.2355 3.2994 7.6374
-3.2192 3.5196 7.6374
-3.2366 3.6838 7.6374
-3.2348 3.9216 7.6374
-3.2102 4.2362 7.6374
-2.0056 3.6527 7.6374
-0.6274 2.8461 7.6374
-0.6980 2.9470 7.6374
-0.7914 3.0655 7.6374
-0.7910 3.1237 7.6374
-1.6157 3.7496 7.6374
-0.7513 3.2149 7.6374
-1.4925 3.8036 7.6374
-0.7196 3.3128 7.6374
-0.7179 3.3726 7.6374
-0.7178 3.4346 7.6374
-0.7170 3.4967 7.6374
-0.7163 3.5598 7.6374
-0.7163 3.6243 7.6374
-0.7156 3.6891 7.6374
-0.7164 3.7560 7.6374
-0.7164 3.8233 7.6374
-0.7171 3.8921 7.6374
-0.7192 3.9633 7.6374
-0.7196 4.0340 7.6374
-0.7222 4.1078 7.6374
-0.7237 4.1819 7.6374
-3.1924 3.0294 8.1148
-3.1579 3.0496 8.1148
-3.1262 3.0721 8.1148
-3.1099 3.1099 8.1148
-3.0973 3.1519 8.1148
-3.1148 3.2255 8.1148
-3.1671 3.3374 8.1148
-3.1611 3.3898 8.1148
-3.1665 3.4556 8.1148
-3.1650 3.5151 8.1148
-3.1660 3.5785 8.1148
-3.1615 3.6369 8.1148
-3.1589 3.6986 8.1148
-3.1548 3.7597 8.1148
-3.1594 3.8327 8.1148
-3.1560 3.8974 8.1148
-3.1599 3.9725 8.1148
-3.1559 4.0393 8.1148
-3.1576 4.1151 8.1148
-3.1559 4.1880 8.1148
-3.1520 4.2596 8.1148
-3.1470 4.3315 8.1148
-3.1445 4.4084 8.1148
-3.1432 4.4890 8.1148
-3.1317 4.5566 8.1148
-2.9990 4.4461 8.1148
-2.9231 4.4163 8.1148
-2.8316 4.3602 8.1148
-2.7488 4.3148 8.1148
-2.6295 4.2080 8.1148
-2.5791 4.2086 8.1148
-2.4918 4.1470 8.1148
-2.4154 4.1005 8.1148
-2.3285 4.0331 8.1148
-2.2592 3.9932 8.1148
-2.1952 3.9603 8.1148
-2.1343 3.9309 8.1148
-2.0624 3.8788 8.1148
-2.0040 3.8496 8.1148
-1.9526 3.8322 8.1148
-1.9026 3.8160 8.1148
-1.8609 3.8154 8.1148
-1.8262 3.8288 8.1148
-1.7767 3.8101 8.1148
-1.7376 3.8127 8.1148
-1.7046 3.8287 8.1148
-1.6724 3.8461 8.1148
-1.6356 3.8532 8.1148
-1.6061 3.8775 8.1148
-1.5689 3.8830 8.1148
-1.5356 3.8984 8.1148
-1.5055 3.9220 8.1148
-1.4702 3.9321 8.1148
-1.4372 3.9486 8.1148
-1.4033 3.9629 8.1148
-1.3706 3.9806 8.1148
-1.3343 3.9877 8.1148
-1.3003 4.0020 8.1148
-1.2702 4.0285 8.1148
-1.2347 4.0385 8.1148
-1.2011 4.0548 8.1148
-1.1698 4.0796 8.1148
-1.1358 4.0954 8.1148
-1.1013 4.1100 8.1148
-1.0666 4.1243 8.1148
-0.7546 3.0264 8.1148
-0.7244 3.0173 8.1148
-0.6935 3.0040 8.1148
-0.6463 2.9152 8.1148
-0.6183 2.9090 8.1148
-0.5919 2.9094 8.1148
-0.5646 2.9046 8.1148
-0.5440 2.9350 8.1148
-0.5206 2.9525 8.1148
-0.6607 3.9481 8.1148
-0.6572 4.1493 8.1148
-0.6560 4.3893 8.1148
-0.6555 4.6642 8.1148
-0.6389 4.8531 8.1148
-0.7072 5.7597 8.1148
-0.6699 5.8800 8.1148
-3.1788 2.9793 8.1148
-3.1324 3.0317 8.1148
-3.2281 3.1469 8.1148
-3.2355 3.2994 8.1148
-3.2192 3.5196 8.1148
-3.2068 3.7469 8.1148
-3.2348 3.9216 8.1148
-3.2136 4.2382 8.1148
-0.6274 2.8461 8.1148
-0.6972 2.9465 8.1148
-0.7906 3.0649 8.1148
-0.7893 3.1225 8.1148
-1.6800 3.7938 8.1148
-0.7497 3.2137 8.1148
-1.5853 3.8698 8.1148
-0.7196 3.3128 8.1148
-0.7179 3.3726 8.1148
-0.7178 3.4346 8.1148
-1.3382 3.9734 8.1148
-0.7163 3.5598 8.1148
-0.7163 3.6243 8.1148
-0.7164 3.6897 8.1148
-0.7164 3.7560 8.1148
-0.7172 3.8239 8.1148
-0.7179 3.8928 8.1148
-0.7192 3.9633 8.1148
-0.7204 4.0347 8.1148
-0.7222 4.1078 8.1148
-0.7237 4.1819 8.1148
-0.7273 4.2591 8.1148
-3.1967 3.0336 8.5921
-3.1694 3.0607 8.5921
-3.1290 3.0749 8.5921
-3.1063 3.1063 8.5921
-3.1022 3.1568 8.5921
-3.1135 3.2241 8.5921
-3.1595 3.3295 8.5921
-3.1658 3.3949 8.5921
-3.1604 3.4490 8.5921
-3.1590 3.5084 8.5921
-3.1594 3.5710 8.5921
-3.1583 3.6332 8.5921
-3.1570 3.6963 8.5921
-3.1561 3.7613 8.5921
-3.1518 3.8234 8.5921
-3.1491 3.8888 8.5921
-3.1499 3.9600 8.5921
-3.1466 4.0275 8.5921
-3.1485 4.1032 8.5921
-3.1451 4.1737 8.5921
-3.1460 4.2516 8.5921
-3.1452 4.3290 8.5921
-3.1457 4.4101 8.5921
-3.1380 4.4816 8.5921
-3.1419 4.5714 8.5921
-3.1438 4.6608 8.5921
-3.1201 4.7140 8.5921
-3.0353 4.6739 8.5921
-2.9369 4.6100 8.5921
-2.8414 4.5472 8.5921
-2.7342 4.4619 8.5921
-2.6705 4.4444 8.5921
-2.5925 4.4012 8.5921
-2.5180 4.3613 8.5921
-2.4439 4.3196 8.5921
-2.3727 4.2804 8.5921
-2.3085 4.2517 8.5921
-2.2450 4.2223 8.5921
-2.1785 4.1849 8.5921
-2.1156 4.1521 8.5921
-2.0637 4.1391 8.5921
-2.0064 4.1138 8.5921
-1.9554 4.0995 8.5921
-1.9102 4.0965 8.5921
-1.8682 4.0994 8.5921
-1.8250 4.0991 8.5921
-1.7776 4.0883 8.5921
-1.7403 4.0999 8.5921
-1.6972 4.0974 8.5921
-1.6603 4.1093 8.5921
-1.6192 4.1106 8.5921
-1.5843 4.1274 8.5921
-1.5448 4.1317 8.5921
-1.5117 4.1534 8.5921
-1.4734 4.1608 8.5921
-1.4380 4.1764 8.5921
-1.4025 4.1916 8.5921
-1.3659 4.2037 8.5921
-1.3270 4.2088 8.5921
-1.2937 4.2316 8.5921
-1.2556 4.2389 8.5921
-1.2222 4.2622 8.5921
-1.1855 4.2747 8.5921
-1.1489 4.2877 8.5921
-1.1139 4.3073 8.5921
-0.7558 3.0312 8.5921
-0.7248 3.0192 8.5921
-0.6931 3.0020 8.5921
-0.6526 2.9435 8.5921
-0.6250 2.9403 8.5921
-0.5945 2.9221 8.5921
-0.5684 2.9243 8.5921
-0.5420 2.9242 8.5921
-0.5208 2.9534 8.5921
-0.6612 3.9511 8.5921
-0.6616 4.1769 8.5921
-0.6634 4.4387 8.5921
-0.6584 4.6850 8.5921
-0.6761 5.1357 8.5921
-3.1807 2.9801 8.5921
-3.1324 3.0317 8.5921
-3.2272 3.1465 8.5921
-3.2374 3.3002 8.5921
-3.2219 3.5209 8.5921
-3.2148 3.7511 8.5921
-3.2064 3.9867 8.5921
-3.1951 4.3111 8.5921
-0.6612 2.8676 8.5921
-0.5982 2.8822 8.5921
-0.7906 3.0649 8.5921
-0.7893 3.1225 8.5921
-2.0352 4.0379 8.5921
-0.7505 3.2143 8.5921
-1.8157 4.0341 8.5921
-0.7196 3.3128 8.5921
-0.7187 3.3732 8.5921
-0.7178 3.4346 8.5921
-0.7170 3.4967 8.5921
-0.7163 3.5598 8.5921
-0.7156 3.6237 8.5921
-0.7156 3.6891 8.5921
-0.7164 3.7560 8.5921
-0.7164 3.8233 8.5921
-0.7179 3.8928 8.5921
-0.7184 3.9626 8.5921
-0.7204 4.0347 8.5921
-0.7214 4.1071 8.5921
-0.7237 4.1819 8.5921
-0.7266 4.2584 8.5921
-0.7291 4.3359 8.5921
-0.7336 4.4166 8.5921
-3.1808 3.0184 9.0695
-3.1442 3.0364 9.0695
-3.1262 3.0721 9.0695
-3.0886 3.0886 9.0695
-3.0924 3.1469 9.0695
-3.0968 3.2068 9.0695
-3.1637 3.3338 9.0695
-3.1536 3.3818 9.0695
-3.1624 3.4512 9.0695
-3.1563 3.5054 9.0695
-3.1600 3.5718 9.0695
-3.1583 3.6332 9.0695
-3.1596 3.6994 9.0695
-3.1362 3.7375 9.0695
-3.1092 3.7717 9.0695
-3.1076 3.8375 9.0695
-3.0478 3.8316 9.0695
-2.9453 3.7698 9.0695
-2.9385 3.8295 9.0695
-2.8887 3.8335 9.0695
-2.7856 3.7645 9.0695
-2.7779 3.8234 9.0695
-2.7316 3.8296 9.0695
-2.6797 3.8271 9.0695
-2.6247 3.8190 9.0695
-2.5701 3.8103 9.0695
-2.5157 3.8009 9.0695
-2.4699 3.8034 9.0695
-2.4135 3.7885 9.0695
-2.3650 3.7848 9.0695
-2.3136 3.7755 9.0695
-2.2734 3.7835 9.0695
-2.2245 3.7765 9.0695
-2.1710 3.7603 9.0695
-2.1233 3.7530 9.0695
-2.0852 3.7617 9.0695
-2.0379 3.7534 9.0695
-1.9962 3.7543 9.0695
-1.9481 3.7423 9.0695
-1.9068 3.7422 9.0695
-1.8651 3.7408 9.0695
-1.8219 3.7354 9.0695
-1.7737 3.7187 9.0695
-1.7361 3.7231 9.0695
-1.6982 3.7263 9.0695
-1.6587 3.7254 9.0695
-1.6165 3.7178 9.0695
-1.5789 3.7198 9.0695
-1.5392 3.7158 9.0695
-1.4996 3.7115 9.0695
-1.4612 3.7096 9.0695
-1.4256 3.7138 9.0695
-1.3879 3.7120 9.0695
-1.3486 3.7052 9.0695
-1.3099 3.6989 9.0695
-1.2723 3.6951 9.0695
-1.2359 3.6937 9.0695
-1.1981 3.6872 9.0695
-1.1646 3.6937 9.0695
-1.1265 3.6846 9.0695
-1.0886 3.6752 9.0695
-1.0516 3.6672 9.0695
-1.0152 3.6608 9.0695
-0.9809 3.6609 9.0695
-0.8085 3.1261 9.0695
-0.7507 3.0108 9.0695
-0.7213 3.0046 9.0695
-0.6951 3.0108 9.0695
-0.6627 2.9894 9.0695
-0.6252 2.9413 9.0695
-0.5939 2.9192 9.0695
-0.5715 2.9400 9.0695
-0.5440 2.9350 9.0695
-0.5187 2.9416 9.0695
-0.8710 5.2046 9.0695
-0.8258 5.2140 9.0695
-0.7804 5.2220 9.0695
-0.7465 5.3118 9.0695
-0.7406 5.6255 9.0695
-3.2019 2.9891 9.0695
-3.1333 3.0321 9.0695
-3.2149 3.2151 9.0695
-3.2137 3.3644 9.0695
-3.2264 3.5232 9.0695
-3.2130 3.7501 9.0695
-2.9612 3.6927 9.0695
-2.8500 3.7083 9.0695
-2.7842 3.8245 9.0695
-2.7015 3.8532 9.0695
-2.5245 3.8242 9.0695
-2.3740 3.8080 9.0695
-2.2252 3.7900 9.0695
-0.7927 2.9514 9.0695
-0.5924 2.8784 9.0695
-0.7939 3.0671 9.0695
-0.7918 3.1242 9.0695
-1.5828 3.7270 9.0695
-0.7513 3.2149 9.0695
-0.7492 3.2734 9.0695
-1.2358 3.6878 9.0695
-0.7179 3.3726 9.0695
-0.7170 3.4340 9.0695
-0.7162 3.4961 9.0695
-0.7486 3.5850 9.0695
-3.0010 3.3920 9.5468
-3.0557 3.5777 9.5468
-3.0140 3.5920 9.5468
-3.1010 4.0413 9.5468
-3.0410 4.0355 9.5468
-3.0312 4.0965 9.5468
-3.0048 4.1357 9.5468
-2.9482 4.1333 9.5468
-2.8943 4.1334 9.5468
-2.8439 4.1379 9.5468
-2.7893 4.1352 9.5468
-2.7420 4.1427 9.5468
-2.6872 4.1380 9.5468
-2.6328 4.1326 9.5468
-2.5844 4.1359 9.5468
-2.5373 4.1404 9.5468
-2.4943 4.1513 9.5468
-2.4443 4.1496 9.5468
-2.4150 4.1829 9.5468
-2.3897 4.2238 9.5468
-2.3285 4.2008 9.5468
-2.2803 4.1999 9.5468
-2.2211 4.1772 9.5468
-2.1504 4.1308 9.5468
-2.1029 4.1271 9.5468
-2.0547 4.1212 9.5468
-2.0161 4.1336 9.5468
-1.9752 4.1411 9.5468
-1.9238 4.1255 9.5468
-1.8786 4.1221 9.5468
-1.8319 4.1146 9.5468
-1.7880 4.1121 9.5468
-1.7505 4.1239 9.5468
-1.7079 4.1233 9.5468
-1.6625 4.1148 9.5468
-1.6309 4.1404 9.5468
-1.5818 4.1208 9.5468
-1.5367 4.1101 9.5468
-1.4980 4.1159 9.5468
-1.4597 4.1222 9.5468
-1.4175 4.1168 9.5468
-1.3812 4.1281 9.5468
-1.3486 4.1504 9.5468
-1.3012 4.1267 9.5468
-1.2744 4.1685 9.5468
-1.2272 4.1431 9.5468
-1.1836 4.1277 9.5468
-1.1430 4.1214 9.5468
-0.8934 3.3344 9.5468
-0.9084 3.5124 9.5468
-0.8876 3.5600 9.5468
-0.9753 4.0626 9.5468
-0.9513 4.1206 9.5468
-0.9039 4.0770 9.5468
-0.8780 4.1307 9.5468
-2.5738 4.0078 9.5468
-2.4880 4.0314 9.5468
-2.3704 4.0331 9.5468
-2.2791 4.0501 9.5468
-2.1912 4.0681 9.5468
-2.0706 4.0623 9.5468
-1.9793 4.0747 9.5468
-1.9142 4.1044 9.5468
-1.7908 4.0910 9.5468
-0.9124 3.5166 9.5468
-1.5684 4.0755 9.5468
-1.4715 4.0757 9.5468
-1.3758 4.0751 9.5468
-1.2790 4.0719 9.5468
-1.2169 4.0950 9.5468
-1.1169 4.0862 9.5468
-1.0198 4.0778 9.5468
-0.9209 4.0662 9.5468
-3.0340 5.2550 10.0241
-2.9718 5.2526 10.0241
-2.9089 5.2477 10.0241
-2.8515 5.2518 10.0241
-2.5455 4.7873 10.0241
-2.2967 4.4120 10.0241
-2.4052 4.7206 10.0241
-2.6103 5.2354 10.0241
-2.5566 5.2418 10.0241
-2.4991 5.2395 10.0241
-2.4470 5.2475 10.0241
-2.3285 5.1094 10.0241
-2.3180 5.2063 10.0241
-2.2693 5.2190 10.0241
-2.0091 4.7332 10.0241
-2.0784 5.0176 10.0241
-2.1191 5.2451 10.0241
-2.0605 5.2308 10.0241
-1.7209 4.4831 10.0241
-1.9528 5.2229 10.0241
-1.7036 4.6806 10.0241
-1.8476 5.2175 10.0241
-1.7968 5.2183 10.0241
-1.7474 5.2224 10.0241
-1.6993 5.2299 10.0241
-1.6458 5.2197 10.0241
-1.5952 5.2176 10.0241
-1.5456 5.2179 10.0241
-1.4940 5.2100 10.0241
-1.4955 5.3925 10.0241
-1.4064 5.2488 10.0241
-1.3500 5.2203 10.0241
-1.3001 5.2144 10.0241
-1.2492 5.2032 10.0241
-1.2024 5.2080 10.0241
-1.1562 5.2154 10.0241
-1.1069 5.2077 10.0241
-1.0594 5.2073 10.0241
-1.0134 5.2134 10.0241
-0.9658 5.2113 10.0241
-0.9167 5.1988 10.0241
-0.8710 5.2046 10.0241
-0.8261 5.2160 10.0241
-0.7813 5.2279 10.0241
-0.7346 5.2266 10.0241
-0.6940 5.2715 10.0241
-0.6638 5.4064 10.0241
-0.6785 5.9555 10.0241
-2.5799 4.0899 10.0241
-2.5255 4.1338 10.0241
-2.4267 4.2269 10.0241
-2.3269 4.2384 10.0241
-2.2750 4.2817 10.0241
-2.1426 4.5082 10.0241
-1.8396 4.3581 10.0241
-1.5413 4.2044 10.0241
-1.6132 4.3377 10.0241
-2.5614 5.1837 10.0241
-1.8137 4.6605 10.0241
-1.3201 4.3298 10.0241
-1.5071 4.6482 10.0241
-1.7849 5.0646 10.0241
-1.5234 5.1794 10.0241
-1.4274 5.1762 10.0241
-1.3487 5.1887 10.0241
-1.1694 5.0976 10.0241
-1.0749 5.1792 10.0241
-0.9020 5.1749 10.0241
-0.7659 5.2060 10.0241
-3.2208 2.6550 10.5015
-3.2021 2.6869 10.5015
-3.1967 2.7303 10.5015
-3.1902 2.7732 10.5015
-3.1906 2.8228 10.5015
-3.1940 2.8759 10.5015
-3.2079 2.9395 10.5015
-3.2026 2.9865 10.5015
-3.2040 3.0405 10.5015
-3.2147 3.1044 10.5015
-3.2182 3.1625 10.5015
-3.2152 3.2152 10.5015
-3.1926 3.2489 10.5015
-3.1996 3.3133 10.5015
-3.2064 3.3788 10.5015
-3.2136 3.4461 10.5015
-3.2084 3.5013 10.5015
-3.2105 3.5656 10.5015
-3.2177 3.6369 10.5015
-3.2101 3.6928 10.5015
-3.2089 3.7572 10.5015
-3.2056 3.8203 10.5015
-3.2090 3.8928 10.5015
-3.1328 3.8686 10.5015
-3.1337 3.9396 10.5015
-3.2027 4.0992 10.5015
-3.1990 4.1691 10.5015
-3.2011 4.2479 10.5015
-3.1924 4.3143 10.5015
-3.1970 4.4002 10.5015
-3.1933 4.4768 10.5015
-3.1879 4.5528 10.5015
-3.1860 4.6357 10.5015
-3.1611 4.6865 10.5015
-3.1135 4.7039 10.5015
-3.1344 4.8265 10.5015
-3.1674 4.9718 10.5015
-3.1700 5.0730 10.5015
-3.1350 5.1158 10.5015
-3.0360 5.2585 10.5015
-2.9742 5.2569 10.5015
-2.9137 5.2565 10.5015
-2.8548 5.2580 10.5015
-2.7919 5.2509 10.5015
-2.7349 5.2538 10.5015
-2.6726 5.2454 10.5015
-2.6183 5.2515 10.5015
-2.5614 5.2517 10.5015
-2.4186 5.0707 10.5015
-2.4127 5.1741 10.5015
-2.3944 5.2541 10.5015
-2.3318 5.2374 10.5015
-2.2832 5.2511 10.5015
-2.2268 5.2460 10.5015
-2.1748 5.2504 10.5015
-2.1173 5.2404 10.5015
-2.0663 5.2457 10.5015
-0.8551 2.2275 10.5015
-0.8321 2.2255 10.5015
-0.8178 2.2468 10.5015
-0.8095 2.2859 10.5015
-0.7960 2.3118 10.5015
-0.7901 2.3613 10.5015
-0.8115 2.4975 10.5015
-0.8047 2.5521 10.5015
-0.7894 2.5820 10.5015
-0.7924 2.6751 10.5015
-0.7850 2.7377 10.5015
-0.7753 2.7955 10.5015
-0.7661 2.8591 10.5015
-0.7526 2.9103 10.5015
-0.7393 2.9652 10.5015
-0.7319 3.0484 10.5015
-0.7239 3.1355 10.5015
-0.7255 3.2725 10.5015
-0.7279 3.4245 10.5015
-0.7223 3.5503 10.5015
-0.7161 3.6840 10.5015
-0.7087 3.8239 10.5015
-0.6991 3.9648 10.5015
-0.6845 4.0901 10.5015
-0.6692 4.2253 10.5015
-0.6641 4.4436 10.5015
-0.6611 4.7038 10.5015
-0.6451 4.8997 10.5015
-0.6631 5.4004 10.5015
-0.6772 5.9435 10.5015
-3.1893 3.0564 10.5015
-3.1514 3.1128 10.5015
-0.8700 2.1465 10.5015
-0.8291 2.2270 10.5015
-0.8220 2.2738 10.5015
-0.8137 2.3202 10.5015
-3.2319 3.6033 10.5015
-0.8416 2.4371 10.5015
-0.8370 2.4868 10.5015
-0.8221 2.5313 10.5015
-0.8156 2.5806 10.5015
-0.8155 2.6340 10.5015
-0.8132 2.6865 10.5015
-0.8085 2.7382 10.5015
-0.8041 2.7905 10.5015
-0.7967 2.8413 10.5015
-3.2251 4.4148 10.5015
-0.7658 2.9342 10.5015
-0.7618 2.9884 10.5015
-0.7605 3.0450 10.5015
-0.7562 3.1002 10.5015
-3.2211 4.8530 10.5015
-0.7532 3.2763 10.5015
-0.7520 3.3363 10.5015
-0.7806 3.4190 10.5015
-0.7809 3.4821 10.5015
-0.7813 3.5460 10.5015
-0.7809 3.6102 10.5015
-0.7490 3.7161 10.5015
-0.7496 3.7834 10.5015
-0.7501 3.8516 10.5015
-2.1702 5.1332 10.5015
-0.7184 3.9626 10.5015
-0.7196 4.0340 10.5015
-0.7237 4.1091 10.5015
-0.7223 4.1806 10.5015
-1.6576 5.1266 10.5015
-1.5474 5.1124 10.5015
-0.6947 4.3791 10.5015
-0.6984 4.4599 10.5015
-0.7010 4.5410 10.5015
-0.7425 4.6632 10.5015
-1.1476 5.1649 10.5015
-0.7066 4.7911 10.5015
-0.7192 4.8891 10.5015
-0.9026 5.1757 10.5015
-0.6813 5.0214 10.5015
-0.7672 5.2075 10.5015
-0.5572 5.3342 10.5015
-2.9703 2.2792 10.9788
-2.9085 2.2724 10.9788
-2.8550 2.2709 10.9788
-2.8187 2.2825 10.9788
-2.7840 2.2950 10.9788
-2.7294 2.2903 10.9788
-2.6705 2.2809 10.9788
-2.6256 2.2824 10.9788
-2.5794 2.2821 10.9788
-2.5326 2.2804 10.9788
-2.4861 2.2781 10.9788
-2.4339 2.2697 10.9788
-2.3974 2.2750 10.9788
-2.3515 2.2708 10.9788
-2.3074 2.2674 10.9788
-2.2705 2.2705 10.9788
-2.2240 2.2631 10.9788
-2.1875 2.2652 10.9788
-2.1504 2.2661 10.9788
-2.1060 2.2584 10.9788
-2.0700 2.2590 10.9788
-2.0382 2.2636 10.9788
-1.9978 2.2581 10.9788
-1.9623 2.2573 10.9788
-1.9334 2.2637 10.9788
-1.8975 2.2614 10.9788
-1.8618 2.2585 10.9788
-1.8257 2.2545 10.9788
-1.7928 2.2539 10.9788
-1.7651 2.2592 10.9788
-1.7295 2.2539 10.9788
-1.6995 2.2553 10.9788
-1.6685 2.2548 10.9788
-1.6423 2.2604 10.9788
-1.6085 2.2551 10.9788
-1.5819 2.2592 10.9788
-1.5542 2.2614 10.9788
-1.5283 2.2658 10.9788
-1.4946 2.2582 10.9788
-1.4673 2.2594 10.9788
-1.4410 2.2620 10.9788
-1.4138 2.2626 10.9788
-1.3878 2.2646 10.9788
-1.3612 2.2655 10.9788
-1.3348 2.2661 10.9788
-1.3120 2.2725 10.9788
-1.2828 2.2673 10.9788
-1.2634 2.2793 10.9788
-1.2354 2.2753 10.9788
-1.2056 2.2674 10.9788
-1.1719 2.2512 10.9788
-1.1481 2.2534 10.9788
-1.1235 2.2534 10.9788
-1.1038 2.2632 10.9788
-1.0767 2.2574 10.9788
-1.0553 2.2631 10.9788
-1.0305 2.2613 10.9788
-1.0168 2.2839 10.9788
-0.9909 2.2789 10.9788
-0.9745 2.2957 10.9788
-0.9575 2.3115 10.9788
-0.9485 2.3476 10.9788
-0.9342 2.3716 10.9788
-0.9239 2.4068 10.9788
-0.9098 2.4335 10.9788
-0.9070 2.4921 10.9788
-0.9156 2.5857 10.9788
-0.8917 2.5898 10.9788
-0.8850 2.6449 10.9788
-0.8878 2.7324 10.9788
-0.8621 2.7343 10.9788
-0.8496 2.7790 10.9788
-0.8333 2.8132 10.9788
-0.8228 2.8694 10.9788
-0.8161 2.9429 10.9788
-0.7974 2.9760 10.9788
-0.7957 3.0768 10.9788
-0.7899 3.1680 10.9788
-0.7664 3.1923 10.9788
-0.7675 3.3246 10.9788
-0.7575 3.4170 10.9788
-0.7516 3.5360 10.9788
-0.7420 3.6473 10.9788
-0.7358 3.7852 10.9788
-0.7235 3.9035 10.9788
-0.7146 4.0525 10.9788
-0.7006 4.1868 10.9788
-0.6902 4.3577 10.9788
-0.6886 4.6078 10.9788
-0.6665 4.7424 10.9788
-0.6502 4.9384 10.9788
-0.6569 5.3498 10.9788
-0.6335 5.5600 10.9788
-2.9534 2.2073 10.9788
-2.8068 2.2240 10.9788
-2.5413 2.1973 10.9788
-2.3748 2.2008 10.9788
-2.1534 2.1814 10.9788
-2.0208 2.1912 10.9788
-1.8847 2.1975 10.9788
-1.7109 2.1865 10.9788
-1.5896 2.1937 10.9788
-1.4649 2.1974 10.9788
-1.3719 2.2123 10.9788
-1.2075 2.1947 10.9788
-1.1068 2.2025 10.9788
-1.0474 2.2273 10.9788
-3.1760 3.4219 10.9788
-3.1740 3.5738 10.9788
-3.1838 3.7346 10.9788
-3.1911 3.8974 10.9788
-3.2012 4.1476 10.9788
-3.2020 4.3153 10.9788
-3.1737 4.7308 10.9788
-3.2088 4.8445 10.9788
-2.8604 2.4002 11.4562
-2.8181 2.4069 11.4562
-2.7713 2.4090 11.4562
-2.7344 2.4192 11.4562
-2.6880 2.4202 11.4562
-2.6395 2.4186 11.4562
-2.5934 2.4184 11.4562
-2.5468 2.4168 11.4562
-2.5011 2.4153 11.4562
-2.4536 2.4111 11.4562
-2.4169 2.4169 11.4562
-2.3698 2.4115 11.4562
-2.3167 2.3990 11.4562
-2.2778 2.4003 11.4562
-2.2410 2.4032 11.4562
-2.1957 2.3962 11.4562
-2.1579 2.3966 11.4562
-2.1210 2.3974 11.4562
-2.0869 2.4007 11.4562
-2.0445 2.3938 11.4562
-2.0100 2.3954 11.4562
-1.9725 2.3928 11.4562
-1.9440 2.4006 11.4562
-1.9036 2.3932 11.4562
-1.8704 2.3940 11.4562
-1.8348 2.3912 11.4562
-1.8066 2.3975 11.4562
-1.7708 2.3931 11.4562
-1.7428 2.3987 11.4562
-1.7073 2.3935 11.4562
-1.6789 2.3977 11.4562
-1.6431 2.3908 11.4562
-1.6155 2.3951 11.4562
-1.5791 2.3857 11.4562
-1.5549 2.3944 11.4562
-1.5206 2.3868 11.4562
-1.4923 2.3881 11.4562
-1.4651 2.3908 11.4562
-1.4370 2.3915 11.4562
-1.4104 2.3945 11.4562
-1.3835 2.3963 11.4562
-1.3561 2.3970 11.4562
-1.3347 2.4078 11.4562
-1.3017 2.3974 11.4562
-1.2704 2.3893 11.4562
-1.2384 2.3790 11.4562
-1.2149 2.3843 11.4562
-1.1896 2.3859 11.4562
-1.1643 2.3872 11.4562
-1.1391 2.3882 11.4562
-1.1187 2.3990 11.4562
-1.0931 2.3987 11.4562
-1.0766 2.4182 11.4562
-1.0551 2.4265 11.4562
-1.0413 2.4531 11.4562
-1.0256 2.4760 11.4562
-1.0253 2.5377 11.4562
-1.0038 2.5484 11.4562
-0.9984 2.6010 11.4562
-0.9834 2.6302 11.4562
-0.9932 2.7289 11.4562
-0.9630 2.7195 11.4562
-0.9360 2.7184 11.4562
-0.9116 2.7245 11.4562
-0.8897 2.7381 11.4562
-0.8660 2.7467 11.4562
-0.8499 2.7800 11.4562
-0.8350 2.8189 11.4562
-0.8225 2.8684 11.4562
-0.8161 2.9429 11.4562
-0.8010 2.9895 11.4562
-0.7980 3.0855 11.4562
-0.7870 3.1564 11.4562
-0.7701 3.2078 11.4562
-0.7723 3.3450 11.4562
-0.7610 3.4327 11.4562
-0.7526 3.5409 11.4562
-0.7430 3.6522 11.4562
-0.7375 3.7940 11.4562
-0.7193 3.8809 11.4562
-0.7128 4.0426 11.4562
-0.7006 4.1868 11.4562
-0.6885 4.3468 11.4562
-0.6916 4.6276 11.4562
-0.6652 4.7335 11.4562
-0.6415 4.8730 11.4562
-0.6402 5.2138 11.4562
-0.6433 5.6465 11.4562
-0.6233 5.9303 11.4562
-2.7557 2.3356 11.4562
-2.5734 2.3343 11.4562
-2.4076 2.3359 11.4562
-2.2339 2.3315 11.4562
-2.0495 2.3200 11.4562
-1.9132 2.3244 11.4562
-1.7726 2.3248 11.4562
-1.6563 2.3331 11.4562
-1.5340 2.3367 11.4562
-1.4056 2.3355 11.4562
-1.2476 2.3185 11.4562
-1.1918 2.3464 11.4562
-1.1260 2.3687 11.4562
-3.1787 3.4232 11.4562
-3.1749 3.5743 11.4562
-3.1856 3.7356 11.4562
-3.1928 3.8984 11.4562
-3.1673 4.2104 11.4562
-3.1900 4.3080 11.4562
-3.1720 4.7297 11.4562
-3.2211 4.8530 11.4562
-3.1824 5.2918 11.4562
-3.2096 5.8112 11.4562
-2.7648 2.5335 11.9335
-2.6943 2.5125 11.9335
-2.6483 2.5132 11.9335
-2.6148 2.5251 11.9335
-2.5663 2.5219 11.9335
-2.5208 2.5208 11.9335
-2.4721 2.5156 11.9335
-2.4341 2.5206 11.9335
-2.3790 2.5069 11.9335
-2.3365 2.5056 11.9335
-2.2943 2.5038 11.9335
-2.2496 2.4985 11.9335
-2.2045 2.4918 11.9335
-2.1663 2.4921 11.9335
-2.1282 2.4919 11.9335
-2.0903 2.4912 11.9335
-2.0526 2.4900 11.9335
-2.0151 2.4884 11.9335
-1.9784 2.4871 11.9335
-1.9480 2.4933 11.9335
-1.9121 2.4919 11.9335
-1.8753 2.4885 11.9335
-1.8469 2.4960 11.9335
-1.8168 2.5007 11.9335
-1.7740 2.4871 11.9335
-1.7442 2.4910 11.9335
-1.7088 2.4864 11.9335
-1.6787 2.4888 11.9335
-1.6475 2.4891 11.9335
-1.6154 2.4875 11.9335
-1.5899 2.4956 11.9335
-1.5585 2.4941 11.9335
-1.5299 2.4965 11.9335
-1.5019 2.4995 11.9335
-1.4734 2.5013 11.9335
-1.4445 2.5019 11.9335
-1.4118 2.4953 11.9335
-1.3846 2.4979 11.9335
-1.3547 2.4950 11.9335
-1.3253 2.4926 11.9335
-1.2966 2.4907 11.9335
-1.2703 2.4930 11.9335
-1.2489 2.5049 11.9335
-1.2266 2.5148 11.9335
-1.2037 2.5236 11.9335
-1.1850 2.5413 11.9335
-1.1707 2.5688 11.9335
-1.1551 2.5945 11.9335
-1.1468 2.6375 11.9335
-1.1355 2.6750 11.9335
-1.1316 2.7319 11.9335
-1.1118 2.7519 11.9335
-1.0808 2.7438 11.9335
-1.0511 2.7382 11.9335
-1.0258 2.7435 11.9335
-1.0018 2.7524 11.9335
-0.9720 2.7450 11.9335
-0.9474 2.7515 11.9335
-0.9170 2.7407 11.9335
-0.8937 2.7505 11.9335
-0.8732 2.7696 11.9335
-0.8552 2.7972 11.9335
-0.8384 2.8304 11.9335
-0.8280 2.8876 11.9335
-0.8186 2.9516 11.9335
-0.8039 3.0002 11.9335
-0.7995 3.0913 11.9335
-0.7925 3.1787 11.9335
-0.7655 3.1884 11.9335
-0.7432 3.2193 11.9335
-0.7166 3.2325 11.9335
-0.6911 3.2514 11.9335
-0.6637 3.2622 11.9335
-0.6363 3.2737 11.9335
-0.6130 3.3077 11.9335
-0.6090 3.4537 11.9335
-0.7031 4.2016 11.9335
-0.6968 4.3992 11.9335
-0.6996 4.6810 11.9335
-0.6682 4.7543 11.9335
-0.6575 4.9939 11.9335
-0.6520 5.3101 11.9335
-0.6260 5.4945 11.9335
-2.6830 2.4388 11.9335
-2.4943 2.4315 11.9335
-2.2970 2.4174 11.9335
-2.1700 2.4282 11.9335
-1.9823 2.4117 11.9335
-1.8736 2.4253 11.9335
-1.7284 2.4212 11.9335
-1.6075 2.4254 11.9335
-1.5188 2.4421 11.9335
-1.3613 2.4254 11.9335
-1.3029 2.4531 11.9335
-1.1211 2.5826 11.9335
-3.1334 3.7863 11.9335
-3.1692 3.8853 11.9335
-0.9478 2.7088 11.9335
-3.1733 4.2140 11.9335
-3.1827 4.3883 11.9335
-3.1795 4.7347 11.9335
-3.2047 4.9328 11.9335
-3.1880 5.2960 11.9335
-3.1941 5.7985 11.9335
-3.0263 2.8221 12.4108
-2.9813 2.8291 12.4108
-2.9212 2.8210 12.4108
-2.8666 2.8170 12.4108
-2.8199 2.8199 12.4108
-2.7609 2.8095 12.4108
-2.7189 2.8155 12.4108
-2.6681 2.8116 12.4108
-2.5773 2.7638 12.4108
-2.4558 2.6800 12.4108
-2.4035 2.6694 12.4108
-2.3656 2.6738 12.4108
-2.3251 2.6747 12.4108
-2.2789 2.6683 12.4108
-2.2330 2.6612 12.4108
-2.1945 2.6621 12.4108
-2.1598 2.6672 12.4108
-2.1178 2.6624 12.4108
-2.0797 2.6619 12.4108
-2.0357 2.6530 12.4108
-2.0010 2.6555 12.4108
-1.9677 2.6592 12.4108
-1.9291 2.6552 12.4108
-1.8913 2.6516 12.4108
-1.8613 2.6581 12.4108
-1.8238 2.6537 12.4108
-1.7939 2.6596 12.4108
-1.7568 2.6543 12.4108
-1.7320 2.6670 12.4108
-1.6957 2.6617 12.4108
-1.6661 2.6663 12.4108
-1.6354 2.6688 12.4108
-1.6038 2.6692 12.4108
-1.5815 2.6848 12.4108
-1.5495 2.6838 12.4108
-1.5191 2.6850 12.4108
-1.4966 2.7000 12.4108
-1.4716 2.7103 12.4108
-1.4497 2.7265 12.4108
-1.4314 2.7497 12.4108
-1.4124 2.7719 12.4108
-1.3832 2.7743 12.4108
-1.3537 2.7755 12.4108
-1.3238 2.7754 12.4108
-1.2949 2.7769 12.4108
-1.2656 2.7772 12.4108
-1.2397 2.7845 12.4108
-1.2082 2.7787 12.4108
-1.1839 2.7891 12.4108
-1.1496 2.7753 12.4108
-1.1216 2.7760 12.4108
-1.0925 2.7736 12.4108
-1.0654 2.7755 12.4108
-1.0401 2.7819 12.4108
-1.0110 2.7777 12.4108
-0.9844 2.7798 12.4108
-0.9588 2.7846 12.4108
-0.9319 2.7852 12.4108
-0.9076 2.7933 12.4108
-0.8850 2.8068 12.4108
-0.8666 2.8345 12.4108
-0.8498 2.8688 12.4108
-0.8338 2.9078 12.4108
-0.8234 2.9689 12.4108
-0.8124 3.0320 12.4108
-0.8057 3.1155 12.4108
-0.7962 3.1932 12.4108
-0.7974 3.3216 12.4108
-0.7963 3.4493 12.4108
-0.7201 3.2481 12.4108
-0.6859 3.2269 12.4108
-0.6585 3.2367 12.4108
-0.6310 3.2462 12.4108
-0.6039 3.2585 12.4108
-0.5789 3.2833 12.4108
-0.5509 3.2922 12.4108
-0.5231 3.3028 12.4108
-0.5026 3.3627 12.4108
-0.4891 3.4798 12.4108
-0.4895 3.7179 12.4108
-0.4608 3.7528 12.4108
-0.6544 5.7438 12.4108
-2.9423 2.7402 12.4108
-2.3851 2.5785 12.4108
-2.2574 2.5882 12.4108
-2.1007 2.5831 12.4108
-1.9345 2.5710 12.4108
-1.8218 2.5802 12.4108
-1.7356 2.5999 12.4108
-1.6161 2.6024 12.4108
-1.5222 2.6153 12.4108
-3.1333 3.4768 12.4108
-3.1499 3.5616 12.4108
-1.3951 2.7252 12.4108
-1.2634 2.7135 12.4108
-1.1701 2.7203 12.4108
-1.0727 2.7232 12.4108
-0.9748 2.7241 12.4108
-3.1811 4.2187 12.4108
-3.1571 4.6313 12.4108
-3.1861 4.7392 12.4108
-3.1718 5.0943 12.4108
-3.1386 5.7527 12.4108
-2.6818 3.4326 12.8882
-2.5435 3.4373 12.8882
-2.4658 3.3938 12.8882
-2.4587 3.4470 12.8882
-2.3964 3.4224 12.8882
-2.3173 3.4355 12.8882
-2.2690 3.4281 12.8882
-2.2210 3.4201 12.8882
-2.1723 3.4098 12.8882
-2.1091 3.3752 12.8882
-2.0649 3.3696 12.8882
-2.7632 4.5987 12.8882
-2.7463 4.6623 12.8882
-2.7305 4.7294 12.8882
-2.7029 4.7774 12.8882
-1.8942 3.4171 12.8882
-1.8289 3.3685 12.8882
-1.7934 3.3729 12.8882
-1.7727 3.4052 12.8882
-1.6920 3.3208 12.8882
-1.6616 3.3327 12.8882
-1.6259 3.3336 12.8882
-1.5869 3.3269 12.8882
-1.7818 3.8210 12.8882
-1.5186 3.3323 12.8882
-1.4777 3.3189 12.8882
-1.4463 3.3262 12.8882
-1.4082 3.3175 12.8882
-1.3715 3.3112 12.8882
-1.3340 3.3017 12.8882
-1.3110 3.3281 12.8882
-1.2787 3.3310 12.8882
-1.2579 3.3645 12.8882
-1.2426 3.4139 12.8882
-1.2244 3.4576 12.8882
-1.1545 3.3528 12.8882
-1.1267 3.3675 12.8882
-1.0955 3.3715 12.8882
-1.0708 3.3962 12.8882
-1.0403 3.4025 12.8882
-1.0131 3.4201 12.8882
-0.9810 3.4211 12.8882
-1.3560 4.8895 12.8882
-1.3477 5.0296 12.8882
-1.3298 5.1418 12.8882
-1.3187 5.2891 12.8882
-1.2952 5.3947 12.8882
-1.2204 5.2860 12.8882
-1.2335 5.5639 12.8882
-1.1838 5.5696 12.8882
-1.1334 5.5709 12.8882
-1.0796 5.5540 12.8882
-1.0276 5.5446 12.8882
-0.9858 5.5908 12.8882
-0.9761 5.8329 12.8882
-2.8084 3.2426 12.8882
-2.9006 3.3608 12.8882
-2.6572 3.3105 12.8882
-2.3857 3.3102 12.8882
-2.1913 3.2747 12.8882
-2.7503 3.6530 12.8882
-1.9339 3.2667 12.8882
-1.8463 3.2830 12.8882
-1.7873 3.3147 12.8882
-2.7799 3.9776 12.8882
-1.2364 3.2340 12.8882
-1.1711 3.2542 12.8882
-3.1596 4.6330 12.8882
-1.9709 3.9937 12.8882
-1.7442 3.9101 12.8882
-3.0314 5.7658 12.8882
