-3.2152 3.9704 0.0000
-3.2022 4.0257 0.0000
-3.2051 4.1024 0.0000
-3.1972 4.1667 0.0000
-3.1932 4.2376 0.0000
-3.1912 4.3127 0.0000
-3.1876 4.3873 0.0000
-3.1950 4.4793 0.0000
-3.1891 4.5545 0.0000
-3.1872 4.6374 0.0000
-3.1829 4.7189 0.0000
-3.1764 4.7990 0.0000
-3.1731 4.8861 0.0000
-3.1405 4.9296 0.0000
-3.0894 4.9441 0.0000
-3.0289 4.9428 0.0000
-2.9682 4.9399 0.0000
-2.9051 4.9320 0.0000
-2.8505 4.9372 0.0000
-2.7965 4.9427 0.0000
-2.7358 4.9355 0.0000
-2.6797 4.9354 0.0000
-2.6248 4.9366 0.0000
-2.5696 4.9362 0.0000
-2.5110 4.9282 0.0000
-2.4523 4.9186 0.0000
-2.4005 4.9218 0.0000
-2.3519 4.9308 0.0000
-2.2969 4.9258 0.0000
-2.2406 4.9165 0.0000
-2.1911 4.9213 0.0000
-2.1421 4.9264 0.0000
-2.0888 4.9210 0.0000
-2.0382 4.9206 0.0000
-1.9862 4.9159 0.0000
-1.9432 4.9331 0.0000
-1.8890 4.9209 0.0000
-1.8400 4.9213 0.0000
-1.7877 4.9118 0.0000
-1.7425 4.9206 0.0000
-1.6920 4.9139 0.0000
-1.6414 4.9057 0.0000
-1.5936 4.9046 0.0000
-1.5450 4.9002 0.0000
-1.4981 4.9001 0.0000
-1.4519 4.9015 0.0000
-1.4044 4.8976 0.0000
-1.3610 4.9078 0.0000
-1.3096 4.8876 0.0000
-1.2642 4.8882 0.0000
-1.2198 4.8922 0.0000
-1.1754 4.8959 0.0000
-1.1277 4.8845 0.0000
-1.0839 4.8893 0.0000
-1.0375 4.8810 0.0000
-0.9950 4.8908 0.0000
-0.9498 4.8865 0.0000
-0.7246 3.9094 0.0000
-0.6908 3.9176 0.0000
-0.7001 4.1838 0.0000
-0.7007 4.4239 0.0000
-0.7012 4.6919 0.0000
-0.7703 5.4811 0.0000
-0.7531 5.7206 0.0000
-3.2479 3.9289 0.0000
-3.2614 4.1000 0.0000
-3.2717 4.4439 0.0000
-2.9961 4.8762 0.0000
-2.8676 4.8733 0.0000
-2.7347 4.8651 0.0000
-2.6305 4.8759 0.0000
-2.5290 4.8871 0.0000
-2.3995 4.8748 0.0000
-2.2714 4.8612 0.0000
-2.1728 4.8691 0.0000
-2.0359 4.8437 0.0000
-1.9367 4.8473 0.0000
-0.7179 3.8928 0.0000
-0.7517 3.9915 0.0000
-0.7541 4.0645 0.0000
-0.7556 4.1379 0.0000
-0.7577 4.2130 0.0000
-0.7595 4.2891 0.0000
-0.7610 4.3662 0.0000
-0.7638 4.4458 0.0000
-0.7662 4.5265 0.0000
-0.7718 4.6118 0.0000
-0.7769 4.6982 0.0000
-0.7795 4.7836 0.0000
-0.7782 4.8665 0.0000
-3.2227 3.9798 0.4558
-3.2203 4.0484 0.4558
-3.2119 4.1111 0.4558
-3.2124 4.1865 0.4558
-3.2053 4.2535 0.4558
-3.2061 4.3328 0.4558
-3.2040 4.4100 0.4558
-3.1962 4.4809 0.4558
-3.1879 4.5528 0.4558
-3.1917 4.6440 0.4558
-3.1908 4.7305 0.4558
-3.1852 4.8124 0.4558
-3.1801 4.8970 0.4558
-3.1486 4.9423 0.4558
-3.0862 4.9390 0.4558
-3.0247 4.9359 0.4558
-2.9656 4.9356 0.4558
-2.9112 4.9423 0.4558
-2.8540 4.9433 0.4558
-2.7935 4.9375 0.4558
-2.7387 4.9407 0.4558
-2.6783 4.9328 0.4558
-2.6262 4.9392 0.4558
-2.5724 4.9415 0.4558
-2.5133 4.9326 0.4558
-2.4585 4.9311 0.4558
-2.4058 4.9326 0.4558
-2.3519 4.9308 0.4558
-2.2986 4.9294 0.4558
-2.2456 4.9274 0.4558
-2.1935 4.9268 0.4558
-2.1397 4.9209 0.4558
-2.0900 4.9238 0.4558
-2.0397 4.9243 0.4558
-1.9918 4.9298 0.4558
-1.9377 4.9191 0.4558
-1.8879 4.9181 0.4558
-1.8424 4.9278 0.4558
-1.7915 4.9221 0.4558
-1.7425 4.9206 0.4558
-1.6923 4.9148 0.4558
-1.6436 4.9123 0.4558
-1.5945 4.9075 0.4558
-1.5483 4.9107 0.4558
-1.4987 4.9020 0.4558
-1.4539 4.9082 0.4558
-1.4049 4.8996 0.4558
-1.3597 4.9030 0.4558
-1.3143 4.9050 0.4558
-1.2664 4.8969 0.4558
-1.2222 4.9019 0.4558
-1.1740 4.8900 0.4558
-1.1277 4.8845 0.4558
-1.0831 4.8854 0.4558
-1.0389 4.8878 0.4558
-0.9944 4.8879 0.4558
-0.9487 4.8807 0.4558
-0.7368 3.9753 0.4558
-0.6901 3.9136 0.4558
-0.6955 4.1562 0.4558
-0.7005 4.4229 0.4558
-0.7024 4.6998 0.4558
-0.7128 5.0722 0.4558
-3.2514 3.9308 0.4558
-3.2839 4.0305 0.4558
-3.2470 4.5149 0.4558
-2.9969 4.8767 0.4558
-2.8668 4.8727 0.4558
-2.7323 4.8633 0.4558
-2.6305 4.8759 0.4558
-2.5029 4.8670 0.4558
-2.4042 4.8785 0.4558
-2.2714 4.8612 0.4558
-2.1697 4.8665 0.4558
-2.0367 4.8444 0.4558
-1.9360 4.8466 0.4558
-0.7179 3.8928 0.4558
-0.7524 3.9921 0.4558
-0.7533 4.0638 0.4558
-0.7549 4.1372 0.4558
-0.7569 4.2123 0.4558
-0.7595 4.2891 0.4558
-0.7610 4.3662 0.4558
-0.7652 4.4472 0.4558
-0.7669 4.5272 0.4558
-0.7732 4.6132 0.4558
-0.7755 4.6968 0.4558
-0.7795 4.7836 0.4558
-0.7795 4.8680 0.4558
-3.2892 3.9901 0.9117
-3.2322 3.9914 0.9117
-3.2209 4.0492 0.9117
-3.2193 4.1205 0.9117
-3.2155 4.1905 0.9117
-3.2173 4.2695 0.9117
-3.2067 4.3336 0.9117
-3.0465 4.1931 0.9117
-2.9517 4.1381 0.9117
-2.8708 4.0999 0.9117
-2.8105 4.0893 0.9117
-2.7591 4.0905 0.9117
-2.7073 4.0902 0.9117
-2.6546 4.0877 0.9117
-2.6070 4.0921 0.9117
-2.5542 4.0876 0.9117
-2.5075 4.0918 0.9117
-2.4650 4.1024 0.9117
-2.4078 4.0876 0.9117
-2.3655 4.0972 0.9117
-2.3173 4.0959 0.9117
-2.2752 4.1046 0.9117
-2.2279 4.1032 0.9117
-2.2103 4.1569 0.9117
-2.1545 4.1388 0.9117
-2.1160 4.1530 0.9117
-2.0628 4.1373 0.9117
-2.0297 4.1614 0.9117
-2.0083 4.2106 0.9117
-2.0007 4.2905 0.9117
-1.8935 4.1549 0.9117
-1.8515 4.1585 0.9117
-1.8091 4.1607 0.9117
-1.7634 4.1542 0.9117
-1.7175 4.1464 0.9117
-1.6775 4.1519 0.9117
-1.6342 4.1487 0.9117
-1.5955 4.1563 0.9117
-1.5528 4.1532 0.9117
-1.5121 4.1544 0.9117
-1.4674 4.1439 0.9117
-1.4292 4.1508 0.9117
-1.3888 4.1508 0.9117
-1.3476 4.1476 0.9117
-1.3036 4.1344 0.9117
-1.2657 4.1398 0.9117
-1.2250 4.1354 0.9117
-1.1869 4.1392 0.9117
-1.1475 4.1378 0.9117
-1.1085 4.1371 0.9117
-1.0676 4.1282 0.9117
-1.0311 4.1354 0.9117
-0.9945 4.1423 0.9117
-0.9565 4.1430 0.9117
-0.9158 4.1307 0.9117
-0.8774 4.1278 0.9117
-0.8621 4.2372 0.9117
-0.8558 4.4026 0.9117
-0.7351 3.9665 0.9117
-0.6894 3.9097 0.9117
-0.6915 4.1325 0.9117
-0.7002 4.4209 0.9117
-0.6997 4.6820 0.9117
-0.7256 5.1633 0.9117
-0.7745 5.8832 0.9117
-0.7301 5.9463 0.9117
-3.2540 3.9323 0.9117
-2.8459 4.0173 0.9117
-2.7270 4.0243 0.9117
-2.6111 4.0311 0.9117
-2.4905 4.0330 0.9117
-2.3729 4.0347 0.9117
-2.2824 4.0523 0.9117
-2.1937 4.0698 0.9117
-2.1028 4.0844 0.9117
-1.9182 4.1073 0.9117
-1.7924 4.0922 0.9117
-1.6970 4.0971 0.9117
-1.6027 4.1014 0.9117
-1.5056 4.1018 0.9117
-1.4097 4.1015 0.9117
-1.3135 4.0993 0.9117
-1.2161 4.0944 0.9117
-1.1486 4.1122 0.9117
-0.7509 3.8522 0.9117
-0.7513 3.9214 0.9117
-0.7524 3.9921 0.9117
-0.7541 4.0645 0.9117
-0.7556 4.1379 0.9117
-0.7577 4.2130 0.9117
-0.7588 4.2884 0.9117
-3.2809 3.9800 1.3675
-3.2309 3.9899 1.3675
-3.2153 4.0422 1.3675
-3.2218 4.1237 1.3675
-3.2191 4.1953 1.3675
-3.2077 4.2567 1.3675
-3.2049 4.3312 1.3675
-3.0359 4.1786 1.3675
-2.9790 4.1764 1.3675
-2.9103 4.1564 1.3675
-2.8405 4.1330 1.3675
-2.7848 4.1286 1.3675
-2.7442 4.1461 1.3675
-2.6943 4.1489 1.3675
-2.6435 4.1495 1.3675
-2.5950 4.1529 1.3675
-2.5456 4.1541 1.3675
-2.4969 4.1555 1.3675
-2.4418 4.1453 1.3675
-2.3895 4.1387 1.3675
-2.3449 4.1446 1.3675
-2.3082 4.1641 1.3675
-2.2560 4.1550 1.3675
-2.2093 4.1552 1.3675
-2.1647 4.1583 1.3675
-2.1274 4.1753 1.3675
-2.0766 4.1650 1.3675
-2.0305 4.1632 1.3675
-2.0040 4.2015 1.3675
-1.9994 4.2877 1.3675
-1.8981 4.1649 1.3675
-1.8555 4.1676 1.3675
-1.8083 4.1589 1.3675
-1.7649 4.1579 1.3675
-1.7232 4.1602 1.3675
-1.6790 4.1556 1.3675
-1.6390 4.1608 1.3675
-1.5955 4.1563 1.3675
-1.5556 4.1607 1.3675
-1.5165 4.1666 1.3675
-1.4718 4.1561 1.3675
-1.4325 4.1603 1.3675
-1.3895 4.1527 1.3675
-1.3516 4.1599 1.3675
-1.3108 4.1573 1.3675
-1.2698 4.1532 1.3675
-1.2298 4.1517 1.3675
-1.1913 4.1546 1.3675
-1.1515 4.1523 1.3675
-1.1111 4.1467 1.3675
-1.0701 4.1379 1.3675
-1.0296 4.1296 1.3675
-0.9945 4.1423 1.3675
-0.9533 4.1294 1.3675
-0.9149 4.1268 1.3675
-0.8782 4.1317 1.3675
-0.8483 4.1696 1.3675
-0.8409 4.3260 1.3675
-0.7732 4.1720 1.3675
-0.6894 3.9097 1.3675
-0.6915 4.1325 1.3675
-0.6966 4.3982 1.3675
-0.6988 4.6761 1.3675
-0.7197 5.1207 1.3675
-0.7584 5.7603 1.3675
-3.2890 3.9517 1.3675
-3.2386 4.0049 1.3675
-2.9479 4.0786 1.3675
-2.8609 4.1063 1.3675
-2.7714 4.1313 1.3675
-2.6246 4.1184 1.3675
-2.5020 4.1186 1.3675
-2.3800 4.1169 1.3675
-2.2576 4.1129 1.3675
-2.1671 4.1285 1.3675
-2.0751 4.1418 1.3675
-1.9182 4.1073 1.3675
-1.8247 4.1157 1.3675
-1.6970 4.0971 1.3675
-1.6011 4.1002 1.3675
-1.5064 4.1024 1.3675
-1.4113 4.1028 1.3675
-1.3127 4.0986 1.3675
-1.2169 4.0950 1.3675
-1.1493 4.1129 1.3675
-1.0527 4.1055 1.3675
-0.7171 3.8921 1.3675
-0.7524 3.9921 1.3675
-0.7548 4.0652 1.3675
-0.7571 4.1392 1.3675
-0.7584 4.2137 1.3675
-3.2873 3.9878 1.8234
-3.2309 3.9899 1.8234
-3.2234 4.0523 1.8234
-3.2211 4.1229 1.8234
-3.2197 4.1960 1.8234
-3.2089 4.2583 1.8234
-3.2049 4.3312 1.8234
-3.0388 4.1826 1.8234
-2.9807 4.1789 1.8234
-2.9287 4.1826 1.8234
-2.8700 4.1758 1.8234
-2.8094 4.1651 1.8234
-2.7591 4.1686 1.8234
-2.7047 4.1648 1.8234
-2.6505 4.1605 1.8234
-2.5998 4.1605 1.8234
-2.5508 4.1626 1.8234
-2.5010 4.1624 1.8234
-2.4499 4.1591 1.8234
-2.3970 4.1517 1.8234
-2.3533 4.1594 1.8234
-2.3038 4.1562 1.8234
-2.2560 4.1550 1.8234
-2.2126 4.1613 1.8234
-2.1758 4.1796 1.8234
-2.1256 4.1717 1.8234
-2.0811 4.1740 1.8234
-2.0297 4.1614 1.8234
-2.0049 4.2033 1.8234
-1.9981 4.2850 1.8234
-1.8972 4.1631 1.8234
-1.8612 4.1804 1.8234
-1.8119 4.1671 1.8234
-1.7696 4.1690 1.8234
-1.7225 4.1584 1.8234
-1.6779 4.1529 1.8234
-1.6357 4.1525 1.8234
-1.5879 4.1367 1.8234
-1.5490 4.1429 1.8234
-1.5090 4.1459 1.8234
-1.4671 4.1429 1.8234
-1.4257 4.1404 1.8234
-1.3812 4.1281 1.8234
-1.3452 4.1399 1.8234
-1.3069 4.1449 1.8234
-1.2645 4.1360 1.8234
-1.2244 4.1335 1.8234
-1.1861 4.1363 1.8234
-1.1457 4.1311 1.8234
-1.1067 4.1303 1.8234
-1.0686 4.1321 1.8234
-1.0299 4.1305 1.8234
-0.9914 4.1297 1.8234
-0.9538 4.1313 1.8234
-0.9151 4.1278 1.8234
-0.8820 4.1493 1.8234
-0.8645 4.2490 1.8234
-0.8468 4.3565 1.8234
-0.7904 4.2644 1.8234
-0.6899 3.9126 1.8234
-0.6907 4.1276 1.8234
-0.6952 4.3893 1.8234
-0.6980 4.6701 1.8234
-0.7927 5.6406 1.8234
-3.2672 3.9396 1.8234
-2.9796 4.0976 1.8234
-2.8635 4.1079 1.8234
-2.7400 4.1116 1.8234
-2.5900 4.0964 1.8234
-2.4710 4.0984 1.8234
-2.3499 4.0970 1.8234
-2.2559 4.1117 1.8234
-2.1366 4.1076 1.8234
-2.0743 4.1412 1.8234
-1.9182 4.1073 1.8234
-1.8264 4.1168 1.8234
-1.7283 4.1203 1.8234
-1.6019 4.1008 1.8234
-1.5064 4.1024 1.8234
-1.4089 4.1009 1.8234
-1.3119 4.0980 1.8234
-1.2153 4.0937 1.8234
-1.1185 4.0874 1.8234
-1.0535 4.1061 1.8234
-0.7171 3.8921 1.8234
-0.7532 3.9928 1.8234
-0.7548 4.0652 1.8234
-0.7564 4.1386 1.8234
-0.7577 4.2130 1.8234
-0.7588 4.2884 1.8234
-3.2353 3.9953 2.2792
-3.2271 4.0570 2.2792
-3.2218 4.1237 2.2792
-3.2185 4.1945 2.2792
-3.2071 4.2559 2.2792
-3.2120 4.3408 2.2792
-3.0400 4.1842 2.2792
-2.9871 4.1878 2.2792
-2.9373 4.1949 2.2792
-2.8728 4.1800 2.2792
-2.8195 4.1800 2.2792
-2.7669 4.1803 2.2792
-2.7085 4.1707 2.2792
-2.6623 4.1790 2.2792
-2.6114 4.1792 2.2792
-2.5566 4.1720 2.2792
-2.5144 4.1847 2.2792
-2.4626 4.1806 2.2792
-2.4150 4.1829 2.2792
-2.3607 4.1725 2.2792
-2.3116 4.1702 2.2792
-2.2636 4.1691 2.2792
-2.2201 4.1755 2.2792
-2.1707 4.1698 2.2792
-2.1315 4.1833 2.2792
-2.0815 4.1749 2.2792
-2.0332 4.1686 2.2792
-2.0148 4.2241 2.2792
-2.0087 4.3077 2.2792
-1.9088 4.1886 2.2792
-1.8563 4.1694 2.2792
-1.8111 4.1653 2.2792
-1.7708 4.1717 2.2792
-1.7221 4.1575 2.2792
-1.6794 4.1566 2.2792
-1.6339 4.1478 2.2792
-1.5944 4.1535 2.2792
-1.5560 4.1616 2.2792
-1.5114 4.1525 2.2792
-1.4701 4.1514 2.2792
-1.4296 4.1518 2.2792
-1.3863 4.1432 2.2792
-1.3482 4.1495 2.2792
-1.3069 4.1449 2.2792
-1.2660 4.1408 2.2792
-1.2275 4.1440 2.2792
-1.1844 4.1305 2.2792
-1.1448 4.1282 2.2792
-1.1093 4.1400 2.2792
-1.0701 4.1379 2.2792
-1.0282 4.1238 2.2792
-0.9947 4.1433 2.2792
-0.9533 4.1294 2.2792
-0.9142 4.1239 2.2792
-0.8770 4.1258 2.2792
-0.8535 4.1951 2.2792
-0.8422 4.3329 2.2792
-0.7716 4.1631 2.2792
-0.6894 3.9097 2.2792
-0.6912 4.1306 2.2792
-0.6943 4.3834 2.2792
-0.6983 4.6721 2.2792
-0.7407 5.2702 2.2792
-3.2654 3.9386 2.2792
-3.0148 4.1188 2.2792
-2.8635 4.1079 2.2792
-2.7451 4.1148 2.2792
-2.6238 4.1179 2.2792
-2.5045 4.1202 2.2792
-2.3825 4.1186 2.2792
-2.2601 4.1145 2.2792
-2.1366 4.1076 2.2792
-2.0718 4.1395 2.2792
-3.2298 5.0428 2.2792
-1.8264 4.1168 2.2792
-1.6978 4.0977 2.2792
-1.6027 4.1014 2.2792
-1.5366 4.1256 2.2792
-1.4105 4.1022 2.2792
-1.3143 4.0999 2.2792
-1.2161 4.0944 2.2792
-1.1185 4.0874 2.2792
-1.0520 4.1048 2.2792
-0.7171 3.8921 2.2792
-0.7524 3.9921 2.2792
-0.7541 4.0645 2.2792
-0.7571 4.1392 2.2792
-0.7591 4.2143 2.2792
-3.2347 3.9945 2.7351
-3.2259 4.0555 2.7351
-3.2218 4.1237 2.7351
-3.2179 4.1937 2.7351
-3.2137 4.2647 2.7351
-3.2067 4.3336 2.7351
-3.1870 4.3865 2.7351
-3.0928 4.3360 2.7351
-3.0841 4.4046 2.7351
-3.0796 4.4808 2.7351
-3.0963 4.5904 2.7351
-2.9965 4.5272 2.7351
-2.9046 4.4726 2.7351
-2.8407 4.4590 2.7351
-2.7831 4.4539 2.7351
-2.7107 4.4235 2.7351
-2.5917 4.3133 2.7351
-2.5402 4.3125 2.7351
-2.4905 4.3137 2.7351
-2.4528 4.3352 2.7351
-2.4134 4.3539 2.7351
-2.3767 4.3774 2.7351
-2.3455 4.4112 2.7351
-2.3115 4.4404 2.7351
-2.2686 4.4524 2.7351
-2.2310 4.4747 2.7351
-2.1949 4.5003 2.7351
-2.1620 4.5328 2.7351
-2.1215 4.5497 2.7351
-2.0954 4.5980 2.7351
-2.0731 4.6563 2.7351
-1.9144 4.4028 2.7351
-1.8525 4.3641 2.7351
-1.8001 4.3459 2.7351
-1.7371 4.2994 2.7351
-1.6635 4.2232 2.7351
-1.6094 4.1927 2.7351
-1.5710 4.2019 2.7351
-1.5329 4.2117 2.7351
-1.5028 4.2438 2.7351
-1.4781 4.2927 2.7351
-1.4472 4.3253 2.7351
-1.4020 4.3149 2.7351
-1.3601 4.3137 2.7351
-1.3054 4.2699 2.7351
-1.2698 4.2869 2.7351
-1.2280 4.2824 2.7351
-1.1946 4.3074 2.7351
-1.1551 4.3109 2.7351
-1.1164 4.3170 2.7351
-1.0768 4.3188 2.7351
-1.0391 4.3280 2.7351
-1.0015 4.3379 2.7351
-0.9584 4.3230 2.7351
-0.9196 4.3263 2.7351
-0.8834 4.3420 2.7351
-0.8529 4.3879 2.7351
-0.7422 4.0048 2.7351
-0.6887 3.9057 2.7351
-0.6912 4.1306 2.7351
-0.6994 4.4160 2.7351
-0.6978 4.6691 2.7351
-0.7742 5.5089 2.7351
-3.2672 3.9396 2.7351
-3.1242 4.3517 2.7351
-3.0598 4.3956 2.7351
-2.9574 4.4143 2.7351
-2.5809 4.2499 2.7351
-2.5262 4.2940 2.7351
-2.4398 4.3160 2.7351
-2.3487 4.3334 2.7351
-2.2944 4.3756 2.7351
-2.2341 4.4131 2.7351
-2.0024 4.3232 2.7351
-1.6706 4.1525 2.7351
-1.5746 4.1548 2.7351
-1.4783 4.1551 2.7351
-1.3816 4.1534 2.7351
-1.3156 4.1749 2.7351
-1.2496 4.1956 2.7351
-1.1853 4.2167 2.7351
-0.7513 3.9214 2.7351
-0.6852 3.9337 2.7351
-0.7533 4.0638 2.7351
-0.7556 4.1379 2.7351
-0.7584 4.2137 2.7351
-0.7595 4.2891 2.7351
-0.7618 4.3669 2.7351
-0.7652 4.4472 2.7351
-3.2303 3.9891 3.1909
-3.2215 4.0500 3.1909
-3.2255 4.1284 3.1909
-3.2277 4.2064 3.1909
-3.2059 4.2543 3.1909
-3.2073 4.3344 3.1909
-3.2075 4.4148 3.1909
-3.1985 4.4841 3.1909
-3.1908 4.5569 3.1909
-3.1917 4.6440 3.1909
-3.0180 4.4743 3.1909
-2.8933 4.3712 3.1909
-2.8038 4.3175 3.1909
-2.7365 4.2954 3.1909
-2.6772 4.2843 3.1909
-2.6637 4.3468 3.1909
-2.5695 4.2764 3.1909
-2.5220 4.2814 3.1909
-2.4905 4.3137 3.1909
-2.4498 4.3300 3.1909
-2.4061 4.3407 3.1909
-2.3677 4.3607 3.1909
-2.3356 4.3927 3.1909
-2.2893 4.3978 3.1909
-2.2500 4.4158 3.1909
-2.2131 4.4389 3.1909
-2.1805 4.4706 3.1909
-2.1487 4.5048 3.1909
-2.1215 4.5497 3.1909
-2.0967 4.6008 3.1909
-2.0870 4.6874 3.1909
-1.8953 4.3588 3.1909
-1.8349 4.3227 3.1909
-1.7833 4.3053 3.1909
-1.7337 4.2910 3.1909
-1.6852 4.2781 3.1909
-1.6410 4.2749 3.1909
-1.6004 4.2806 3.1909
-1.5600 4.2859 3.1909
-1.5182 4.2871 3.1909
-1.4722 4.2756 3.1909
-1.4320 4.2798 3.1909
-1.3903 4.2788 3.1909
-1.3535 4.2927 3.1909
-1.3133 4.2957 3.1909
-1.2713 4.2917 3.1909
-1.2315 4.2949 3.1909
-1.1905 4.2930 3.1909
-1.1536 4.3051 3.1909
-1.1099 4.2918 3.1909
-1.0773 4.3207 3.1909
-1.0398 4.3309 3.1909
-0.9981 4.3233 3.1909
-0.9558 4.3113 3.1909
-0.9186 4.3215 3.1909
-0.8810 4.3303 3.1909
-0.8552 4.3997 3.1909
-0.7526 4.0608 3.1909
-0.7010 3.9757 3.1909
-0.7028 4.1996 3.1909
-0.7004 4.4219 3.1909
-0.7017 4.6949 3.1909
-0.7810 5.5574 3.1909
-3.2682 4.0216 3.1909
-2.8112 4.1562 3.1909
-2.6592 4.1404 3.1909
-2.5381 4.1420 3.1909
-2.4158 4.1406 3.1909
-2.2924 4.1363 3.1909
-2.1695 4.1302 3.1909
-2.0751 4.1418 3.1909
-1.8595 4.1409 3.1909
-1.7629 4.1459 3.1909
-1.6354 4.1260 3.1909
-1.5715 4.1524 3.1909
-1.3443 4.0504 3.1909
-1.2438 4.0439 3.1909
-1.1780 4.0635 3.1909
-1.0513 4.0321 3.1909
-0.9845 4.0483 3.1909
-0.7513 3.9214 3.1909
-0.7524 3.9921 3.1909
-0.7548 4.0652 3.1909
-0.7549 4.1372 3.1909
-3.2341 3.9938 3.6468
-3.2277 4.0578 3.6468
-3.2255 4.1284 3.6468
-3.2252 4.2032 3.6468
-3.2173 4.2695 3.6468
-3.2180 4.3489 3.6468
-3.0424 4.1875 3.6468
-2.9871 4.1878 3.6468
-2.9333 4.1891 3.6468
-2.8813 4.1923 3.6468
-2.8228 4.1850 3.6468
-2.7751 4.1928 3.6468
-2.7227 4.1925 3.6468
-2.6747 4.1984 3.6468
-2.6199 4.1927 3.6468
-2.5676 4.1899 3.6468
-2.5175 4.1898 3.6468
-2.4727 4.1979 3.6468
-2.4160 4.1846 3.6468
-2.3636 4.1777 3.6468
-2.3198 4.1851 3.6468
-2.2708 4.1823 3.6468
-2.2262 4.1869 3.6468
-2.1748 4.1778 3.6468
-2.1288 4.1779 3.6468
-2.0918 4.1955 3.6468
-2.0424 4.1875 3.6468
-2.0027 4.1988 3.6468
-1.9931 4.2741 3.6468
-2.0092 4.4088 3.6468
-1.8856 4.2352 3.6468
-1.7740 4.0800 3.6468
-1.6817 3.9619 3.6468
-1.6417 3.9634 3.6468
-1.6037 3.9693 3.6468
-1.5646 3.9720 3.6468
-1.5123 3.9397 3.6468
-1.4737 3.9415 3.6468
-1.4337 3.9392 3.6468
-1.3956 3.9412 3.6468
-1.3563 3.9390 3.6468
-1.3197 3.9441 3.6468
-1.2762 3.9279 3.6468
-1.2398 3.9322 3.6468
-1.2005 3.9266 3.6468
-1.1602 3.9168 3.6468
-1.1202 3.9066 3.6468
-1.0834 3.9066 3.6468
-1.0467 3.9062 3.6468
-1.0165 3.9307 3.6468
-0.9774 3.9200 3.6468
-0.9429 3.9274 3.6468
-0.9131 3.9550 3.6468
-0.8742 3.9433 3.6468
-0.8437 3.9693 3.6468
-0.8328 4.0931 3.6468
-0.7978 4.1042 3.6468
-0.7357 3.9694 3.6468
-0.6984 3.9609 3.6468
-0.6996 4.1809 3.6468
-0.7046 4.4485 3.6468
-0.7024 4.6998 3.6468
-0.7673 5.4593 3.6468
-3.2838 3.9488 3.6468
-3.0405 4.1342 3.6468
-2.8967 4.1283 3.6468
-2.7748 4.1334 3.6468
-2.6566 4.1388 3.6468
-2.5356 4.1403 3.6468
-2.4133 4.1390 3.6468
-2.2601 4.1145 3.6468
-2.1679 4.1291 3.6468
-2.0743 4.1412 3.6468
-1.6545 3.9192 3.6468
-1.5278 3.9000 3.6468
-1.4325 3.9014 3.6468
-1.3360 3.9004 3.6468
-1.2081 3.8735 3.6468
-1.1434 3.8934 3.6468
-1.0137 3.8608 3.6468
-0.9480 3.8772 3.6468
-0.7506 3.9207 3.6468
-0.6852 3.9337 3.6468
-3.2379 3.9984 4.1026
-3.2333 4.0649 4.1026
-3.2310 4.1355 4.1026
-3.2270 4.2056 4.1026
-3.2233 4.2775 4.1026
-3.2156 4.3457 4.1026
-3.0965 4.2619 4.1026
-3.0040 4.2114 4.1026
-2.9556 4.2211 4.1026
-2.8926 4.2088 4.1026
-2.8396 4.2099 4.1026
-2.7900 4.2153 4.1026
-2.7379 4.2160 4.1026
-2.6833 4.2119 4.1026
-2.6268 4.2038 4.1026
-2.5796 4.2095 4.1026
-2.5304 4.2113 4.1026
-2.4834 4.2160 4.1026
-2.4295 4.2080 4.1026
-2.3823 4.2108 4.1026
-2.3285 4.2008 4.1026
-2.2751 4.1902 4.1026
-2.2319 4.1975 4.1026
-2.1919 4.2106 4.1026
-2.1510 4.2216 4.1026
-2.0931 4.1981 4.1026
-2.0472 4.1974 4.1026
-2.0221 4.2394 4.1026
-2.0239 4.3403 4.1026
-2.0266 4.4470 4.1026
-2.0264 4.5513 4.1026
-2.0229 4.6522 4.1026
-2.0463 4.8207 4.1026
-2.0374 4.9187 4.1026
-1.7400 4.3068 4.1026
-1.6973 4.3088 4.1026
-1.6496 4.2973 4.1026
-1.5896 4.2516 4.1026
-1.5391 4.2286 4.1026
-1.4808 4.1816 4.1026
-1.4361 4.1707 4.1026
-1.3971 4.1755 4.1026
-1.3550 4.1704 4.1026
-1.3162 4.1744 4.1026
-1.2739 4.1666 4.1026
-1.2301 4.1526 4.1026
-1.1902 4.1507 4.1026
-1.1499 4.1465 4.1026
-1.1150 4.1612 4.1026
-1.0751 4.1572 4.1026
-1.0357 4.1538 4.1026
-0.9945 4.1423 4.1026
-0.9569 4.1450 4.1026
-0.9151 4.1278 4.1026
-0.8780 4.1307 4.1026
-0.8421 4.1392 4.1026
-0.8132 4.1837 4.1026
-0.7264 3.9193 4.1026
-0.6944 3.9382 4.1026
-0.6993 4.1789 4.1026
-0.7035 4.4416 4.1026
-0.7003 4.6860 4.1026
-0.7730 5.4999 4.1026
-3.2829 3.9483 4.1026
-3.0448 4.1368 4.1026
-2.8976 4.1288 4.1026
-2.7739 4.1328 4.1026
-2.6550 4.1377 4.1026
-2.5356 4.1403 4.1026
-2.4150 4.1401 4.1026
-2.2924 4.1363 4.1026
-2.1687 4.1297 4.1026
-2.1054 4.1630 4.1026
-1.8563 4.1386 4.1026
-1.7299 4.1215 4.1026
-1.6338 4.1248 4.1026
-1.5405 4.1286 4.1026
-1.4444 4.1286 4.1026
-1.3463 4.1254 4.1026
-1.2495 4.1214 4.1026
-1.1509 4.1142 4.1026
-1.0535 4.1061 4.1026
-0.7506 3.9207 4.1026
-0.6852 3.9337 4.1026
-0.7533 4.0638 4.1026
-0.7549 4.1372 4.1026
-0.7569 4.2123 4.1026
-0.7580 4.2877 4.1026
-3.2322 3.9914 4.5584
-3.2277 4.0578 4.5584
-3.2291 4.1331 4.5584
-3.2277 4.2064 4.5584
-3.2209 4.2743 4.5584
-3.2192 4.3505 4.5584
-3.0471 4.1939 4.5584
-2.9947 4.1984 4.5584
-2.9333 4.1891 4.5584
-2.8881 4.2022 4.5584
-2.8452 4.2181 4.5584
-2.7895 4.2145 4.5584
-2.7314 4.2059 4.5584
-2.6801 4.2068 4.5584
-2.6316 4.2114 4.5584
-2.5785 4.2078 4.5584
-2.5185 4.1915 4.5584
-2.4677 4.1892 4.5584
-2.4185 4.1890 4.5584
-2.3730 4.1942 4.5584
-2.3203 4.1859 4.5584
-2.2732 4.1867 4.5584
-2.2262 4.1869 4.5584
-2.1836 4.1947 4.5584
-2.1328 4.1859 4.5584
-2.0860 4.1838 4.5584
-2.0586 4.2207 4.5584
-2.0466 4.2909 4.5584
-2.0417 4.3784 4.5584
-1.9014 4.1722 4.5584
-1.8624 4.1831 4.5584
-1.8155 4.1754 4.5584
-1.7677 4.1644 4.5584
-1.7255 4.1658 4.5584
-1.6846 4.1695 4.5584
-1.6471 4.1813 4.5584
-1.6012 4.1712 4.5584
-1.5591 4.1701 4.5584
-1.5155 4.1638 4.5584
-1.4761 4.1684 4.5584
-1.4354 4.1688 4.5584
-1.3942 4.1669 4.5584
-1.3535 4.1656 4.5584
-1.3147 4.1697 4.5584
-1.2689 4.1504 4.5584
-1.2318 4.1584 4.5584
-1.1888 4.1459 4.5584
-1.1483 4.1407 4.5584
-1.1103 4.1438 4.5584
-1.0754 4.1582 4.5584
-1.0337 4.1461 4.5584
-0.9966 4.1510 4.5584
-0.9569 4.1450 4.5584
-0.9173 4.1375 4.5584
-0.8811 4.1454 4.5584
-0.8671 4.2617 4.5584
-0.8571 4.4095 4.5584
-0.7248 3.9104 4.5584
-0.7021 3.9816 4.5584
-0.7018 4.1937 4.5584
-0.7029 4.4377 4.5584
-0.7018 4.6958 4.5584
-0.8072 5.7436 4.5584
-3.2829 3.9483 4.5584
-3.0431 4.1358 4.5584
-2.8967 4.1283 4.5584
-2.7765 4.1344 4.5584
-2.6566 4.1388 4.5584
-2.5373 4.1414 4.5584
-2.4150 4.1401 4.5584
-2.2924 4.1363 4.5584
-2.1687 4.1297 4.5584
-2.1038 4.1619 4.5584
-1.9492 4.1294 4.5584
-1.8255 4.1163 4.5584
-1.7307 4.1221 4.5584
-1.6338 4.1248 4.5584
-1.5389 4.1274 4.5584
-1.4420 4.1268 4.5584
-1.3456 4.1248 4.5584
-1.2488 4.1208 4.5584
-1.1509 4.1142 4.5584
-0.7838 3.8799 4.5584
-0.9551 4.0954 4.5584
-0.7509 3.9908 4.5584
-0.7533 4.0638 4.5584
-0.7541 4.1366 4.5584
-0.5881 4.0576 4.5584
-0.7588 4.2884 4.5584
-3.2334 3.9930 5.0143
-3.2277 4.0578 5.0143
-3.2335 4.1386 5.0143
-3.2246 4.2024 5.0143
-3.2167 4.2687 5.0143
-3.2138 4.3432 5.0143
-3.2169 4.4278 5.0143
-3.0075 4.2163 5.0143
-2.9447 4.2055 5.0143
-2.8915 4.2072 5.0143
-2.8452 4.2181 5.0143
-2.7785 4.1978 5.0143
-2.7210 4.1900 5.0143
-2.6731 4.1959 5.0143
-2.6257 4.2021 5.0143
-2.5707 4.1950 5.0143
-2.5201 4.1941 5.0143
-2.4707 4.1944 5.0143
-2.4235 4.1976 5.0143
-2.3710 4.1908 5.0143
-2.3218 4.1886 5.0143
-2.2751 4.1902 5.0143
-2.2272 4.1887 5.0143
-2.1790 4.1858 5.0143
-2.1292 4.1788 5.0143
-2.0851 4.1820 5.0143
-2.0446 4.1920 5.0143
-2.0126 4.2196 5.0143
-2.0007 4.2905 5.0143
-1.9088 4.1886 5.0143
-1.8612 4.1804 5.0143
-1.8151 4.1745 5.0143
-1.7716 4.1736 5.0143
-1.7251 4.1648 5.0143
-1.6857 4.1723 5.0143
-1.6434 4.1720 5.0143
-1.6001 4.1684 5.0143
-1.5595 4.1710 5.0143
-1.5193 4.1741 5.0143
-1.4778 4.1731 5.0143
-1.4338 4.1641 5.0143
-1.3955 4.1707 5.0143
-1.3581 4.1799 5.0143
-1.3159 4.1735 5.0143
-1.2777 4.1791 5.0143
-1.2352 4.1699 5.0143
-1.1957 4.1700 5.0143
-1.1534 4.1590 5.0143
-1.1145 4.1593 5.0143
-1.0734 4.1504 5.0143
-1.0378 4.1626 5.0143
-0.9975 4.1549 5.0143
-0.9619 4.1664 5.0143
-0.9233 4.1649 5.0143
-0.8882 4.1786 5.0143
-0.8838 4.3440 5.0143
-0.8819 4.5371 5.0143
-0.7248 3.9104 5.0143
-0.7073 4.0111 5.0143
-0.7057 4.2174 5.0143
-0.7047 4.4495 5.0143
-0.7027 4.7018 5.0143
-0.8252 5.8713 5.0143
-3.2820 3.9478 5.0143
-3.0448 4.1368 5.0143
-2.8959 4.1277 5.0143
-2.7756 4.1339 5.0143
-2.6550 4.1377 5.0143
-2.5364 4.1409 5.0143
-2.4133 4.1390 5.0143
-2.2601 4.1145 5.0143
-2.1679 4.1291 5.0143
-2.0767 4.1429 5.0143
-1.9508 4.1305 5.0143
-1.8255 4.1163 5.0143
-1.7291 4.1209 5.0143
-1.6035 4.1020 5.0143
-1.5397 4.1280 5.0143
-1.4113 4.1028 5.0143
-1.3456 4.1248 5.0143
-1.2480 4.1202 5.0143
-1.1501 4.1135 5.0143
-0.7846 3.8805 5.0143
-0.9544 4.0948 5.0143
-0.7517 3.9915 5.0143
-0.7526 4.0632 5.0143
-0.7541 4.1366 5.0143
-0.7554 4.2110 5.0143
-0.7573 4.2870 5.0143
-3.2372 3.9976 5.4701
-3.2315 4.0625 5.4701
-3.2291 4.1331 5.4701
-3.2185 4.1945 5.4701
-3.2197 4.2727 5.4701
-3.2168 4.3473 5.4701
-3.1405 4.3226 5.4701
-2.9924 4.1951 5.4701
-2.9379 4.1957 5.4701
-2.8892 4.2039 5.4701
-2.8306 4.1966 5.4701
-2.7718 4.1878 5.4701
-2.7221 4.1917 5.4701
-2.6704 4.1917 5.4701
-2.6130 4.1817 5.4701
-2.5634 4.1831 5.4701
-2.5232 4.1993 5.4701
-2.4707 4.1944 5.4701
-2.4175 4.1872 5.4701
-2.3651 4.1803 5.4701
-2.3184 4.1824 5.4701
-2.2722 4.1849 5.4701
-2.2244 4.1834 5.4701
-2.1711 4.1707 5.4701
-2.1251 4.1708 5.4701
-2.0846 4.1811 5.4701
-2.0354 4.1731 5.4701
-1.9898 4.1717 5.4701
-1.9783 4.2424 5.4701
-1.9055 4.1813 5.4701
-1.8588 4.1749 5.4701
-1.8139 4.1717 5.4701
-1.7642 4.1561 5.4701
-1.7278 4.1713 5.4701
-1.6786 4.1547 5.4701
-1.6375 4.1571 5.4701
-1.5965 4.1591 5.4701
-1.5574 4.1654 5.4701
-1.5141 4.1600 5.4701
-1.4714 4.1552 5.4701
-1.4312 4.1565 5.4701
-1.3888 4.1508 5.4701
-1.3498 4.1542 5.4701
-1.3114 4.1592 5.4701
-1.2680 4.1475 5.4701
-1.2258 4.1383 5.4701
-1.1885 4.1450 5.4701
-1.1465 4.1340 5.4701
-1.1075 4.1332 5.4701
-1.0694 4.1350 5.4701
-1.0337 4.1461 5.4701
-0.9921 4.1326 5.4701
-0.9522 4.1245 5.4701
-0.9188 4.1444 5.4701
-0.8815 4.1473 5.4701
-0.8647 4.2499 5.4701
-0.8462 4.3535 5.4701
-0.7262 3.9183 5.4701
-0.7083 4.0170 5.4701
-0.7072 4.2262 5.4701
-0.7069 4.4634 5.4701
-0.7053 4.7196 5.4701
-0.8034 5.7168 5.4701
-0.7663 5.8208 5.4701
-0.7240 5.8967 5.4701
-3.2829 3.9483 5.4701
-3.0139 4.1182 5.4701
-2.8959 4.1277 5.4701
-2.7756 4.1339 5.4701
-2.6558 4.1383 5.4701
-2.5037 4.1196 5.4701
-2.3833 4.1191 5.4701
-2.2584 4.1134 5.4701
-2.1366 4.1076 5.4701
-2.0440 4.1200 5.4701
-1.9191 4.1079 5.4701
-1.8247 4.1157 5.4701
-1.7283 4.1203 5.4701
-1.6027 4.1014 5.4701
-1.5072 4.1031 5.4701
-1.4105 4.1022 5.4701
-1.3135 4.0993 5.4701
-1.2169 4.0950 5.4701
-1.1493 4.1129 5.4701
-0.7846 3.8805 5.4701
-0.9551 4.0954 5.4701
-0.7509 3.9908 5.4701
-0.7526 4.0632 5.4701
-0.7541 4.1366 5.4701
-0.7554 4.2110 5.4701
-0.7580 4.2877 5.4701
-3.2303 3.9891 5.9260
-3.2271 4.0570 5.9260
-3.2218 4.1237 5.9260
-3.2137 4.1881 5.9260
-3.2161 4.2679 5.9260
-3.2085 4.3360 5.9260
-3.2058 4.4124 5.9260
-3.2043 4.4923 5.9260
-3.2029 4.5741 5.9260
-3.1996 4.6555 5.9260
-3.1885 4.7272 5.9260
-3.1874 4.8157 5.9260
-3.1856 4.9054 5.9260
-3.1615 4.9625 5.9260
-3.1074 4.9730 5.9260
-3.0503 4.9777 5.9260
-2.9893 4.9750 5.9260
-2.4737 4.1996 5.9260
-2.4150 4.1829 5.9260
-2.3705 4.1899 5.9260
-2.3222 4.1894 5.9260
-2.2741 4.1884 5.9260
-2.2229 4.1808 5.9260
-2.1781 4.1840 5.9260
-2.1292 4.1788 5.9260
-2.0788 4.1695 5.9260
-2.0367 4.1758 5.9260
-1.9958 4.1844 5.9260
-1.9512 4.1844 5.9260
-1.9014 4.1722 5.9260
-1.8563 4.1694 5.9260
-1.8187 4.1827 5.9260
-1.7735 4.1782 5.9260
-1.7271 4.1695 5.9260
-1.6850 4.1705 5.9260
-1.6427 4.1701 5.9260
-1.6001 4.1684 5.9260
-1.5605 4.1738 5.9260
-1.5172 4.1685 5.9260
-1.4728 4.1589 5.9260
-1.4371 4.1735 5.9260
-1.4263 4.2627 5.9260
-1.4527 4.4709 5.9260
-1.4554 4.6160 5.9260
-1.4607 4.7777 5.9260
-1.4544 4.9101 5.9260
-1.4077 4.9092 5.9260
-1.3616 4.9097 5.9260
-1.3171 4.9156 5.9260
-1.2694 4.9085 5.9260
-1.2234 4.9068 5.9260
-1.1770 4.9027 5.9260
-1.1324 4.9050 5.9260
-1.0878 4.9069 5.9260
-1.0423 4.9035 5.9260
-0.9988 4.9094 5.9260
-0.9544 4.9101 5.9260
-0.7244 3.9084 5.9260
-0.7114 4.0348 5.9260
-0.7097 4.2410 5.9260
-0.7101 4.4831 5.9260
-0.7056 4.7216 5.9260
-0.7288 5.1860 5.9260
-0.7418 5.6344 5.9260
-0.7346 5.9831 5.9260
-3.2882 3.9512 5.9260
-3.2360 4.0034 5.9260
-3.2658 4.4402 5.9260
-2.5037 4.1196 5.9260
-2.3816 4.1180 5.9260
-2.2584 4.1134 5.9260
-2.1349 4.1064 5.9260
-2.0120 4.0976 5.9260
-1.9182 4.1073 5.9260
-1.8223 4.1139 5.9260
-1.6986 4.0983 5.9260
-1.6338 4.1248 5.9260
-1.5080 4.1037 5.9260
-0.7838 3.8799 5.9260
-0.7855 3.9506 5.9260
-0.7879 4.0230 5.9260
-0.7893 4.0957 5.9260
-0.7554 4.2110 5.9260
-0.7573 4.2870 5.9260
-0.7596 4.3649 5.9260
-0.7623 4.4444 5.9260
-0.7655 4.5258 5.9260
-0.7689 4.6089 5.9260
-0.7748 4.6960 5.9260
-0.7781 4.7822 5.9260
-0.7830 4.8716 5.9260
-3.2334 3.9930 6.3818
-3.2203 4.0484 6.3818
-3.2218 4.1237 6.3818
-3.2088 4.1818 6.3818
-3.2053 4.2535 6.3818
-3.2049 4.3312 6.3818
-3.2023 4.4075 6.3818
-3.2043 4.4923 6.3818
-3.1937 4.5610 6.3818
-3.1945 4.6481 6.3818
-3.1958 4.7379 6.3818
-3.1825 4.8082 6.3818
-3.1823 4.9004 6.3818
-3.1615 4.9625 6.3818
-3.1090 4.9755 6.3818
-3.0446 4.9683 6.3818
-2.5500 4.2438 6.3818
-2.4666 4.1875 6.3818
-2.4150 4.1829 6.3818
-2.3567 4.1655 6.3818
-2.3048 4.1579 6.3818
-2.2589 4.1603 6.3818
-2.2154 4.1666 6.3818
-2.1679 4.1645 6.3818
-2.1170 4.1548 6.3818
-2.0695 4.1507 6.3818
-2.0275 4.1569 6.3818
-1.9773 4.1456 6.3818
-1.9356 4.1509 6.3818
-1.8893 4.1458 6.3818
-1.8519 4.1594 6.3818
-1.8027 4.1460 6.3818
-1.7642 4.1561 6.3818
-1.7217 4.1565 6.3818
-1.6775 4.1519 6.3818
-1.6335 4.1469 6.3818
-1.5969 4.1600 6.3818
-1.5514 4.1495 6.3818
-1.5128 4.1563 6.3818
-1.4708 4.1533 6.3818
-1.4406 4.1839 6.3818
-1.4510 4.3367 6.3818
-1.4499 4.4624 6.3818
-1.4395 4.5654 6.3818
-1.4303 4.6782 6.3818
-1.4076 4.7519 6.3818
-1.3975 4.8736 6.3818
-1.3635 4.9164 6.3818
-1.3153 4.9088 6.3818
-1.2679 4.9027 6.3818
-1.2217 4.9000 6.3818
-1.1754 4.8959 6.3818
-1.1313 4.9001 6.3818
-1.0872 4.9039 6.3818
-1.0416 4.9005 6.3818
-0.9990 4.9104 6.3818
-0.9493 4.8836 6.3818
-0.7295 3.9360 6.3818
-0.7168 4.0653 6.3818
-0.7152 4.2736 6.3818
-0.7135 4.5048 6.3818
-0.7087 4.7423 6.3818
-3.2351 4.0029 6.3818
-3.2411 4.5112 6.3818
-2.5045 4.1202 6.3818
-2.3800 4.1169 6.3818
-2.2277 4.0927 6.3818
-2.1333 4.1053 6.3818
-2.0112 4.0971 6.3818
-1.9182 4.1073 6.3818
-1.8223 4.1139 6.3818
-1.6978 4.0977 6.3818
-1.6323 4.1236 6.3818
-1.5381 4.1268 6.3818
-1.4767 4.1539 6.3818
-0.7838 3.8799 6.3818
-0.7855 3.9506 6.3818
-0.7864 4.0216 6.3818
-0.7885 4.0950 6.3818
-0.7913 4.1700 6.3818
-0.7938 4.2461 6.3818
-0.7968 4.3239 6.3818
-0.7631 4.4451 6.3818
-0.7647 4.5251 6.3818
-0.7703 4.6103 6.3818
-0.7741 4.6953 6.3818
-0.7767 4.7807 6.3818
-0.7802 4.8687 6.3818
-2.4193 5.3087 6.8377
-2.5807 5.7964 6.8377
-1.5364 5.3581 6.8377
-1.4639 5.2788 6.8377
-1.4264 5.3232 6.8377
-2.4354 5.2657 6.8377
-1.5738 5.2280 6.8377
-1.5015 5.2491 6.8377
-2.2561 5.3150 7.2935
-1.7095 5.5915 7.2935
-1.5899 5.3675 7.2935
-2.2603 5.3029 7.2935
-1.6759 5.3266 7.2935
-1.4411 5.7633 7.2935
-2.4151 5.9776 7.7494
-2.1019 5.3359 7.7494
-2.1205 5.5240 7.7494
-1.7444 5.3687 7.7494
-2.1371 5.3818 7.7494
-2.1732 5.5101 7.7494
-2.1639 5.6975 7.7494
-1.7615 5.4093 7.7494
-1.7726 5.5155 7.7494
-2.3366 4.3944 8.2052
-2.0806 4.1731 8.2052
-2.0770 4.2585 8.2052
-2.0307 4.2575 8.2052
-2.0341 4.3621 8.2052
-2.5093 5.9115 8.2052
-2.4415 5.8944 8.2052
-1.9972 5.3418 8.2052
-1.9471 5.3497 8.2052
-1.8897 5.3363 8.2052
-2.0377 5.9180 8.2052
-1.1131 3.6407 8.2052
-1.0872 3.6704 8.2052
-2.4281 3.9932 8.2052
-2.0139 3.8016 8.2052
-1.9530 3.8343 8.2052
-2.0263 3.9568 8.2052
-1.7121 3.8159 8.2052
-1.5222 3.7546 8.2052
-1.4574 3.7786 8.2052
-1.3968 3.8047 8.2052
-2.2782 4.5272 8.2052
-0.8802 3.6878 8.2052
-2.3387 4.9148 8.2052
-2.5540 5.7572 8.2052
-2.0242 2.8908 8.6610
-2.0017 2.9125 8.6610
-1.9751 2.9282 8.6610
-1.9456 2.9394 8.6610
-1.9046 2.9328 8.6610
-1.8655 2.9283 8.6610
-1.8208 2.9139 8.6610
-1.7859 2.9143 8.6610
-1.7516 2.9152 8.6610
-1.7069 2.8977 8.6610
-1.6620 2.8787 8.6610
-1.6427 2.9035 8.6610
-1.6168 2.9169 8.6610
-1.6071 2.9599 8.6610
-1.5680 2.9490 8.6610
-1.5459 2.9697 8.6610
-1.5254 2.9938 8.6610
-1.5117 3.0320 8.6610
-1.5650 3.2087 8.6610
-1.5180 3.1825 8.6610
-2.0755 4.4509 8.6610
-1.9992 4.3869 8.6610
-1.9450 4.3686 8.6610
-1.8877 4.3414 8.6610
-1.8403 4.3356 8.6610
-1.8353 4.4309 8.6610
-1.7794 4.4041 8.6610
-1.8336 4.6549 8.6610
-1.8026 4.6959 8.6610
-1.7619 4.7124 8.6610
-1.6260 4.4673 8.6610
-1.5712 4.4370 8.6610
-1.5324 4.4506 8.6610
-1.4866 4.4429 8.6610
-1.4422 4.4386 8.6610
-1.3884 4.4033 8.6610
-1.3589 4.4449 8.6610
-1.3068 4.4115 8.6610
-1.2732 4.4401 8.6610
-1.2050 4.3450 8.6610
-1.1655 4.3496 8.6610
-1.1405 4.4099 8.6610
-1.1641 4.6691 8.6610
-1.1357 4.7306 8.6610
-1.0816 4.6848 8.6610
-1.0080 4.5466 8.6610
-0.9479 4.4594 8.6610
-0.9019 4.4332 8.6610
-0.8634 4.4419 8.6610
-0.8228 4.4394 8.6610
-0.7269 4.1224 8.6610
-0.7442 4.4472 8.6610
-0.7047 4.4495 8.6610
-2.1612 2.9270 8.6610
-1.9404 2.8820 8.6610
-1.7992 2.8733 8.6610
-1.6870 2.8772 8.6610
-2.3857 3.3102 8.6610
-2.4471 3.4136 8.6610
-2.5412 3.5372 8.6610
-2.6093 3.6489 8.6610
-2.6786 3.7635 8.6610
-2.7859 3.9030 8.6610
-2.8656 4.0291 8.6610
-2.9470 4.1591 8.6610
-3.0385 4.2982 8.6610
-3.1332 4.4424 8.6610
-3.3503 5.0617 9.1169
-3.1186 4.8022 9.1169
-3.0648 4.8107 9.1169
-2.9850 4.7771 9.1169
-2.9511 4.8157 9.1169
-2.8502 4.7436 9.1169
-2.7818 4.7226 9.1169
-2.7395 4.7450 9.1169
-2.7098 4.7896 9.1169
-2.0755 3.7442 9.1169
-2.5943 4.7781 9.1169
-2.5333 4.7644 9.1169
-1.6951 3.2562 9.1169
-1.6734 3.2843 9.1169
-2.3872 4.7879 9.1169
-2.3295 4.7762 9.1169
-2.2860 4.7927 9.1169
-2.2361 4.7953 9.1169
-2.1829 4.7900 9.1169
-2.1289 4.7815 9.1169
-2.0843 4.7935 9.1169
-2.0384 4.8023 9.1169
-1.9827 4.7866 9.1169
-1.9187 4.7490 9.1169
-1.8739 4.7572 9.1169
-1.8198 4.7407 9.1169
-1.7766 4.7517 9.1169
-1.6776 4.6092 9.1169
-1.6917 4.7773 9.1169
-1.5992 4.6444 9.1169
-1.1874 3.5486 9.1169
-1.1415 3.5132 9.1169
-1.1099 3.5202 9.1169
-1.0756 3.5182 9.1169
-1.0523 3.5524 9.1169
-1.3112 4.5727 9.1169
-1.2908 4.6543 9.1169
-1.2796 4.7755 9.1169
-1.2239 4.7323 9.1169
-1.1716 4.6991 9.1169
-1.1100 4.6236 9.1169
-0.9830 4.2580 9.1169
-0.9586 4.3240 9.1169
-0.9082 4.2725 9.1169
-0.8724 4.2882 9.1169
-0.8689 4.4703 9.1169
-0.9017 4.8651 9.1169
-0.8229 4.6670 9.1169
-0.8016 4.7904 9.1169
-0.7556 4.7705 9.1169
-0.7801 5.2200 9.1169
-0.7755 5.8902 9.1169
-3.1513 4.7157 9.1169
-2.8544 4.6009 9.1169
-2.9319 4.7418 9.1169
-2.8032 4.7385 9.1169
-2.6694 4.7293 9.1169
-2.5402 4.7211 9.1169
-2.4445 4.7357 9.1169
-2.3148 4.7228 9.1169
-2.2143 4.7301 9.1169
-2.1133 4.7355 9.1169
-1.9816 4.7142 9.1169
-1.8847 4.7191 9.1169
-1.8149 4.7451 9.1169
-1.6882 4.7215 9.1169
-1.3720 4.5307 9.1169
-1.3001 4.5476 9.1169
-1.1725 4.5133 9.1169
-1.1034 4.5298 9.1169
-1.1413 4.6451 9.1169
-1.0106 4.6030 9.1169
-0.9393 4.6153 9.1169
-3.2781 4.5119 9.5727
-3.2572 4.5664 9.5727
-3.2505 4.6421 9.5727
-3.2478 4.7255 9.5727
-3.2511 4.8200 9.5727
-3.2393 4.8941 9.5727
-3.2368 4.9842 9.5727
-3.2893 5.1632 9.5727
-3.1721 5.0764 9.5727
-3.1183 5.0886 9.5727
-3.0547 5.0839 9.5727
-2.9447 4.9992 9.5727
-2.8920 5.0091 9.5727
-2.8300 5.0019 9.5727
-2.7717 5.0002 9.5727
-2.7260 5.0207 9.5727
-2.7018 5.0814 9.5727
-2.6426 5.0764 9.5727
-2.5832 5.0698 9.5727
-2.5326 5.0796 9.5727
-2.4764 5.0773 9.5727
-2.4186 5.0707 9.5727
-2.3671 5.0762 9.5727
-2.3127 5.0749 9.5727
-2.2619 5.0802 9.5727
-2.2079 5.0778 9.5727
-2.1557 5.0784 9.5727
-2.1044 5.0804 9.5727
-2.0558 5.0884 9.5727
-1.9996 5.0764 9.5727
-1.9434 5.0628 9.5727
-1.8950 5.0683 9.5727
-1.8500 5.0828 9.5727
-1.7986 5.0790 9.5727
-1.7447 5.0670 9.5727
-1.6960 5.0688 9.5727
-1.6468 5.0682 9.5727
-1.5964 5.0633 9.5727
-1.5472 5.0608 9.5727
-1.5007 5.0664 9.5727
-1.4534 5.0687 9.5727
-1.3806 4.9781 9.5727
-1.3283 4.9571 9.5727
-1.2814 4.9550 9.5727
-1.2360 4.9572 9.5727
-1.1934 4.9708 9.5727
-1.1493 4.9781 9.5727
-1.1129 5.0201 9.5727
-1.0732 5.0492 9.5727
-1.0253 5.0398 9.5727
-0.9802 5.0426 9.5727
-0.9347 5.0431 9.5727
-0.8891 5.0422 9.5727
-0.7161 4.2795 9.5727
-0.6720 4.2431 9.5727
-0.6690 4.4763 9.5727
-0.6666 4.7434 9.5727
-0.7351 5.5838 9.5727
-3.3023 4.4630 9.5727
-3.2989 4.7251 9.5727
-3.1940 5.0173 9.5727
-2.9468 4.9309 9.5727
-2.8135 4.9233 9.5727
-2.7408 4.9590 9.5727
-2.6901 5.0107 9.5727
-2.5933 5.0263 9.5727
-2.4600 5.0112 9.5727
-2.3593 5.0201 9.5727
-2.2589 5.0276 9.5727
-2.1543 5.0298 9.5727
-2.0243 5.0085 9.5727
-1.9222 5.0090 9.5727
-1.8468 5.0313 9.5727
-1.7180 5.0044 9.5727
-1.6159 4.9994 9.5727
-0.7236 4.2557 9.5727
-0.7262 4.3332 9.5727
-0.7292 4.4125 9.5727
-0.5929 4.3562 9.5727
-0.7371 4.5771 9.5727
-0.7404 4.6611 9.5727
-0.7468 4.7498 9.5727
-0.7499 4.8368 9.5727
-0.8235 5.0010 9.5727
-0.7142 4.9700 9.5727
-0.7228 5.0675 9.5727
-3.4024 4.5981 10.0286
-3.2904 4.5289 10.0286
-3.2746 4.5908 10.0286
-3.2625 4.6593 10.0286
-3.2597 4.7428 10.0286
-3.2506 4.8192 10.0286
-3.2382 4.8924 10.0286
-3.2411 4.9909 10.0286
-3.2281 5.0671 10.0286
-3.1710 5.0747 10.0286
-3.1136 5.0809 10.0286
-3.0490 5.0744 10.0286
-2.9945 5.0836 10.0286
-2.9335 5.0810 10.0286
-2.8723 5.0768 10.0286
-2.8134 5.0754 10.0286
-2.7589 5.0813 10.0286
-2.6976 5.0734 10.0286
-2.6403 5.0719 10.0286
-2.5868 5.0770 10.0286
-2.5326 5.0796 10.0286
-2.4764 5.0773 10.0286
-2.4182 5.0698 10.0286
-2.3658 5.0735 10.0286
-2.3103 5.0694 10.0286
-2.2610 5.0784 10.0286
-2.2067 5.0750 10.0286
-2.1514 5.0683 10.0286
-2.1032 5.0776 10.0286
-2.0495 5.0726 10.0286
-1.9963 5.0680 10.0286
-1.9477 5.0740 10.0286
-1.8957 5.0702 10.0286
-1.8469 5.0743 10.0286
-1.7919 5.0601 10.0286
-1.7447 5.0670 10.0286
-1.6979 5.0745 10.0286
-1.6464 5.0672 10.0286
-1.5931 5.0528 10.0286
-1.5466 5.0589 10.0286
-1.5016 5.0693 10.0286
-1.4493 5.0543 10.0286
-1.4041 5.0629 10.0286
-1.3572 5.0653 10.0286
-1.3092 5.0624 10.0286
-1.2616 5.0601 10.0286
-1.2123 5.0495 10.0286
-1.1659 5.0502 10.0286
-1.1186 5.0455 10.0286
-1.0722 5.0443 10.0286
-1.0246 5.0358 10.0286
-0.9796 5.0397 10.0286
-0.9358 5.0490 10.0286
-0.8880 5.0363 10.0286
-0.7175 4.2874 10.0286
-0.6706 4.2342 10.0286
-0.6705 4.4862 10.0286
-0.6652 4.7335 10.0286
-0.7185 5.4579 10.0286
-3.3252 4.4773 10.0286
-3.1948 5.0179 10.0286
-3.0633 5.0156 10.0286
-2.9293 5.0090 10.0286
-2.8294 5.0258 10.0286
-2.6996 5.0180 10.0286
-2.5925 5.0256 10.0286
-2.4608 5.0119 10.0286
-2.3570 5.0182 10.0286
-2.2273 5.0015 10.0286
-2.1237 5.0041 10.0286
-2.0235 5.0079 10.0286
-1.9230 5.0097 10.0286
-1.8199 5.0074 10.0286
-1.7195 5.0058 10.0286
-0.7591 4.2143 10.0286
-1.5442 5.0209 10.0286
-0.7248 4.3318 10.0286
-0.7300 4.4132 10.0286
-0.5921 4.3555 10.0286
-0.7364 4.5764 10.0286
-0.7418 4.6625 10.0286
-0.7454 4.7484 10.0286
-0.7499 4.8368 10.0286
-0.8221 4.9995 10.0286
-0.7162 4.9722 10.0286
-0.7174 5.0616 10.0286
-3.3875 4.5780 10.4844
-3.2822 4.5176 10.4844
-3.2786 4.5965 10.4844
-3.2717 4.6724 10.4844
-3.2597 4.7428 10.4844
-3.2545 4.8250 10.4844
-3.2465 4.9049 10.4844
-3.2422 4.9926 10.4844
-3.2297 5.0696 10.4844
-3.1763 5.0832 10.4844
-3.1167 5.0860 10.4844
-3.0568 5.0873 10.4844
-2.9904 5.0767 10.4844
-2.9315 5.0775 10.4844
-2.8713 5.0750 10.4844
-2.8134 5.0754 10.4844
-2.7542 5.0725 10.4844
-2.7009 5.0796 10.4844
-2.6440 5.0790 10.4844
-2.5877 5.0787 10.4844
-2.5313 5.0770 10.4844
-2.4764 5.0773 10.4844
-2.4225 5.0788 10.4844
-2.3650 5.0717 10.4844
-2.3107 5.0703 10.4844
-2.2562 5.0674 10.4844
-2.2023 5.0649 10.4844
-2.1498 5.0646 10.4844
-2.1005 5.0712 10.4844
-2.0465 5.0652 10.4844
-1.9960 5.0671 10.4844
-1.9424 5.0600 10.4844
-1.3669 3.6558 10.4844
-1.4440 3.9674 10.4844
-1.2388 3.4981 10.4844
-1.2160 3.5315 10.4844
-1.1883 3.5515 10.4844
-1.5652 4.8171 10.4844
-1.5450 4.9002 10.4844
-1.4993 4.9039 10.4844
-1.4533 4.9063 10.4844
-1.4049 4.8996 10.4844
-1.3488 4.8634 10.4844
-1.2894 4.8122 10.4844
-1.2346 4.7739 10.4844
-1.1992 4.8098 10.4844
-1.1677 4.8638 10.4844
-1.1385 4.9313 10.4844
-1.1030 4.9752 10.4844
-1.0691 5.0296 10.4844
-1.0246 5.0358 10.4844
-0.9779 5.0308 10.4844
-0.9330 5.0343 10.4844
-0.8806 4.9940 10.4844
-0.7156 4.2765 10.4844
-0.6724 4.2451 10.4844
-0.6688 4.4753 10.4844
-0.6651 4.7325 10.4844
-0.7071 5.3707 10.4844
-3.3277 4.4789 10.4844
-1.2655 3.5089 10.4844
-1.3288 3.6193 10.4844
-1.2661 3.6422 10.4844
-1.2989 3.7336 10.4844
-2.9574 5.0298 10.4844
-2.8262 5.0233 10.4844
-2.6941 5.0138 10.4844
-2.5626 5.0022 10.4844
-2.4608 5.0119 10.4844
-2.3601 5.0207 10.4844
-2.2273 5.0015 10.4844
-2.1229 5.0035 10.4844
-2.0197 5.0046 10.4844
-1.9199 5.0070 10.4844
-1.8191 5.0068 10.4844
-1.7195 5.0058 10.4844
-1.6159 4.9994 10.4844
-1.5069 4.9861 10.4844
-1.4444 5.0147 10.4844
-1.3428 5.0050 10.4844
-1.2704 5.0220 10.4844
-1.1691 5.0091 10.4844
-0.7411 4.6618 10.4844
-0.7461 4.7491 10.4844
-0.8876 4.9819 10.4844
-0.7103 4.8796 10.4844
-0.7142 4.9700 10.4844
-3.4535 4.6672 10.9403
-3.2875 4.5248 10.9403
-3.2763 4.5932 10.9403
-3.2665 4.6651 10.9403
-3.2608 4.7445 10.9403
-3.2495 4.8175 10.9403
-3.2454 4.9032 10.9403
-3.2368 4.9842 10.9403
-3.2405 5.0865 10.9403
-3.1795 5.0883 10.9403
-3.1110 5.0766 10.9403
-3.0506 5.0770 10.9403
-2.9924 5.0802 10.9403
-2.9315 5.0775 10.9403
-2.8703 5.0733 10.9403
-2.8119 5.0728 10.9403
-2.7570 5.0778 10.9403
-2.6995 5.0769 10.9403
-2.6334 5.0586 10.9403
-2.5850 5.0734 10.9403
-2.5264 5.0671 10.9403
-2.4733 5.0710 10.9403
-2.4173 5.0680 10.9403
-2.3650 5.0717 10.9403
-2.3090 5.0667 10.9403
-2.2610 5.0784 10.9403
-2.2023 5.0649 10.9403
-2.1471 5.0582 10.9403
-2.0986 5.0666 10.9403
-2.0483 5.0698 10.9403
-1.9934 5.0605 10.9403
-1.9431 5.0619 10.9403
-1.8936 5.0646 10.9403
-1.8408 5.0574 10.9403
-1.7815 5.0309 10.9403
-1.1981 3.4795 10.9403
-1.1785 3.5221 10.9403
-1.1495 3.5379 10.9403
-1.5931 5.0528 10.9403
-1.5440 5.0502 10.9403
-1.4868 5.0194 10.9403
-1.4383 5.0159 10.9403
-1.4014 5.0533 10.9403
-1.3521 5.0460 10.9403
-1.3042 5.0431 10.9403
-1.2573 5.0426 10.9403
-1.2113 5.0456 10.9403
-1.1652 5.0472 10.9403
-1.1188 5.0465 10.9403
-1.0743 5.0541 10.9403
-1.0265 5.0456 10.9403
-0.9802 5.0426 10.9403
-0.9316 5.0264 10.9403
-0.8820 5.0018 10.9403
-0.7252 4.3337 10.9403
-0.6717 4.2411 10.9403
-0.6700 4.4832 10.9403
-0.6665 4.7424 10.9403
-0.7033 5.3419 10.9403
-3.3328 4.4821 10.9403
-3.1956 5.0184 10.9403
-3.0617 5.0144 10.9403
-2.9261 5.0066 10.9403
-2.7959 5.0005 10.9403
-2.6592 4.9870 10.9403
-2.5610 5.0010 10.9403
-2.4592 5.0106 10.9403
-2.3562 5.0176 10.9403
-2.2242 4.9989 10.9403
-2.1229 5.0035 10.9403
-2.0227 5.0072 10.9403
-1.9207 5.0077 10.9403
-1.8191 5.0068 10.9403
-0.7913 4.1700 10.9403
-1.6144 4.9980 10.9403
-1.5069 4.9861 10.9403
-0.7262 4.3332 10.9403
-0.7285 4.4118 10.9403
-0.7319 4.4928 10.9403
-0.5610 4.4010 10.9403
-0.7411 4.6618 10.9403
-0.7447 4.7476 10.9403
-0.7089 4.8781 10.9403
-0.7135 4.9692 10.9403
-3.3834 4.5723 11.3961
-3.2875 4.5248 11.3961
-3.2752 4.5916 11.3961
-3.2654 4.6634 11.3961
-3.2540 4.7346 11.3961
-3.2467 4.8134 11.3961
-3.2426 4.8991 11.3961
-3.2411 4.9909 11.3961
-3.2351 5.0781 11.3961
-3.1742 5.0798 11.3961
-3.1083 5.0724 11.3961
-3.0516 5.0787 11.3961
-2.9950 5.0845 11.3961
-2.9305 5.0758 11.3961
-2.8738 5.0794 11.3961
-2.8134 5.0754 11.3961
-2.7570 5.0778 11.3961
-2.6948 5.0681 11.3961
-2.6398 5.0710 11.3961
-2.5873 5.0778 11.3961
-2.5273 5.0689 11.3961
-2.4746 5.0737 11.3961
-2.4156 5.0644 11.3961
-2.3633 5.0681 11.3961
-2.3115 5.0721 11.3961
-2.2570 5.0693 11.3961
-2.2011 5.0622 11.3961
-2.1506 5.0665 11.3961
-2.0979 5.0647 11.3961
-2.0442 5.0596 11.3961
-1.9894 5.0503 11.3961
-1.9427 5.0609 11.3961
-1.8897 5.0543 11.3961
-1.8384 5.0508 11.3961
-1.7905 5.0563 11.3961
-1.7424 5.0604 11.3961
-1.6909 5.0536 11.3961
-1.6409 5.0501 11.3961
-1.5898 5.0423 11.3961
-1.5411 5.0407 11.3961
-1.4962 5.0511 11.3961
-1.4471 5.0466 11.3961
-1.3979 5.0408 11.3961
-1.3536 5.0518 11.3961
-1.3057 5.0489 11.3961
-1.2611 5.0582 11.3961
-1.2132 5.0534 11.3961
-1.1688 5.0628 11.3961
-1.1207 5.0553 11.3961
-1.0714 5.0404 11.3961
-1.0255 5.0407 11.3961
-0.9802 5.0426 11.3961
-0.9356 5.0480 11.3961
-0.8891 5.0422 11.3961
-0.7194 4.2992 11.3961
-0.6731 4.2500 11.3961
-0.6709 4.4891 11.3961
-0.6666 4.7434 11.3961
-0.7336 5.5719 11.3961
-0.7266 5.9176 11.3961
-3.3336 4.4826 11.3961
-3.2457 4.9614 11.3961
-3.1931 5.0167 11.3961
-3.0585 5.0120 11.3961
-2.9301 5.0096 11.3961
-2.7975 5.0017 11.3961
-2.6599 4.9876 11.3961
-2.5594 4.9998 11.3961
-2.4600 5.0112 11.3961
-2.3267 4.9937 11.3961
-2.2574 5.0263 11.3961
-2.1252 5.0054 11.3961
-2.0250 5.0092 11.3961
-1.9215 5.0084 11.3961
-1.8199 5.0074 11.3961
-1.7165 5.0031 11.3961
-0.7591 4.2143 11.3961
-1.5420 5.0188 11.3961
-0.7255 4.3325 11.3961
-0.7271 4.4104 11.3961
-0.7312 4.4921 11.3961
-0.7364 4.5764 11.3961
-0.7411 4.6618 11.3961
-0.7454 4.7484 11.3961
-0.7499 4.8368 11.3961
-0.4286 4.5775 11.3961
-0.7135 4.9692 11.3961
-3.2787 4.5127 11.8520
-3.2694 4.5835 11.8520
-3.2619 4.6585 11.8520
-3.2529 4.7330 11.8520
-3.2495 4.8175 11.8520
-3.2443 4.9016 11.8520
-3.2390 4.9876 11.8520
-3.2259 5.0637 11.8520
-3.1684 5.0705 11.8520
-3.1068 5.0698 11.8520
-3.0444 5.0667 11.8520
-2.9848 5.0672 11.8520
-2.9265 5.0688 11.8520
-2.8708 5.0742 11.8520
-2.8109 5.0710 11.8520
-2.7499 5.0646 11.8520
-2.6919 5.0628 11.8520
-2.6398 5.0710 11.8520
-2.5814 5.0663 11.8520
-2.5286 5.0716 11.8520
-2.4693 5.0629 11.8520
-2.4156 5.0644 11.8520
-2.3603 5.0617 11.8520
-2.3020 5.0512 11.8520
-2.2501 5.0537 11.8520
-2.1999 5.0594 11.8520
-2.1482 5.0609 11.8520
-2.0948 5.0573 11.8520
-2.0424 5.0550 11.8520
-1.9989 5.0745 11.8520
-1.9377 5.0479 11.8520
-1.8859 5.0440 11.8520
-1.8360 5.0443 11.8520
-1.7879 5.0488 11.8520
-1.7392 5.0510 11.8520
-1.6881 5.0451 11.8520
-1.6381 5.0416 11.8520
-1.5907 5.0452 11.8520
-1.5443 5.0512 11.8520
-1.4945 5.0453 11.8520
-1.4460 5.0428 11.8520
-1.3987 5.0436 11.8520
-1.3505 5.0402 11.8520
-1.3037 5.0411 11.8520
-1.2544 5.0310 11.8520
-1.2081 5.0320 11.8520
-1.1630 5.0375 11.8520
-1.1164 5.0357 11.8520
-1.0687 5.0277 11.8520
-1.0261 5.0437 11.8520
-0.9787 5.0348 11.8520
-0.9318 5.0274 11.8520
-0.8889 5.0412 11.8520
-0.7181 4.2913 11.8520
-0.6727 4.2471 11.8520
-0.6684 4.4723 11.8520
-0.6665 4.7424 11.8520
-0.7309 5.5521 11.8520
-0.7167 5.8372 11.8520
-3.3319 4.4815 11.8520
-3.2946 4.6332 11.8520
-3.1606 4.9935 11.8520
-3.0617 5.0144 11.8520
-2.9285 5.0084 11.8520
-2.7967 5.0011 11.8520
-2.6964 5.0156 11.8520
-2.5602 5.0004 11.8520
-2.4553 5.0075 11.8520
-2.3243 4.9918 11.8520
-2.2551 5.0244 11.8520
-2.1252 5.0054 11.8520
-2.0212 5.0059 11.8520
-1.9177 5.0051 11.8520
-1.8176 5.0054 11.8520
-1.7143 5.0011 11.8520
-1.6151 4.9987 11.8520
-0.7236 4.2557 11.8520
-0.7262 4.3332 11.8520
-0.7285 4.4118 11.8520
-0.5921 4.3555 11.8520
-0.7364 4.5764 11.8520
-0.7404 4.6611 11.8520
-0.7461 4.7491 11.8520
-0.7506 4.8375 11.8520
-0.8228 5.0003 11.8520
-0.7148 4.9707 11.8520
-3.2793 4.5135 12.3078
-3.2676 4.5810 12.3078
-3.2602 4.6561 12.3078
-3.2495 4.7280 12.3078
-3.2472 4.8142 12.3078
-3.2344 4.8866 12.3078
-3.2368 4.9842 12.3078
-3.2265 5.0646 12.3078
-3.1673 5.0688 12.3078
-3.1073 5.0707 12.3078
-3.0392 5.0581 12.3078
-2.9793 5.0578 12.3078
-2.9225 5.0619 12.3078
-2.8615 5.0576 12.3078
-2.8041 5.0588 12.3078
-2.7460 5.0576 12.3078
-2.6919 5.0628 12.3078
-2.6315 5.0551 12.3078
-2.5750 5.0538 12.3078
-2.5224 5.0591 12.3078
-2.4680 5.0602 12.3078
-2.4087 5.0500 12.3078
-2.3561 5.0527 12.3078
-2.3024 5.0521 12.3078
-2.2517 5.0574 12.3078
-2.1971 5.0530 12.3078
-2.1459 5.0554 12.3078
-2.0933 5.0536 12.3078
-2.0401 5.0494 12.3078
-1.9905 5.0531 12.3078
-1.9395 5.0525 12.3078
-1.8869 5.0468 12.3078
-1.8353 5.0424 12.3078
-1.7889 5.0516 12.3078
-1.7395 5.0519 12.3078
-1.6862 5.0394 12.3078
-1.6427 5.0558 12.3078
-1.5898 5.0423 12.3078
-1.5417 5.0426 12.3078
-1.4914 5.0348 12.3078
-1.4468 5.0457 12.3078
-1.3985 5.0427 12.3078
-1.3492 5.0354 12.3078
-1.3030 5.0382 12.3078
-1.2558 5.0368 12.3078
-1.2113 5.0456 12.3078
-1.1625 5.0355 12.3078
-1.1177 5.0416 12.3078
-1.0699 5.0335 12.3078
-1.0244 5.0349 12.3078
-0.9779 5.0308 12.3078
-0.9321 5.0293 12.3078
-0.8863 5.0265 12.3078
-0.7168 4.2834 12.3078
-0.6736 4.2530 12.3078
-0.6690 4.4763 12.3078
-0.6650 4.7315 12.3078
-0.6808 5.1714 12.3078
-0.7099 5.7816 12.3078
-3.3156 4.2995 12.3078
-3.3131 4.7345 12.3078
-3.1973 4.9276 12.3078
-3.1630 4.9952 12.3078
-3.0261 4.9885 12.3078
-2.8931 4.9822 12.3078
-2.7911 4.9969 12.3078
-2.6933 5.0132 12.3078
-2.5586 4.9992 12.3078
-2.4256 4.9839 12.3078
-2.3251 4.9924 12.3078
-2.2234 4.9983 12.3078
-2.1214 5.0022 12.3078
-1.9870 4.9767 12.3078
-1.9192 5.0064 12.3078
-1.8154 5.0034 12.3078
-1.7135 5.0004 12.3078
-0.7577 4.2130 12.3078
-0.7609 4.2905 12.3078
-0.7632 4.3683 12.3078
-0.7667 4.4486 12.3078
-0.7712 4.5314 12.3078
-1.1663 5.0063 12.3078
-0.7369 4.6575 12.3078
-0.7427 4.7455 12.3078
-0.7465 4.8332 12.3078
-0.8235 5.0010 12.3078
-0.7128 4.9685 12.3078
-3.2867 4.2833 12.7637
-3.2733 4.3438 12.7637
-3.2626 4.4092 12.7637
-3.2669 4.4965 12.7637
-3.2670 4.5802 12.7637
-3.2654 4.6634 12.7637
-3.2591 4.7420 12.7637
-3.2573 4.8291 12.7637
-3.2575 4.9216 12.7637
-3.2559 5.0136 12.7637
-3.2652 5.1253 12.7637
-3.1663 5.0671 12.7637
-3.1031 5.0638 12.7637
-3.0465 5.0701 12.7637
-2.9848 5.0672 12.7637
-2.9240 5.0645 12.7637
-2.8615 5.0576 12.7637
-2.8085 5.0667 12.7637
-2.7513 5.0673 12.7637
-2.6948 5.0681 12.7637
-2.6324 5.0568 12.7637
-2.5809 5.0654 12.7637
-2.5241 5.0626 12.7637
-2.4623 5.0485 12.7637
-2.4091 5.0509 12.7637
-2.3569 5.0545 12.7637
-2.3024 5.0521 12.7637
-2.2468 5.0464 12.7637
-2.1951 5.0484 12.7637
-2.1428 5.0480 12.7637
-2.0940 5.0555 12.7637
-2.0420 5.0541 12.7637
-1.9905 5.0531 12.7637
-1.9359 5.0432 12.7637
-1.8876 5.0487 12.7637
-1.8360 5.0443 12.7637
-1.7869 5.0460 12.7637
-1.7350 5.0387 12.7637
-1.6903 5.0517 12.7637
-1.6369 5.0377 12.7637
-1.5904 5.0442 12.7637
-1.5408 5.0397 12.7637
-1.4925 5.0386 12.7637
-1.4457 5.0418 12.7637
-1.3979 5.0408 12.7637
-1.3513 5.0431 12.7637
-1.3045 5.0440 12.7637
-1.2556 5.0358 12.7637
-1.2081 5.0320 12.7637
-1.1659 5.0502 12.7637
-1.1209 5.0562 12.7637
-1.0712 5.0394 12.7637
-1.0271 5.0486 12.7637
-0.9819 5.0515 12.7637
-0.9365 5.0529 12.7637
-0.8894 5.0442 12.7637
-0.8190 4.8939 12.7637
-0.6735 4.2520 12.7637
-0.6728 4.5020 12.7637
-0.6661 4.7394 12.7637
-0.6727 5.1099 12.7637
-3.3331 4.2253 12.7637
-3.3088 4.6425 12.7637
-3.2113 4.9373 12.7637
-3.1581 4.9917 12.7637
-3.0585 5.0120 12.7637
-2.9261 5.0066 12.7637
-2.7919 4.9975 12.7637
-2.6925 5.0125 12.7637
-2.5571 4.9979 12.7637
-2.4248 4.9832 12.7637
-2.3220 4.9899 12.7637
-2.2242 4.9989 12.7637
-2.1237 5.0041 12.7637
-1.9870 4.9767 12.7637
-1.9177 5.0051 12.7637
-1.8184 5.0061 12.7637
-1.7143 5.0011 12.7637
-1.6129 4.9967 12.7637
-0.7236 4.2557 12.7637
-0.7270 4.3339 12.7637
-0.7292 4.4125 12.7637
-0.7326 4.4935 12.7637
-0.7371 4.5771 12.7637
-0.7425 4.6632 12.7637
-0.7454 4.7484 12.7637
-0.7506 4.8375 12.7637
-0.4341 4.5834 12.7637
-0.7520 5.0113 12.7637
-3.2922 4.2905 13.2195
-3.2691 4.3382 13.2195
-3.2644 4.4116 13.2195
-3.2599 4.4868 13.2195
-3.2647 4.5770 13.2195
-3.2556 4.6495 13.2195
-3.2523 4.7321 13.2195
-3.2556 4.8267 13.2195
-3.2542 4.9166 13.2195
-3.2493 5.0035 13.2195
-3.2974 5.1759 13.2195
-3.1663 5.0671 13.2195
-3.1115 5.0775 13.2195
-3.0459 5.0693 13.2195
-2.9853 5.0681 13.2195
-2.9240 5.0645 13.2195
-2.8654 5.0646 13.2195
-2.8066 5.0632 13.2195
-2.7494 5.0637 13.2195
-2.6915 5.0619 13.2195
-2.6352 5.0622 13.2195
-2.5750 5.0538 13.2195
-2.5201 5.0546 13.2195
-2.4636 5.0512 13.2195
-2.4143 5.0617 13.2195
-2.3574 5.0554 13.2195
-2.2957 5.0375 13.2195
-2.2456 5.0437 13.2195
-2.1939 5.0457 13.2195
-2.1459 5.0554 13.2195
-2.0895 5.0444 13.2195
-2.0375 5.0430 13.2195
-1.9868 5.0438 13.2195
-1.9384 5.0497 13.2195
-1.8848 5.0412 13.2195
-1.8353 5.0424 13.2195
-1.7885 5.0507 13.2195
-1.7340 5.0358 13.2195
-1.6852 5.0365 13.2195
-1.6427 5.0558 13.2195
-1.5895 5.0413 13.2195
-1.5411 5.0407 13.2195
-1.4934 5.0415 13.2195
-1.4427 5.0312 13.2195
-1.3985 5.0427 13.2195
-1.3503 5.0392 13.2195
-1.3032 5.0392 13.2195
-1.2570 5.0417 13.2195
-1.2097 5.0388 13.2195
-1.1646 5.0443 13.2195
-1.1175 5.0406 13.2195
-1.0693 5.0306 13.2195
-1.0251 5.0388 13.2195
-0.9800 5.0416 13.2195
-0.9349 5.0441 13.2195
-0.8884 5.0383 13.2195
-0.8411 5.0261 13.2195
-0.6745 4.2589 13.2195
-0.6675 4.4664 13.2195
-0.6673 4.7483 13.2195
-0.6868 5.2170 13.2195
-3.3322 4.2247 13.2195
-3.3214 4.6507 13.2195
-3.2347 4.6826 13.2195
-3.1622 4.9946 13.2195
-3.0277 4.9897 13.2195
-2.9293 5.0090 13.2195
-2.8246 5.0221 13.2195
-2.6925 5.0125 13.2195
-2.5571 4.9979 13.2195
-2.4240 4.9826 13.2195
-2.3220 4.9899 13.2195
-2.2211 4.9964 13.2195
-2.1252 5.0054 13.2195
-2.0265 5.0105 13.2195
-1.9215 5.0084 13.2195
-1.8176 5.0054 13.2195
-1.7180 5.0044 13.2195
-1.6114 4.9953 13.2195
-0.7251 4.2570 13.2195
-0.7284 4.3353 13.2195
-0.6293 4.3159 13.2195
-0.7319 4.4928 13.2195
-0.7371 4.5771 13.2195
-0.7404 4.6611 13.2195
-0.7454 4.7484 13.2195
-0.7506 4.8375 13.2195
-0.8221 4.9995 13.2195
-0.7142 4.9700 13.2195
-3.2770 4.2706 13.6753
-3.2588 4.3246 13.6753
-3.2584 4.4035 13.6753
-3.2657 4.4949 13.6753
-3.2566 4.5656 13.6753
-3.2522 4.6446 13.6753
-3.2580 4.7404 13.6753
-3.2539 4.8242 13.6753
-3.2476 4.9066 13.6753
-3.2531 5.0094 13.6753
-3.2974 5.1759 13.6753
-3.1710 5.0747 13.6753
-3.1036 5.0647 13.6753
-3.0439 5.0659 13.6753
-2.9833 5.0647 13.6753
-2.9255 5.0671 13.6753
-2.8634 5.0611 13.6753
-2.8027 5.0562 13.6753
-2.7494 5.0637 13.6753
-2.6981 5.0743 13.6753
-2.6343 5.0604 13.6753
-2.5773 5.0582 13.6753
-2.5201 5.0546 13.6753
-2.4658 5.0557 13.6753
-2.4083 5.0491 13.6753
-2.3544 5.0490 13.6753
-2.3024 5.0521 13.6753
-2.2452 5.0428 13.6753
-2.1963 5.0512 13.6753
-2.1443 5.0517 13.6753
-2.0960 5.0601 13.6753
-2.0435 5.0578 13.6753
-1.9919 5.0568 13.6753
-1.9373 5.0469 13.6753
-1.8859 5.0440 13.6753
-1.8360 5.0443 13.6753
-1.7872 5.0469 13.6753
-1.7366 5.0434 13.6753
-1.6881 5.0451 13.6753
-1.6384 5.0425 13.6753
-1.5904 5.0442 13.6753
-1.5402 5.0378 13.6753
-1.4931 5.0405 13.6753
-1.4463 5.0437 13.6753
-1.3985 5.0427 13.6753
-1.3541 5.0537 13.6753
-1.3052 5.0470 13.6753
-1.2599 5.0533 13.6753
-1.2120 5.0485 13.6753
-1.1630 5.0375 13.6753
-1.1179 5.0426 13.6753
-1.0728 5.0472 13.6753
-1.0244 5.0349 13.6753
-0.9806 5.0446 13.6753
-0.9341 5.0402 13.6753
-0.8906 5.0511 13.6753
-0.8426 5.0350 13.6753
-0.6747 4.2599 13.6753
-0.6666 4.4605 13.6753
-0.6671 4.7464 13.6753
-0.7594 5.7682 13.6753
-3.3356 4.2268 13.6753
-3.2608 4.3514 13.6753
-3.2956 4.7229 13.6753
-3.1598 4.9929 13.6753
-3.0601 5.0132 13.6753
-2.9309 5.0102 13.6753
-2.7967 5.0011 13.6753
-2.6599 4.9876 13.6753
-2.5563 4.9973 13.6753
-2.4232 4.9820 13.6753
-2.3531 5.0151 13.6753
-2.2234 4.9983 13.6753
-2.1206 5.0015 13.6753
-2.0182 5.0033 13.6753
-1.9199 5.0070 13.6753
-1.8161 5.0041 13.6753
-1.7165 5.0031 13.6753
-1.6107 4.9946 13.6753
-0.7251 4.2570 13.6753
-0.7277 4.3346 13.6753
-0.7300 4.4132 13.6753
-0.5921 4.3555 13.6753
-0.7385 4.5785 13.6753
-0.7432 4.6639 13.6753
-0.7447 4.7476 13.6753
-0.8966 4.9913 13.6753
-0.7096 4.8789 13.6753
-0.7135 4.9692 13.6753
-3.2776 4.2714 14.1312
-3.2648 4.3326 14.1312
-3.2561 4.4003 14.1312
-3.2546 4.4795 14.1312
-3.2473 4.5525 14.1312
-3.2608 4.6569 14.1312
-3.2472 4.7247 14.1312
-3.2450 4.8109 14.1312
-3.2448 4.9024 14.1312
-3.2444 4.9960 14.1312
-3.2808 5.1497 14.1312
-3.1636 5.0628 14.1312
-3.1000 5.0587 14.1312
-3.0408 5.0607 14.1312
-2.9762 5.0526 14.1312
-2.9210 5.0593 14.1312
-2.8556 5.0472 14.1312
-2.8022 5.0553 14.1312
-2.7446 5.0550 14.1312
-2.6863 5.0522 14.1312
-2.6269 5.0462 14.1312
-2.5764 5.0565 14.1312
-2.5201 5.0546 14.1312
-2.4615 5.0467 14.1312
-2.4096 5.0518 14.1312
-2.3565 5.0536 14.1312
-2.3024 5.0521 14.1312
-2.2476 5.0483 14.1312
-2.1947 5.0475 14.1312
-2.1428 5.0480 14.1312
-2.0921 5.0508 14.1312
-2.0394 5.0476 14.1312
-1.9857 5.0410 14.1312
-1.9370 5.0460 14.1312
-1.8876 5.0487 14.1312
-1.8329 5.0358 14.1312
-1.7842 5.0384 14.1312
-1.7359 5.0415 14.1312
-1.6833 5.0309 14.1312
-1.6372 5.0387 14.1312
-1.5877 5.0356 14.1312
-1.5393 5.0349 14.1312
-1.4948 5.0463 14.1312
-1.4432 5.0332 14.1312
-1.3958 5.0330 14.1312
-1.3508 5.0412 14.1312
-1.3042 5.0431 14.1312
-1.2558 5.0368 14.1312
-1.2081 5.0320 14.1312
-1.1628 5.0365 14.1312
-1.1175 5.0406 14.1312
-1.0714 5.0404 14.1312
-1.0257 5.0417 14.1312
-0.9796 5.0397 14.1312
-0.9340 5.0392 14.1312
-0.8894 5.0442 14.1312
-0.8416 5.0291 14.1312
-0.6753 4.2639 14.1312
-0.6626 4.4338 14.1312
-0.6636 4.7216 14.1312
-0.7064 5.3657 14.1312
-3.3029 4.2075 14.1312
-3.3096 4.2959 14.1312
-3.3081 4.7312 14.1312
-3.1606 4.9935 14.1312
-3.0261 4.9885 14.1312
-2.9228 5.0042 14.1312
-2.7927 4.9981 14.1312
-2.6607 4.9882 14.1312
-2.5579 4.9986 14.1312
-2.4248 4.9832 14.1312
-2.3251 4.9924 14.1312
-2.2203 4.9958 14.1312
-2.0884 4.9745 14.1312
-1.9870 4.9767 14.1312
-1.9162 5.0038 14.1312
-1.8139 5.0021 14.1312
-1.6823 4.9723 14.1312
-1.6100 4.9940 14.1312
-0.7251 4.2570 14.1312
-0.7277 4.3346 14.1312
-0.7300 4.4132 14.1312
-0.5921 4.3555 14.1312
-0.7378 4.5778 14.1312
-0.7425 4.6632 14.1312
-0.7468 4.7498 14.1312
-0.8952 4.9899 14.1312
-0.7089 4.8781 14.1312
-0.7175 4.9737 14.1312
-3.2788 4.2730 14.5870
-3.2534 4.3174 14.5870
-3.2471 4.3883 14.5870
-3.2458 4.4674 14.5870
-3.2531 4.5607 14.5870
-3.2470 4.6372 14.5870
-3.2444 4.7206 14.5870
-3.2428 4.8076 14.5870
-3.2443 4.9016 14.5870
-3.2428 4.9934 14.5870
-3.2576 5.1135 14.5870
-3.1567 5.0518 14.5870
-3.1042 5.0655 14.5870
-3.0377 5.0556 14.5870
-2.9803 5.0595 14.5870
-2.9170 5.0524 14.5870
-2.8625 5.0594 14.5870
-2.7993 5.0501 14.5870
-2.7460 5.0576 14.5870
-2.6854 5.0505 14.5870
-2.6255 5.0435 14.5870
-2.5755 5.0547 14.5870
-2.5192 5.0528 14.5870
-2.4623 5.0485 14.5870
-2.4074 5.0473 14.5870
-2.3561 5.0527 14.5870
-2.2974 5.0412 14.5870
-2.2497 5.0528 14.5870
-2.2015 5.0631 14.5870
-2.1459 5.0554 14.5870
-2.0906 5.0472 14.5870
-2.0412 5.0522 14.5870
-1.9949 5.0643 14.5870
-1.9406 5.0553 14.5870
-1.8869 5.0468 14.5870
-1.8401 5.0555 14.5870
-1.7902 5.0554 14.5870
-1.7369 5.0443 14.5870
-1.6884 5.0460 14.5870
-1.6362 5.0358 14.5870
-1.5919 5.0490 14.5870
-1.5396 5.0359 14.5870
-1.4919 5.0367 14.5870
-1.4490 5.0534 14.5870
-1.4001 5.0485 14.5870
-1.3477 5.0296 14.5870
-1.3022 5.0353 14.5870
-1.2558 5.0368 14.5870
-1.2127 5.0515 14.5870
-1.1659 5.0502 14.5870
-1.1188 5.0465 14.5870
-1.0718 5.0424 14.5870
-1.0273 5.0496 14.5870
-0.9813 5.0485 14.5870
-0.9349 5.0441 14.5870
-0.8884 5.0383 14.5870
-0.8434 5.0399 14.5870
-0.6752 4.2629 14.5870
-0.6632 4.4377 14.5870
-0.6612 4.7048 14.5870
-0.6810 5.1724 14.5870
-3.2969 4.2039 14.5870
-3.3259 4.3057 14.5870
-3.2939 4.8119 14.5870
-3.1573 4.9911 14.5870
-3.0237 4.9868 14.5870
-2.8907 4.9805 14.5870
-2.7903 4.9963 14.5870
-2.6607 4.9882 14.5870
-2.5547 4.9961 14.5870
-2.4232 4.9820 14.5870
-2.3197 4.9880 14.5870
-2.2234 4.9983 14.5870
-2.1221 5.0028 14.5870
-1.9885 4.9780 14.5870
-1.9169 5.0044 14.5870
-1.8169 5.0048 14.5870
-1.7158 5.0024 14.5870
-1.6122 4.9960 14.5870
-0.7244 4.2564 14.5870
-0.7270 4.3339 14.5870
-0.7307 4.4139 14.5870
-0.5957 4.3590 14.5870
-0.7385 4.5785 14.5870
-0.7425 4.6632 14.5870
-0.7475 4.7505 14.5870
-0.9255 5.0218 14.5870
-0.7096 4.8789 14.5870
-0.7155 4.9715 14.5870
-3.2684 4.2595 15.0429
-3.2420 4.3022 15.0429
-3.2400 4.3786 15.0429
-3.2399 4.4593 15.0429
-3.2455 4.5501 15.0429
-3.2430 4.6315 15.0429
-3.2421 4.7173 15.0429
-3.2355 4.7968 15.0429
-3.2310 4.8816 15.0429
-3.2313 4.9758 15.0429
-3.2281 5.0671 15.0429
-3.1599 5.0569 15.0429
-3.0989 5.0570 15.0429
-3.0367 5.0539 15.0429
-2.9762 5.0526 15.0429
-2.9160 5.0507 15.0429
-2.8575 5.0507 15.0429
-2.8007 5.0527 15.0429
-2.7403 5.0470 15.0429
-2.6868 5.0531 15.0429
-2.6255 5.0435 15.0429
-2.5764 5.0565 15.0429
-2.5170 5.0483 15.0429
-2.4610 5.0458 15.0429
-2.4035 5.0391 15.0429
-2.3468 5.0327 15.0429
-2.2941 5.0339 15.0429
-2.2468 5.0464 15.0429
-2.1927 5.0429 15.0429
-2.1373 5.0352 15.0429
-2.0879 5.0407 15.0429
-2.0341 5.0346 15.0429
-1.9872 5.0447 15.0429
-1.9316 5.0320 15.0429
-1.8831 5.0365 15.0429
-1.8308 5.0302 15.0429
-1.7842 5.0384 15.0429
-1.7320 5.0302 15.0429
-1.6843 5.0337 15.0429
-1.6353 5.0330 15.0429
-1.5889 5.0394 15.0429
-1.5402 5.0378 15.0429
-1.4942 5.0444 15.0429
-1.4460 5.0428 15.0429
-1.3979 5.0408 15.0429
-1.3505 5.0402 15.0429
-1.3032 5.0392 15.0429
-1.2563 5.0387 15.0429
-1.2106 5.0427 15.0429
-1.1623 5.0346 15.0429
-1.1157 5.0328 15.0429
-1.0710 5.0384 15.0429
-1.0246 5.0358 15.0429
-0.9785 5.0338 15.0429
-0.9329 5.0333 15.0429
-0.8884 5.0383 15.0429
-0.8437 5.0419 15.0429
-0.6738 4.2540 15.0429
-0.6620 4.4298 15.0429
-0.6627 4.7157 15.0429
-0.6902 5.2428 15.0429
-3.2934 4.2019 15.0429
-3.2921 4.4566 15.0429
-3.2821 4.8949 15.0429
-3.1541 4.9888 15.0429
-3.0221 4.9856 15.0429
-2.8907 4.9805 15.0429
-2.7895 4.9957 15.0429
-2.6584 4.9864 15.0429
-2.5555 4.9967 15.0429
-2.4216 4.9807 15.0429
-2.3212 4.9893 15.0429
-2.2227 4.9977 15.0429
-2.1168 4.9983 15.0429
-1.9862 4.9761 15.0429
-1.8867 4.9782 15.0429
-1.7832 4.9750 15.0429
-1.6823 4.9723 15.0429
-1.6092 4.9933 15.0429
-0.7251 4.2570 15.0429
-0.7270 4.3339 15.0429
-0.7307 4.4139 15.0429
-0.5921 4.3555 15.0429
-0.7385 4.5785 15.0429
-0.7418 4.6625 15.0429
-0.7468 4.7498 15.0429
-0.9241 5.0203 15.0429
-0.7096 4.8789 15.0429
-0.7142 4.9700 15.0429
-3.1791 5.6190 15.4987
-3.0097 5.4296 15.4987
-2.9326 5.4012 15.4987
-2.8544 5.3683 15.4987
-2.7442 5.2715 15.4987
-2.6182 5.1384 15.4987
-2.5473 5.1092 15.4987
-2.5145 5.1555 15.4987
-2.4599 5.1574 15.4987
-2.3523 5.0445 15.4987
-2.0013 4.3915 15.4987
-1.9145 4.3001 15.4987
-1.8685 4.2973 15.4987
-1.8228 4.2942 15.4987
-1.7818 4.3016 15.4987
-1.7415 4.3105 15.4987
-1.6958 4.3050 15.4987
-1.6453 4.2861 15.4987
-1.6103 4.3068 15.4987
-1.5644 4.2982 15.4987
-1.5228 4.3003 15.4987
-1.4781 4.2927 15.4987
-1.4393 4.3016 15.4987
-1.3971 4.2997 15.4987
-1.3556 4.2994 15.4987
-1.3139 4.2976 15.4987
-1.2741 4.3013 15.4987
-1.2329 4.2997 15.4987
-1.1935 4.3036 15.4987
-1.1502 4.2926 15.4987
-1.1117 4.2986 15.4987
-1.0712 4.2965 15.4987
-1.0307 4.2930 15.4987
-0.9927 4.2999 15.4987
-0.9532 4.2996 15.4987
-0.9142 4.3009 15.4987
-0.8742 4.2970 15.4987
-0.8348 4.2946 15.4987
-0.7975 4.3027 15.4987
-0.7581 4.2997 15.4987
-0.7467 4.4620 15.4987
-0.7537 4.7587 15.4987
-0.7751 5.1864 15.4987
-0.7668 5.4564 15.4987
-2.8495 4.5121 15.4987
-2.8626 4.6066 15.4987
-2.7271 4.5984 15.4987
-2.3200 4.5581 15.4987
-2.1889 4.5431 15.4987
-2.0959 4.5548 15.4987
-2.0014 4.6464 15.4987
-1.9459 4.6853 15.4987
-2.4526 5.1872 15.4987
-1.7085 4.6557 15.4987
-2.2797 5.2268 15.4987
-1.6143 4.7413 15.4987
-1.6611 4.8669 15.4987
-1.4586 4.7709 15.4987
-1.4755 4.9568 15.4987
-1.3702 5.0314 15.4987
-1.0572 4.8124 15.4987
-1.2420 5.0820 15.4987
-1.1421 5.0698 15.4987
-1.0719 5.0865 15.4987
-0.9661 5.0646 15.4987
-0.5269 5.5894 15.4987
-3.0631 3.3428 15.9546
-3.0131 3.3464 15.9546
-2.9387 3.3216 15.9546
-2.8893 3.3237 15.9546
-2.8342 3.3184 15.9546
-2.7826 3.3162 15.9546
-2.7300 3.3118 15.9546
-2.6853 3.3161 15.9546
-2.6270 3.3026 15.9546
-2.5833 3.3065 15.9546
-2.5270 3.2932 15.9546
-2.4777 3.2880 15.9546
-2.4346 3.2902 15.9546
-2.3940 3.2951 15.9546
-2.3577 3.3053 15.9546
-2.3069 3.2946 15.9546
-2.2600 3.2883 15.9546
-2.2183 3.2888 15.9546
-2.1752 3.2863 15.9546
-2.1399 3.2951 15.9546
-2.0982 3.2934 15.9546
-2.0561 3.2904 15.9546
-2.0148 3.2878 15.9546
-1.9793 3.2941 15.9546
-1.9383 3.2906 15.9546
-1.8975 3.2866 15.9546
-1.8619 3.2908 15.9546
-1.8272 3.2964 15.9546
-1.7870 3.2912 15.9546
-1.7469 3.2854 15.9546
-1.7066 3.2784 15.9546
-1.6739 3.2851 15.9546
-1.6398 3.2889 15.9546
-1.6062 3.2932 15.9546
-1.5597 3.2701 15.9546
-1.5278 3.2763 15.9546
-1.4887 3.2668 15.9546
-1.4569 3.2723 15.9546
-1.4287 3.2858 15.9546
-1.3945 3.2853 15.9546
-1.3616 3.2872 15.9546
-1.3291 3.2896 15.9546
-1.2945 3.2862 15.9546
-1.2622 3.2881 15.9546
-1.2292 3.2877 15.9546
-1.1984 3.2927 15.9546
-1.1640 3.2870 15.9546
-1.1349 3.2961 15.9546
-1.1026 3.2954 15.9546
-1.0707 3.2954 15.9546
-1.0428 3.3075 15.9546
-1.0113 3.3079 15.9546
-0.9804 3.3098 15.9546
-0.9485 3.3077 15.9546
-0.9206 3.3197 15.9546
-0.8914 3.3266 15.9546
-0.8668 3.3517 15.9546
-0.8433 3.3825 15.9546
-0.8325 3.4675 15.9546
-0.8175 3.5409 15.9546
-0.8080 3.6445 15.9546
-0.7971 3.7502 15.9546
-0.7865 3.8658 15.9546
-0.7766 3.9952 15.9546
-0.7741 4.1769 15.9546
-0.7620 4.3213 15.9546
-0.7549 4.5113 15.9546
-0.7492 4.7300 15.9546
-0.7484 5.0074 15.9546
-0.7248 5.1573 15.9546
-2.9971 3.2611 15.9546
-2.8147 3.2457 15.9546
-2.6823 3.2519 15.9546
-2.4933 3.2270 15.9546
-2.3575 3.2262 15.9546
-2.2470 3.2365 15.9546
-2.1061 3.2285 15.9546
-2.0208 3.2487 15.9546
-1.9052 3.2505 15.9546
-1.7571 3.2315 15.9546
-1.6675 3.2442 15.9546
-1.5464 3.2365 15.9546
-1.4540 3.2442 15.9546
-1.3611 3.2500 15.9546
-1.2996 3.2743 15.9546
-1.1719 3.2548 15.9546
-1.1083 3.2752 15.9546
-1.0107 3.2718 15.9546
-0.9482 3.2908 15.9546
-3.2322 5.0446 15.9546
-3.0231 3.3575 16.4104
-2.9626 3.3486 16.4104
-2.9083 3.3456 16.4104
-2.8556 3.3435 16.4104
-2.7987 3.3354 16.4104
-2.7542 3.3411 16.4104
-2.6929 3.3254 16.4104
-2.6482 3.3292 16.4104
-2.5987 3.3262 16.4104
-2.5519 3.3257 16.4104
-2.4993 3.3167 16.4104
-2.4489 3.3095 16.4104
-2.4070 3.3129 16.4104
-2.3768 3.3322 16.4104
-2.3195 3.3127 16.4104
-2.2775 3.3138 16.4104
-2.2323 3.3095 16.4104
-2.1945 3.3155 16.4104
-2.1530 3.3153 16.4104
-2.1100 3.3120 16.4104
-2.0693 3.3116 16.4104
-2.0325 3.3168 16.4104
-1.9906 3.3130 16.4104
-1.9550 3.3190 16.4104
-1.9130 3.3134 16.4104
-1.8761 3.3161 16.4104
-1.8374 3.3148 16.4104
-1.7955 3.3070 16.4104
-1.7591 3.3084 16.4104
-1.7256 3.3148 16.4104
-1.6857 3.3083 16.4104
-1.6487 3.3068 16.4104
-1.6163 3.3139 16.4104
-1.5778 3.3080 16.4104
-1.5379 3.2981 16.4104
-1.5053 3.3032 16.4104
-1.4659 3.2924 16.4104
-1.4379 3.3069 16.4104
-1.4043 3.3083 16.4104
-1.3712 3.3103 16.4104
-1.3373 3.3100 16.4104
-1.3040 3.3104 16.4104
-1.2715 3.3123 16.4104
-1.2380 3.3111 16.4104
-1.2046 3.3096 16.4104
-1.1717 3.3087 16.4104
-1.1388 3.3074 16.4104
-1.1099 3.3172 16.4104
-1.0779 3.3173 16.4104
-1.0453 3.3151 16.4104
-1.0154 3.3212 16.4104
-0.9858 3.3281 16.4104
-0.9545 3.3288 16.4104
-0.9238 3.3313 16.4104
-0.8947 3.3392 16.4104
-0.8716 3.3701 16.4104
-0.8484 3.4028 16.4104
-0.8369 3.4859 16.4104
-0.8229 3.5642 16.4104
-0.8125 3.6650 16.4104
-0.8005 3.7659 16.4104
-0.7913 3.8893 16.4104
-0.7821 4.0237 16.4104
-0.7714 4.1621 16.4104
-0.7684 4.3578 16.4104
-0.7605 4.5448 16.4104
-0.7559 4.7725 16.4104
-0.7343 4.9134 16.4104
-0.7314 5.2039 16.4104
-0.7537 5.7246 16.4104
-0.7205 5.8679 16.4104
-3.0792 3.3003 16.4104
-2.8704 3.2729 16.4104
-2.7118 3.2666 16.4104
-2.5494 3.2556 16.4104
-2.4409 3.2696 16.4104
-2.3035 3.2666 16.4104
-2.1632 3.2595 16.4104
-2.0497 3.2647 16.4104
-1.9339 3.2667 16.4104
-1.8169 3.2660 16.4104
-1.6977 3.2619 16.4104
-1.5773 3.2550 16.4104
-1.4847 3.2630 16.4104
-1.3916 3.2691 16.4104
-1.2988 3.2738 16.4104
-1.2029 3.2749 16.4104
-1.1074 3.2746 16.4104
-1.0439 3.2942 16.4104
-0.9795 3.3123 16.4104
-3.2514 4.9655 16.4104
-3.2168 5.6132 16.4104
-3.0412 3.3776 16.8663
-3.0050 3.3965 16.8663
-2.9293 3.3698 16.8663
-2.8855 3.3785 16.8663
-2.8289 3.3714 16.8663
-2.7758 3.3674 16.8663
-2.7313 3.3728 16.8663
-2.6706 3.3574 16.8663
-2.6270 3.3624 16.8663
-2.5757 3.3567 16.8663
-2.5258 3.3519 16.8663
-2.4774 3.3481 16.8663
-2.4340 3.3501 16.8663
-2.3896 3.3501 16.8663
-2.3482 3.3536 16.8663
-2.3053 3.3542 16.8663
-2.2692 3.3642 16.8663
-2.2182 3.3514 16.8663
-2.1481 3.3077 16.8663
-2.1116 3.3145 16.8663
-2.0667 3.3074 16.8663
-2.0257 3.3057 16.8663
-1.9844 3.3027 16.8663
-1.9368 3.2880 16.8663
-1.9060 3.3013 16.8663
-1.8732 3.3108 16.8663
-1.8272 3.2964 16.8663
-1.7979 3.3114 16.8663
-1.7831 3.3534 16.8663
-1.7445 3.3511 16.8663
-1.7066 3.3493 16.8663
-1.6683 3.3462 16.8663
-1.6316 3.3453 16.8663
-1.5998 3.3540 16.8663
-1.5565 3.3379 16.8663
-1.5190 3.3332 16.8663
-1.4882 3.3427 16.8663
-1.4510 3.3372 16.8663
-1.4137 3.3304 16.8663
-1.3842 3.3417 16.8663
-1.3508 3.3434 16.8663
-1.3172 3.3439 16.8663
-1.2837 3.3441 16.8663
-1.2506 3.3449 16.8663
-1.2207 3.3538 16.8663
-1.1837 3.3426 16.8663
-1.1551 3.3547 16.8663
-1.1207 3.3495 16.8663
-1.0884 3.3496 16.8663
-1.0555 3.3475 16.8663
-1.0236 3.3480 16.8663
-0.9975 3.3674 16.8663
-0.9658 3.3683 16.8663
-0.9300 3.3534 16.8663
-0.9038 3.3730 16.8663
-0.8818 3.4098 16.8663
-0.8637 3.4640 16.8663
-0.8451 3.5200 16.8663
-0.8348 3.6159 16.8663
-0.9443 4.2596 16.8663
-0.7637 3.5927 16.8663
-0.7289 3.5826 16.8663
-0.6982 3.5918 16.8663
-0.6703 3.6164 16.8663
-0.6741 3.8230 16.8663
-0.7650 4.5714 16.8663
-0.7673 4.8446 16.8663
-0.7442 4.9797 16.8663
-0.7241 5.1524 16.8663
-0.7304 5.5481 16.8663
-2.9486 3.3110 16.8663
-2.7941 3.3077 16.8663
-2.6341 3.2987 16.8663
-2.4977 3.2992 16.8663
-2.3892 3.3121 16.8663
-2.2493 3.3062 16.8663
-2.1074 3.2967 16.8663
-2.0218 3.3165 16.8663
-1.9052 3.3170 16.8663
-1.7873 3.3147 16.8663
-1.6673 3.3091 16.8663
-1.5461 3.3006 16.8663
-1.4535 3.3078 16.8663
-1.3604 3.3130 16.8663
-1.2658 3.3158 16.8663
-1.1708 3.3166 16.8663
-1.1077 3.3373 16.8663
-1.0108 3.3339 16.8663
-3.0040 4.7922 16.8663
-3.2122 5.1237 16.8663
-3.2308 5.5243 16.8663
-3.0673 3.4669 17.3221
-3.0749 3.5373 17.3221
-3.0290 3.5465 17.3221
-2.9292 3.4909 17.3221
-2.8515 3.4592 17.3221
-2.7942 3.4505 17.3221
-2.7297 3.4317 17.3221
-2.6806 3.4310 17.3221
-2.6311 3.4289 17.3221
-2.5854 3.4309 17.3221
-2.5387 3.4309 17.3221
-2.4899 3.4270 17.3221
-2.4448 3.4274 17.3221
-2.4027 3.4314 17.3221
-2.3579 3.4308 17.3221
-2.3095 3.4239 17.3221
-2.2635 3.4198 17.3221
-2.2194 3.4176 17.3221
-2.1782 3.4191 17.3221
-2.1324 3.4125 17.3221
-2.0942 3.4174 17.3221
-2.0524 3.4158 17.3221
-2.0144 3.4198 17.3221
-1.9730 3.4173 17.3221
-1.9313 3.4135 17.3221
-1.8883 3.4066 17.3221
-1.8542 3.4151 17.3221
-1.8145 3.4126 17.3221
-1.7773 3.4141 17.3221
-1.7392 3.4134 17.3221
-1.7063 3.4222 17.3221
-1.6680 3.4199 17.3221
-1.6308 3.4190 17.3221
-1.5928 3.4159 17.3221
-1.5584 3.4196 17.3221
-1.5175 3.4084 17.3221
-1.4857 3.4170 17.3221
-1.4535 3.4243 17.3221
-1.4182 3.4239 17.3221
-1.3827 3.4222 17.3221
-1.3480 3.4221 17.3221
-1.3116 3.4169 17.3221
-1.2849 3.4367 17.3221
-1.2391 3.4045 17.3221
-1.2124 3.4237 17.3221
-1.1883 3.4511 17.3221
-1.1636 3.4775 17.3221
-1.1298 3.4771 17.3221
-1.0967 3.4782 17.3221
-1.0569 3.4570 17.3221
-0.9992 3.3731 17.3221
-0.9697 3.3817 17.3221
-0.9442 3.4045 17.3221
-0.9191 3.4300 17.3221
-0.8979 3.4718 17.3221
-0.8767 3.5164 17.3221
-0.8778 3.6561 17.3221
-0.8307 3.5983 17.3221
-0.7991 3.6045 17.3221
-0.7732 3.6377 17.3221
-0.7414 3.6443 17.3221
-0.8186 4.2112 17.3221
-0.8091 4.3657 17.3221
-0.7163 4.0623 17.3221
-0.6749 4.0329 17.3221
-0.6497 4.1019 17.3221
-0.6303 4.2172 17.3221
-0.7824 5.5673 17.3221
-0.7491 5.6899 17.3221
-2.8237 3.3224 17.3221
-2.6902 3.3273 17.3221
-2.5553 3.3292 17.3221
-2.3901 3.3126 17.3221
-2.2783 3.3220 17.3221
-2.1372 3.3132 17.3221
-2.0218 3.3165 17.3221
-1.9347 3.3340 17.3221
-1.8175 3.3325 17.3221
-1.6973 3.3271 17.3221
-1.5760 3.3189 17.3221
-1.5154 3.3464 17.3221
-1.3907 3.3323 17.3221
-1.3296 3.3572 17.3221
-1.2334 3.3580 17.3221
-1.1715 3.3803 17.3221
-1.1056 3.3990 17.3221
-2.8039 4.6664 17.7779
-2.8412 4.8234 17.7779
-2.7315 4.7311 17.7779
-2.6680 4.7156 17.7779
-2.5860 4.6652 17.7779
-2.5199 4.6410 17.7779
-2.4685 4.6425 17.7779
-2.3988 4.6080 17.7779
-2.3449 4.6020 17.7779
-2.2827 4.5785 17.7779
-2.2265 4.5650 17.7779
-2.1814 4.5734 17.7779
-2.1342 4.5769 17.7779
-2.0822 4.5689 17.7779
-2.0357 4.5723 17.7779
-1.9898 4.5761 17.7779
-1.9400 4.5703 17.7779
-1.9012 4.5898 17.7779
-1.8547 4.5905 17.7779
-1.8112 4.5981 17.7779
-1.7707 4.6128 17.7779
-1.7374 4.6468 17.7779
-1.4057 3.8621 17.7779
-1.2895 3.6414 17.7779
-1.2541 3.6421 17.7779
-1.2207 3.6482 17.7779
-1.1842 3.6444 17.7779
-1.1523 3.6546 17.7779
-1.1230 3.6732 17.7779
-1.4221 4.8008 17.7779
-1.4052 4.9005 17.7779
-1.3699 4.9396 17.7779
-1.3484 5.0325 17.7779
-1.3077 5.0566 17.7779
-1.2698 5.0931 17.7779
-1.2347 5.1429 17.7779
-1.2761 5.5276 17.7779
-1.2699 5.7279 17.7779
-1.2597 5.9266 17.7779
-1.1745 5.7727 17.7779
-1.1325 5.8260 17.7779
-1.3608 3.6416 17.7779
-1.2979 3.6648 17.7779
