-3.5835 2.7003 0.0000
-3.5344 2.7120 0.0000
-3.5311 2.7588 0.0000
-3.4521 2.7459 0.0000
-3.3915 2.7464 0.0000
-3.3735 2.7809 0.0000
-3.3507 2.8116 0.0000
-3.4910 2.9816 0.0000
-3.5268 3.0658 0.0000
-3.5291 3.1223 0.0000
-3.5218 3.1710 0.0000
-3.5227 3.2280 0.0000
-3.5215 3.2838 0.0000
-3.5246 3.3447 0.0000
-3.5169 3.3962 0.0000
-3.5185 3.4576 0.0000
-3.5186 3.5186 0.0000
-3.5123 3.5741 0.0000
-3.5143 3.6391 0.0000
-3.5106 3.6994 0.0000
-3.5116 3.7657 0.0000
-3.5110 3.8316 0.0000
-3.5062 3.8941 0.0000
-3.5072 3.9642 0.0000
-3.5119 4.0400 0.0000
-3.5051 4.1039 0.0000
-3.5025 4.1742 0.0000
-3.4647 4.2030 0.0000
-3.3977 4.1958 0.0000
-3.3174 4.1705 0.0000
-3.2488 4.1583 0.0000
-3.1777 4.1413 0.0000
-3.1234 4.1449 0.0000
-3.0574 4.1318 0.0000
-2.9942 4.1211 0.0000
-2.9302 4.1080 0.0000
-2.8753 4.1064 0.0000
-2.8213 4.1050 0.0000
-2.7630 4.0963 0.0000
-2.7067 4.0894 0.0000
-2.6480 4.0776 0.0000
-2.5903 4.0660 0.0000
-2.5335 4.0545 0.0000
-2.4777 4.0432 0.0000
-2.4279 4.0407 0.0000
-2.3707 4.0247 0.0000
-2.3160 4.0114 0.0000
-2.2666 4.0062 0.0000
-2.2170 3.9996 0.0000
-2.1611 3.9802 0.0000
-2.1126 3.9733 0.0000
-2.0603 3.9578 0.0000
-2.0193 3.9632 0.0000
-1.9731 3.9574 0.0000
-1.9297 3.9565 0.0000
-1.8856 3.9533 0.0000
-1.8435 3.9533 0.0000
-1.8031 3.9565 0.0000
-1.7551 3.9419 0.0000
-1.1065 2.5448 0.0000
-1.0808 2.5461 0.0000
-1.0547 2.5462 0.0000
-1.0343 2.5600 0.0000
-1.0093 2.5624 0.0000
-0.9948 2.5916 0.0000
-0.9732 2.6030 0.0000
-0.9536 2.6199 0.0000
-0.9413 2.6582 0.0000
-1.0675 3.1004 0.0000
-1.0703 3.1987 0.0000
-1.0602 3.2631 0.0000
-1.0591 3.3590 0.0000
-1.0593 3.4647 0.0000
-1.0568 3.5678 0.0000
-1.0532 3.6730 0.0000
-1.0553 3.8054 0.0000
-1.0534 3.9313 0.0000
-1.0498 4.0594 0.0000
-1.0466 4.1975 0.0000
-1.0442 4.3494 0.0000
-1.0444 4.5240 0.0000
-1.0437 4.7077 0.0000
-1.0339 4.8643 0.0000
-3.5739 2.6254 0.0000
-3.5432 2.6873 0.0000
-3.6193 2.8634 0.0000
-3.4792 2.9571 0.0000
-3.6200 3.3214 0.0000
-1.0971 2.5156 0.0000
-1.1151 2.6347 0.0000
-1.1719 2.7212 0.0000
-1.1698 2.7770 0.0000
-1.1645 2.8314 0.0000
-1.1604 2.8870 0.0000
-1.1592 2.9447 0.0000
-1.1804 3.0166 0.0000
-1.1769 3.0744 0.0000
-1.1762 3.1345 0.0000
-1.1740 3.1942 0.0000
-1.1727 3.2553 0.0000
-1.1717 3.3171 0.0000
-1.1707 3.3798 0.0000
-1.1699 3.4432 0.0000
-1.1699 3.5080 0.0000
-1.1701 3.5736 0.0000
-1.1702 3.6402 0.0000
-1.1712 3.7081 0.0000
-1.1730 3.7776 0.0000
-1.1740 3.8474 0.0000
-1.1757 3.9187 0.0000
-3.5811 2.6985 0.4572
-3.5495 2.7236 0.4572
-3.5484 2.7723 0.4572
-3.5241 2.8032 0.4572
-3.5632 2.8854 0.4572
-3.5834 2.9539 0.4572
-3.5774 3.0018 0.4572
-3.5785 3.0563 0.4572
-3.5766 3.1091 0.4572
-3.5755 3.1633 0.4572
-3.5745 3.2185 0.4572
-3.5721 3.2732 0.4572
-3.5683 3.3275 0.4572
-3.5761 3.3936 0.4572
-3.5701 3.4476 0.4572
-3.5627 3.5010 0.4572
-3.5582 3.5582 0.4572
-3.5585 3.6212 0.4572
-3.5657 3.6924 0.4572
-3.5567 3.7480 0.4572
-3.5634 3.8213 0.4572
-3.5577 3.8825 0.4572
-3.5638 3.9580 0.4572
-3.5563 4.0196 0.4572
-3.5604 4.0958 0.4572
-3.5077 4.1070 0.4572
-3.4312 4.0891 0.4572
-3.3579 4.0734 0.4572
-3.2857 4.0575 0.4572
-3.2246 4.0539 0.4572
-3.1682 4.0551 0.4572
-3.1053 4.0469 0.4572
-3.0452 4.0411 0.4572
-2.9848 4.0338 0.4572
-2.9260 4.0273 0.4572
-2.8704 4.0242 0.4572
-2.8025 4.0024 0.4572
-2.7505 4.0020 0.4572
-2.6869 3.9835 0.4572
-2.6305 3.9743 0.4572
-2.5783 3.9703 0.4572
-2.5215 3.9580 0.4572
-2.4647 3.9443 0.4572
-2.4087 3.9307 0.4572
-2.3599 3.9275 0.4572
-2.3108 3.9230 0.4572
-2.2595 3.9136 0.4572
-2.2169 3.9183 0.4572
-2.1589 3.8947 0.4572
-2.1124 3.8905 0.4572
-2.0685 3.8903 0.4572
-2.0183 3.8771 0.4572
-1.9730 3.8723 0.4572
-1.9240 3.8590 0.4572
-1.8806 3.8558 0.4572
-1.8284 3.8333 0.4572
-1.7889 3.8364 0.4572
-1.7425 3.8237 0.4572
-1.6908 3.7976 0.4572
-1.1137 2.5613 0.4572
-1.0812 2.5470 0.4572
-1.0639 2.5684 0.4572
-1.0403 2.5748 0.4572
-1.0156 2.5782 0.4572
-0.9959 2.5944 0.4572
-0.9732 2.6030 0.4572
-0.9556 2.6255 0.4572
-0.9387 2.6507 0.4572
-1.0701 3.1079 0.4572
-1.0760 3.2158 0.4572
-1.0553 3.2479 0.4572
-1.0519 3.3361 0.4572
-1.0514 3.4389 0.4572
-1.0506 3.5467 0.4572
-1.0471 3.6518 0.4572
-1.0462 3.7726 0.4572
-1.0415 3.8869 0.4572
-1.0433 4.0343 0.4572
-1.0403 4.1723 0.4572
-1.0400 4.3319 0.4572
-1.0328 4.4733 0.4572
-1.0437 4.7077 0.4572
-3.5974 2.6337 0.4572
-3.5159 2.6773 0.4572
-3.6342 3.0959 0.4572
-1.1291 2.5319 0.4572
-1.0616 2.5516 0.4572
-1.1504 2.6535 0.4572
-1.1418 2.7615 0.4572
-1.1315 2.8127 0.4572
-1.1258 2.8670 0.4572
-1.1213 2.9224 0.4572
-1.1204 2.9805 0.4572
-1.1172 3.0378 0.4572
-1.1143 3.0958 0.4572
-1.1124 3.1550 0.4572
-1.1115 3.2155 0.4572
-1.1091 3.2757 0.4572
-1.1077 3.3373 0.4572
-1.1072 3.4001 0.4572
-1.1069 3.4638 0.4572
-1.1066 3.5284 0.4572
-1.1063 3.5937 0.4572
-1.1069 3.6605 0.4572
-1.1075 3.7282 0.4572
-3.5683 2.6889 0.9144
-3.5027 2.6877 0.9144
-3.5019 2.7360 0.9144
-3.5436 2.8187 0.9144
-3.5826 2.9012 0.9144
-3.5842 2.9546 0.9144
-3.5813 3.0050 0.9144
-3.5754 3.0537 0.9144
-3.5758 3.1084 0.9144
-3.5688 3.1574 0.9144
-3.5745 3.2185 0.9144
-3.5758 3.2766 0.9144
-3.5741 3.3329 0.9144
-3.5623 3.3805 0.9144
-3.5622 3.4399 0.9144
-3.5670 3.5052 0.9144
-3.5638 3.5638 0.9144
-3.5585 3.6212 0.9144
-3.5594 3.6859 0.9144
-3.5560 3.7473 0.9144
-3.5607 3.8184 0.9144
-3.5570 3.8818 0.9144
-3.5591 3.9528 0.9144
-3.5569 4.0204 0.9144
-3.4791 4.0022 0.9144
-3.4064 3.9883 0.9144
-3.3361 3.9758 0.9144
-3.2796 3.9785 0.9144
-3.2165 3.9720 0.9144
-3.1524 3.9631 0.9144
-3.0882 3.9527 0.9144
-3.0341 3.9541 0.9144
-2.9700 3.9413 0.9144
-2.9176 3.9429 0.9144
-2.8508 3.9237 0.9144
-2.7978 3.9224 0.9144
-2.7365 3.9082 0.9144
-2.6740 3.8907 0.9144
-2.6204 3.8849 0.9144
-2.5715 3.8851 0.9144
-2.5130 3.8696 0.9144
-2.4630 3.8661 0.9144
-2.4027 3.8451 0.9144
-2.3539 3.8411 0.9144
-2.3043 3.8350 0.9144
-2.2519 3.8230 0.9144
-2.2015 3.8131 0.9144
-2.1514 3.8026 0.9144
-2.1021 3.7924 0.9144
-2.0594 3.7930 0.9144
-2.0075 3.7755 0.9144
-1.9657 3.7760 0.9144
-1.9154 3.7592 0.9144
-1.8647 3.7399 0.9144
-1.8223 3.7363 0.9144
-1.7871 3.7466 0.9144
-1.7382 3.7276 0.9144
-1.6953 3.7199 0.9144
-1.1905 2.6739 0.9144
-1.1340 2.6081 0.9144
-1.1097 2.6142 0.9144
-1.0826 2.6137 0.9144
-1.0511 2.6017 0.9144
-1.0247 2.6014 0.9144
-0.9952 2.5926 0.9144
-0.9722 2.6002 0.9144
-0.9488 2.6067 0.9144
-1.0582 2.9882 0.9144
-1.0819 3.1420 0.9144
-1.0788 3.2243 0.9144
-1.0503 3.2326 0.9144
-1.0468 3.3199 0.9144
-1.0464 3.4226 0.9144
-1.0438 3.5237 0.9144
-1.0416 3.6326 0.9144
-1.0401 3.7504 0.9144
-1.0394 3.8792 0.9144
-1.0363 4.0072 0.9144
-1.0369 4.1587 0.9144
-1.0360 4.3154 0.9144
-1.0379 4.4957 0.9144
-1.0441 4.7097 0.9144
-1.0872 5.1147 0.9144
-1.0626 5.2230 0.9144
-1.1601 5.9683 0.9144
-3.5239 2.6077 0.9144
-3.5403 2.6862 0.9144
-3.5373 2.9060 0.9144
-3.6198 3.1665 0.9144
-1.1844 2.5601 0.9144
-1.0528 2.5470 0.9144
-0.9950 2.5708 0.9144
-1.2000 2.7365 0.9144
-3.1657 3.8833 0.9144
-2.9610 3.8478 0.9144
-1.1249 2.8665 0.9144
-1.1204 2.9219 0.9144
-1.1187 2.9795 0.9144
-1.1155 3.0368 0.9144
-1.1126 3.0947 0.9144
-1.1116 3.1545 0.9144
-1.1107 3.2150 0.9144
-1.1083 3.2752 0.9144
-1.1077 3.3373 0.9144
-1.1072 3.4001 0.9144
-1.1060 3.4633 0.9144
-1.1058 3.5278 0.9144
-1.1063 3.5937 0.9144
-1.1069 3.6605 0.9144
-3.4828 2.6245 1.3716
-3.5574 2.7297 1.3716
-3.5082 2.7409 1.3716
-3.5178 2.7982 1.3716
-3.5803 2.8993 1.3716
-3.5819 2.9527 1.3716
-3.5767 3.0012 1.3716
-3.5724 3.0511 1.3716
-3.5720 3.1051 1.3716
-3.5755 3.1633 1.3716
-3.5730 3.2172 1.3716
-3.5751 3.2759 1.3716
-3.5712 3.3302 1.3716
-3.5623 3.3805 1.3716
-3.5521 3.4302 1.3716
-3.5605 3.4989 1.3716
-3.5511 3.5511 1.3716
-3.5487 3.6112 1.3716
-3.5490 3.6751 1.3716
-3.5519 3.7429 1.3716
-3.5573 3.8147 1.3716
-3.5502 3.8744 1.3716
-3.5504 3.9431 1.3716
-3.4781 3.9313 1.3716
-3.4095 3.9222 1.3716
-3.3440 3.9153 1.3716
-3.2705 3.8976 1.3716
-3.2097 3.8936 1.3716
-3.1422 3.8803 1.3716
-3.0846 3.8778 1.3716
-3.0192 3.8644 1.3716
-2.9610 3.8589 1.3716
-2.8887 3.8335 1.3716
-2.8379 3.8352 1.3716
-2.7790 3.8250 1.3716
-2.7096 3.7987 1.3716
-2.6574 3.7951 1.3716
-2.6060 3.7918 1.3716
-2.5471 3.7763 1.3716
-2.4898 3.7617 1.3716
-2.4373 3.7531 1.3716
-2.3894 3.7506 1.3716
-2.3422 3.7484 1.3716
-2.2917 3.7397 1.3716
-2.2342 3.7184 1.3716
-2.1875 3.7136 1.3716
-2.1450 3.7152 1.3716
-2.0967 3.7060 1.3716
-2.0449 3.6891 1.3716
-1.9979 3.6796 1.3716
-1.9521 3.6713 1.3716
-1.9029 3.6554 1.3716
-1.8577 3.6460 1.3716
-1.8196 3.6495 1.3716
-1.7728 3.6347 1.3716
-1.7345 3.6365 1.3716
-1.6934 3.6316 1.3716
-1.5592 3.4215 1.3716
-1.1710 2.6301 1.3716
-1.1380 2.6173 1.3716
-1.1108 2.6170 1.3716
-1.0853 2.6201 1.3716
-1.0605 2.6249 1.3716
-1.0269 2.6070 1.3716
-1.0031 2.6131 1.3716
-0.9802 2.6217 1.3716
-0.9594 2.6358 1.3716
-0.9410 2.6573 1.3716
-1.0649 3.0928 1.3716
-1.0719 3.2034 1.3716
-1.0599 3.2621 1.3716
-1.0395 3.2970 1.3716
-1.0403 3.4025 1.3716
-1.0358 3.4968 1.3716
-1.0386 3.6220 1.3716
-1.0342 3.7292 1.3716
-1.0324 3.8531 1.3716
-1.0311 3.9868 1.3716
-1.0311 4.1354 1.3716
-1.0293 4.2872 1.3716
-1.0294 4.4587 1.3716
-1.0409 4.6950 1.3716
-1.0242 4.8184 1.3716
-1.1101 5.4562 1.3716
-1.1107 5.7141 1.3716
-1.0883 5.8720 1.3716
-3.4966 2.5980 1.3716
-3.6230 2.7163 1.3716
-3.5532 2.7642 1.3716
-3.5166 2.8239 1.3716
-3.6308 3.1712 1.3716
-1.1844 2.5601 1.3716
-1.0865 2.5646 1.3716
-1.0277 2.5882 1.3716
-1.1447 2.7064 1.3716
-2.9436 3.7602 1.3716
-1.1280 2.8108 1.3716
-2.5357 3.6810 1.3716
-1.0971 2.9082 1.3716
-2.2125 3.6367 1.3716
-1.0891 3.0206 1.3716
-1.0863 3.0783 1.3716
-1.7314 3.5494 1.3716
-1.0822 3.1965 1.3716
-1.0799 3.2564 1.3716
-1.1069 3.3367 1.3716
-1.1064 3.3996 1.3716
-1.1060 3.4633 1.3716
-1.1058 3.5278 1.3716
-3.5916 5.3994 1.3716
-3.5028 2.6396 1.8288
-3.5439 2.7193 1.8288
-3.5311 2.7588 1.8288
-3.4873 2.7739 1.8288
-3.5795 2.8986 1.8288
-3.5742 2.9463 1.8288
-3.5736 2.9986 1.8288
-3.5716 3.0505 1.8288
-3.5660 3.0999 1.8288
-3.5725 3.1607 1.8288
-3.5656 3.2105 1.8288
-3.5728 3.2739 1.8288
-3.5705 3.3295 1.8288
-3.5601 3.3784 1.8288
-3.5471 3.4254 1.8288
-3.5484 3.4870 1.8288
-3.5518 3.5518 1.8288
-3.5487 3.6112 1.8288
-3.5504 3.6765 1.8288
-3.5533 3.7444 1.8288
-3.5518 3.8089 1.8288
-3.5536 3.8781 1.8288
-3.5069 3.8948 1.8288
-3.4257 3.8721 1.8288
-3.3656 3.8717 1.8288
-3.2836 3.8446 1.8288
-3.2255 3.8440 1.8288
-3.1543 3.8265 1.8288
-3.0931 3.8197 1.8288
-3.0285 3.8074 1.8288
-2.9650 3.7951 1.8288
-2.8922 3.7692 1.8288
-2.8412 3.7704 1.8288
-2.7790 3.7556 1.8288
-2.7132 3.7344 1.8288
-2.6579 3.7262 1.8288
-2.5960 3.7075 1.8288
-2.5386 3.6937 1.8288
-2.4845 3.6834 1.8288
-2.4390 3.6849 1.8288
-2.3806 3.6658 1.8288
-2.3265 3.6519 1.8288
-2.2787 3.6466 1.8288
-2.2227 3.6271 1.8288
-2.1776 3.6241 1.8288
-2.1322 3.6197 1.8288
-2.0810 3.6044 1.8288
-2.0278 3.5841 1.8288
-1.9867 3.5842 1.8288
-1.9334 3.5610 1.8288
-1.8906 3.5556 1.8288
-1.8451 3.5445 1.8288
-1.8051 3.5426 1.8288
-1.7647 3.5395 1.8288
-1.7171 3.5206 1.8288
-1.6786 3.5192 1.8288
-1.6398 3.5165 1.8288
-1.5899 3.4888 1.8288
-1.1596 2.6045 1.8288
-1.1309 2.6008 1.8288
-1.1054 2.6041 1.8288
-1.0776 2.6016 1.8288
-1.0541 2.6091 1.8288
-1.0277 2.6089 1.8288
-1.0081 2.6262 1.8288
-0.9792 2.6189 1.8288
-0.9580 2.6321 1.8288
-0.9373 2.6469 1.8288
-0.9526 2.7666 1.8288
-1.0652 3.1835 1.8288
-1.0460 3.2193 1.8288
-1.0314 3.2712 1.8288
-1.0344 3.3834 1.8288
-1.0341 3.4911 1.8288
-1.0312 3.5961 1.8288
-1.0278 3.7061 1.8288
-1.0278 3.8357 1.8288
-1.0273 3.9723 1.8288
-1.0255 4.1131 1.8288
-1.0262 4.2745 1.8288
-1.0274 4.4499 1.8288
-1.0391 4.6872 1.8288
-1.0163 4.7812 1.8288
-1.0543 5.1818 1.8288
-1.0727 5.5187 1.8288
-1.0652 5.7471 1.8288
-3.4994 2.5990 1.8288
-3.5159 2.6773 1.8288
-3.6194 3.2434 1.8288
-1.1550 2.5451 1.8288
-1.0909 2.5669 1.8288
-1.0250 2.5868 1.8288
-1.1447 2.7064 1.8288
-2.7879 3.6739 1.8288
-2.5850 3.6351 1.8288
-1.0989 2.8515 1.8288
-1.0946 2.9067 1.8288
-1.0921 2.9635 1.8288
-1.0891 3.0206 1.8288
-1.0838 3.0767 1.8288
-1.0837 3.1368 1.8288
-1.4227 3.4176 1.8288
-1.0791 3.2559 1.8288
-1.1069 3.3367 1.8288
-1.1056 3.3990 1.8288
-1.1060 3.4633 1.8288
-3.5851 2.7015 2.2859
-3.4892 2.6773 2.2859
-3.5405 2.7662 2.2859
-3.4591 2.7515 2.2859
-3.5554 2.8791 2.2859
-3.5742 2.9463 2.2859
-3.5782 3.0025 2.2859
-3.5709 3.0498 2.2859
-3.5652 3.0992 2.2859
-3.5733 3.1614 2.2859
-3.5730 3.2172 2.2859
-3.5699 3.2712 2.2859
-3.5632 3.3227 2.2859
-3.5601 3.3784 2.2859
-3.5564 3.4344 2.2859
-3.5527 3.4912 2.2859
-3.5440 3.5440 2.2859
-3.5452 3.6076 2.2859
-3.5539 3.6801 2.2859
-3.5443 3.7350 2.2859
-3.5491 3.8060 2.2859
-3.5496 3.8737 2.2859
-3.5303 3.9208 2.2859
-3.4463 3.8953 2.2859
-3.3662 3.8724 2.2859
-3.2966 3.8598 2.2859
-3.2268 3.8455 2.2859
-3.1549 3.8273 2.2859
-3.0893 3.8150 2.2859
-3.0161 3.7917 2.2859
-2.9619 3.7911 2.2859
-2.8898 3.7660 2.2859
-2.8165 3.7376 2.2859
-2.7576 3.7267 2.2859
-2.6991 3.7150 2.2859
-2.6346 3.6936 2.2859
-2.5702 3.6706 2.2859
-2.5188 3.6649 2.2859
-2.4655 3.6552 2.2859
-2.4087 3.6391 2.2859
-2.3534 3.6239 2.2859
-2.2991 3.6089 2.2859
-2.2495 3.6000 2.2859
-2.1846 3.5649 2.2859
-2.1405 3.5624 2.2859
-2.0900 3.5482 2.2859
-2.0505 3.5516 2.2859
-1.9958 3.5276 2.2859
-1.9489 3.5160 2.2859
-1.9034 3.5056 2.2859
-1.8624 3.5027 2.2859
-1.8128 3.4824 2.2859
-1.7724 3.4785 2.2859
-1.7237 3.4571 2.2859
-1.6877 3.4604 2.2859
-1.6514 3.4623 2.2859
-1.6098 3.4521 2.2859
-1.5725 3.4506 2.2859
-1.5232 3.4212 2.2859
-1.1273 2.5925 2.2859
-1.0995 2.5903 2.2859
-1.0803 2.6081 2.2859
-1.0553 2.6119 2.2859
-1.0277 2.6089 2.2859
-1.0009 2.6075 2.2859
-0.9771 2.6133 2.2859
-0.9587 2.6340 2.2859
-0.9393 2.6526 2.2859
-0.9233 2.6815 2.2859
-1.0630 3.1769 2.2859
-1.0346 3.1841 2.2859
-1.0293 3.2646 2.2859
-1.0291 3.3662 2.2859
-1.0310 3.4805 2.2859
-1.0301 3.5922 2.2859
-1.0259 3.6994 2.2859
-1.0252 3.8260 2.2859
-1.0246 3.9617 2.2859
-1.0255 4.1131 2.2859
-1.0248 4.2687 2.2859
-1.0278 4.4519 2.2859
-1.0359 4.6726 2.2859
-1.0094 4.7489 2.2859
-1.0870 5.3425 2.2859
-1.0855 5.5845 2.2859
-3.5965 2.6334 2.2859
-3.4661 2.6592 2.2859
-3.6168 2.7880 2.2859
-3.6072 3.3157 2.2859
-1.1523 2.5437 2.2859
-1.0554 2.5484 2.2859
-1.1178 2.6361 2.2859
-1.1684 2.7193 2.2859
-2.7275 3.6404 2.2859
-2.4944 3.5839 2.2859
-1.0963 2.8500 2.2859
-1.0911 2.9046 2.2859
-1.0896 2.9620 2.2859
-1.0883 3.0200 2.2859
-1.0838 3.0767 2.2859
-1.0829 3.1362 2.2859
-1.0805 3.1954 2.2859
-1.0791 3.2559 2.2859
-1.0779 3.3171 2.2859
-1.0767 3.3792 2.2859
-1.1069 3.4638 2.2859
-3.5843 2.7009 2.7431
-3.5431 2.7187 2.7431
-3.5200 2.7502 2.7431
-3.5233 2.8026 2.7431
-3.5578 2.8810 2.7431
-3.5703 2.9431 2.7431
-3.5713 2.9967 2.7431
-3.5686 3.0479 2.7431
-3.5743 3.1071 2.7431
-3.5605 3.1501 2.7431
-3.5678 3.2125 2.7431
-3.5647 3.2665 2.7431
-3.5668 3.3261 2.7431
-3.5558 3.3743 2.7431
-3.5514 3.4295 2.7431
-3.5513 3.4898 2.7431
-3.5440 3.5440 2.7431
-3.5417 3.6041 2.7431
-3.5435 3.6694 2.7431
-3.5492 3.7400 2.7431
-3.5416 3.7979 2.7431
-3.5482 3.8722 2.7431
-3.5390 3.9305 2.7431
-3.5172 3.9755 2.7431
-3.4456 3.9637 2.7431
-3.3628 3.9374 2.7431
-3.2956 3.9275 2.7431
-3.2173 3.9029 2.7431
-3.1592 3.9013 2.7431
-3.0814 3.8739 2.7431
-3.0075 3.8494 2.7431
-2.9476 3.8414 2.7431
-2.8839 3.8271 2.7431
-2.8159 3.8055 2.7431
-2.7491 3.7838 2.7431
-2.6858 3.7653 2.7431
-2.6235 3.7468 2.7431
-2.5607 3.7259 2.7431
-2.5085 3.7191 2.7431
-2.4390 3.6849 2.7431
-2.3970 3.6910 2.7431
-2.3416 3.6755 2.7431
-2.2871 3.6602 2.7431
-2.2379 3.6519 2.7431
-2.1884 3.6421 2.7431
-2.1312 3.6180 2.7431
-2.0780 3.5992 2.7431
-2.0391 3.6041 2.7431
-1.9892 3.5886 2.7431
-1.9373 3.5680 2.7431
-1.8934 3.5609 2.7431
-1.8484 3.5507 2.7431
-1.8092 3.5507 2.7431
-1.7603 3.5305 2.7431
-1.7210 3.5287 2.7431
-1.6820 3.5264 2.7431
-1.6427 3.5228 2.7431
-1.5957 3.5015 2.7431
-1.5627 3.5098 2.7431
-1.4036 3.2281 2.7431
-1.1054 2.6041 2.7431
-1.0807 2.6090 2.7431
-1.0485 2.5952 2.7431
-1.0225 2.5959 2.7431
-0.9991 2.6028 2.7431
-0.9739 2.6049 2.7431
-0.9559 2.6264 2.7431
-0.9340 2.6375 2.7431
-0.9214 2.6758 2.7431
-1.0509 3.1408 2.7431
-1.0327 3.1784 2.7431
-1.0248 3.2503 2.7431
-1.0291 3.3662 2.7431
-1.0267 3.4661 2.7431
-1.0237 3.5701 2.7431
-1.0225 3.6869 2.7431
-1.0208 3.8096 2.7431
-1.0208 3.9471 2.7431
-1.0190 4.0869 2.7431
-1.0206 4.2512 2.7431
-1.0240 4.4353 2.7431
-1.0359 4.6726 2.7431
-1.0071 4.7381 2.7431
-1.0971 5.3925 2.7431
-1.1187 5.7553 2.7431
-1.0907 5.8848 2.7431
-1.0535 5.9748 2.7431
-3.5965 2.6334 2.7431
-3.5526 2.6907 2.7431
-3.6206 2.7894 2.7431
-3.6118 3.3178 2.7431
-1.0598 2.5507 2.7431
-1.1460 2.6511 2.7431
-0.9566 2.6043 2.7431
-1.1637 2.7736 2.7431
-2.6772 3.6873 2.7431
-2.4439 3.6280 2.7431
-1.0920 2.9051 2.7431
-1.0904 2.9625 2.7431
-1.0857 3.0185 2.7431
-1.0838 3.0767 2.7431
-1.0812 3.1351 2.7431
-1.0805 3.1954 2.7431
-1.0783 3.2553 2.7431
-1.0770 3.3166 2.7431
-1.0759 3.3786 2.7431
-1.0749 3.4415 2.7431
-1.0748 3.5057 2.7431
-3.5707 2.6907 3.2003
-3.5399 2.7163 3.2003
-3.5390 2.7649 3.2003
-3.5350 2.8119 3.2003
-3.5655 2.8873 3.2003
-3.5657 2.9393 3.2003
-3.5690 2.9947 3.2003
-3.5671 3.0466 3.2003
-3.5735 3.1064 3.2003
-3.5628 3.1521 3.2003
-3.5612 3.2065 3.2003
-3.5588 3.2611 3.2003
-3.5588 3.3186 3.2003
-3.5529 3.3716 3.2003
-3.5507 3.4288 3.2003
-3.5506 3.4891 3.2003
-3.5497 3.5497 3.2003
-3.5354 3.5976 3.2003
-3.5448 3.6708 3.2003
-3.5395 3.7299 3.2003
-3.5389 3.7950 3.2003
-3.5327 3.8552 3.2003
-3.5410 3.9327 3.2003
-3.5384 3.9994 3.2003
-3.5368 4.0686 3.2003
-3.4953 4.0925 3.2003
-3.4171 4.0723 3.2003
-3.3490 4.0626 3.2003
-3.2775 4.0474 3.2003
-3.2047 4.0289 3.2003
-3.1386 4.0173 3.2003
-3.0639 3.9929 3.2003
-3.0037 3.9860 3.2003
-2.9343 3.9654 3.2003
-2.8696 3.9496 3.2003
-2.7984 3.9232 3.2003
-2.7348 3.9057 3.2003
-2.6672 3.8808 3.2003
-2.6114 3.8716 3.2003
-2.5466 3.8475 3.2003
-2.4917 3.8369 3.2003
-2.4350 3.8223 3.2003
-2.3873 3.8205 3.2003
-2.3366 3.8130 3.2003
-2.2765 3.7887 3.2003
-2.2245 3.7765 3.2003
-2.1730 3.7637 3.2003
-2.1243 3.7547 3.2003
-2.0793 3.7512 3.2003
-2.0274 3.7341 3.2003
-1.9732 3.7110 3.2003
-1.9255 3.6988 3.2003
-1.8850 3.6995 3.2003
-1.8316 3.6737 3.2003
-1.7921 3.6743 3.2003
-1.7449 3.6582 3.2003
-1.7010 3.6479 3.2003
-1.6575 3.6371 3.2003
-1.2068 2.7105 3.2003
-1.1608 2.6696 3.2003
-1.1362 2.6768 3.2003
-1.0776 2.6016 3.2003
-1.0508 2.6008 3.2003
-1.0214 2.5931 3.2003
-0.9959 2.5944 3.2003
-0.9760 2.6105 3.2003
-0.9539 2.6208 3.2003
-0.9313 2.6300 3.2003
-0.9132 2.6522 3.2003
-1.0189 3.0451 3.2003
-1.0253 3.1556 3.2003
-1.0242 3.2484 3.2003
-1.0218 3.3423 3.2003
-1.0244 3.4585 3.2003
-1.0248 3.5740 3.2003
-1.0214 3.6830 3.2003
-1.0197 3.8057 3.2003
-1.0180 3.9365 3.2003
-1.0185 4.0849 3.2003
-1.0195 4.2463 3.2003
-1.0217 4.4256 3.2003
-1.0320 4.6550 3.2003
-1.0032 4.7196 3.2003
-1.0578 5.1995 3.2003
-1.0931 5.6237 3.2003
-3.5739 2.6254 3.2003
-3.6128 2.8609 3.2003
-3.6203 3.2438 3.2003
-1.0891 2.5659 3.2003
-0.9880 2.5671 3.2003
-3.3336 3.9764 3.2003
-3.0898 3.9207 3.2003
-1.0937 2.8485 3.2003
-1.0928 2.9057 3.2003
-1.0870 2.9604 3.2003
-1.0866 3.0190 3.2003
-1.0829 3.0762 3.2003
-1.0812 3.1351 3.2003
-1.0796 3.1949 3.2003
-1.0791 3.2559 3.2003
-1.0770 3.3166 3.2003
-1.0759 3.3786 3.2003
-1.0749 3.4415 3.2003
-1.0740 3.5051 3.2003
-1.0748 3.5708 3.2003
-1.0740 3.6362 3.2003
-3.5795 2.6973 3.6575
-3.5376 2.7145 3.6575
-3.5429 2.7680 3.6575
-3.5374 2.8138 3.6575
-3.5671 2.8886 3.6575
-3.5626 2.9368 3.6575
-3.5667 2.9928 3.6575
-3.5595 3.0401 3.6575
-3.5630 3.0973 3.6575
-3.5635 3.1527 3.6575
-3.5649 3.2098 3.6575
-3.5552 3.2577 3.6575
-3.5610 3.3207 3.6575
-3.5638 3.3819 3.6575
-3.5557 3.4337 3.6575
-3.5449 3.4835 3.6575
-3.5497 3.5497 3.6575
-3.5473 3.6098 3.6575
-3.5393 3.6650 3.6575
-3.5381 3.7284 3.6575
-3.5437 3.8001 3.6575
-3.5394 3.8626 3.6575
-3.5377 3.9290 3.6575
-3.5324 3.9927 3.6575
-3.5381 4.0701 3.6575
-3.5362 4.1404 3.6575
-3.5328 4.2102 3.6575
-3.5080 4.2555 3.6575
-3.4329 4.2393 3.6575
-3.3610 4.2253 3.6575
-3.2852 4.2048 3.6575
-3.2100 4.1834 3.6575
-3.1511 4.1817 3.6575
-3.0752 4.1559 3.6575
-3.0100 4.1430 3.6575
-2.9430 4.1259 3.6575
-2.8771 4.1089 3.6575
-2.8128 4.0926 3.6575
-2.7484 4.0747 3.6575
-2.6890 4.0627 3.6575
-2.6241 4.0407 3.6575
-2.5565 4.0129 3.6575
-2.5012 4.0028 3.6575
-2.4432 3.9869 3.6575
-2.3903 3.9781 3.6575
-2.3352 3.9644 3.6575
-2.2845 3.9569 3.6575
-2.2282 3.9384 3.6575
-2.1753 3.9244 3.6575
-2.1296 3.9222 3.6575
-2.0816 3.9150 3.6575
-2.0289 3.8975 3.6575
-1.9817 3.8892 3.6575
-1.9303 3.8715 3.6575
-1.8841 3.8630 3.6575
-1.8353 3.8477 3.6575
-1.7894 3.8373 3.6575
-1.7405 3.8191 3.6575
-1.1633 2.6127 3.6575
-1.2246 2.8163 3.6575
-1.1105 2.6161 3.6575
-1.0811 2.6100 3.6575
-1.0534 2.6072 3.6575
-1.0277 2.6089 3.6575
-1.0038 2.6150 3.6575
-0.9820 2.6264 3.6575
-0.9587 2.6340 3.6575
-0.9323 2.6328 3.6575
-0.9106 2.6446 3.6575
-0.9288 2.7757 3.6575
-1.0247 3.1537 3.6575
-1.0236 3.2465 3.6575
-1.0210 3.3394 3.6575
-1.0267 3.4661 3.6575
-1.0232 3.5682 3.6575
-1.0209 3.6811 3.6575
-1.0187 3.8019 3.6575
-1.0195 3.9423 3.6575
-1.0166 4.0772 3.6575
-1.0169 4.2356 3.6575
-1.0238 4.4344 3.6575
-1.0326 4.6579 3.6575
-1.0032 4.7196 3.6575
-1.0762 5.2896 3.6575
-1.0767 5.5393 3.6575
-1.0688 5.7668 3.6575
-3.5729 2.6251 3.6575
-3.6240 2.8652 3.6575
-3.6135 3.3968 3.6575
-1.0909 2.5669 3.6575
-1.0277 2.5882 3.6575
-0.9566 2.6043 3.6575
-3.5894 4.2033 3.6575
-1.0920 2.8475 3.6575
-1.0920 2.9051 3.6575
-1.0887 2.9615 3.6575
-1.0866 3.0190 3.6575
-1.0838 3.0767 3.6575
-1.0795 3.1341 3.6575
-1.0796 3.1949 3.6575
-1.0783 3.2553 3.6575
-1.0770 3.3166 3.6575
-1.0759 3.3786 3.6575
-1.0749 3.4415 3.6575
-1.0748 3.5057 3.6575
-1.0740 3.5702 3.6575
-1.0740 3.6362 3.6575
-1.0748 3.7036 3.6575
-1.0756 3.7719 3.6575
-3.5755 2.6943 4.1147
-3.5407 2.7169 4.1147
-3.5382 2.7643 4.1147
-3.5335 2.8107 4.1147
-3.5671 2.8886 4.1147
-3.5603 2.9349 4.1147
-3.5698 2.9954 4.1147
-3.5633 3.0433 4.1147
-3.5607 3.0953 4.1147
-3.5590 3.1488 4.1147
-3.5612 3.2065 4.1147
-3.5566 3.2590 4.1147
-3.5610 3.3207 4.1147
-3.5558 3.3743 4.1147
-3.5543 3.4323 4.1147
-3.5527 3.4912 4.1147
-3.5483 3.5483 4.1147
-3.5424 3.6048 4.1147
-3.5448 3.6708 4.1147
-3.5423 3.7328 4.1147
-3.5464 3.8030 4.1147
-3.5394 3.8626 4.1147
-3.5404 3.9320 4.1147
-3.5351 3.9957 4.1147
-3.5276 4.0581 4.1147
-3.5304 4.1336 4.1147
-3.5315 4.2086 4.1147
-3.5353 4.2887 4.1147
-3.5299 4.3590 4.1147
-3.5278 4.4350 4.1147
-3.4594 4.4278 4.1147
-3.3859 4.4126 4.1147
-3.3010 4.3805 4.1147
-3.2305 4.3657 4.1147
-3.1599 4.3493 4.1147
-3.0893 4.3311 4.1147
-3.0291 4.3259 4.1147
-2.9617 4.3094 4.1147
-2.8882 4.2820 4.1147
-2.8226 4.2645 4.1147
-2.7564 4.2445 4.1147
-2.6935 4.2279 4.1147
-2.6363 4.2190 4.1147
-2.5717 4.1967 4.1147
-2.5227 4.1984 4.1147
-2.4595 4.1755 4.1147
-2.4020 4.1604 4.1147
-2.3484 4.1507 4.1147
-2.2936 4.1378 4.1147
-2.2398 4.1252 4.1147
-2.1859 4.1110 4.1147
-2.1333 4.0980 4.1147
-2.0852 4.0924 4.1147
-2.0333 4.0782 4.1147
-1.9775 4.0545 4.1147
-1.9351 4.0571 4.1147
-1.8870 4.0467 4.1147
-1.8130 3.9784 4.1147
-1.1572 2.5990 4.1147
-1.7381 3.9975 4.1147
-1.1077 2.6096 4.1147
-1.0776 2.6016 4.1147
-1.0508 2.6008 4.1147
-1.0291 2.6126 4.1147
-1.0013 2.6084 4.1147
-0.9781 2.6161 4.1147
-0.9532 2.6189 4.1147
-0.9293 2.6243 4.1147
-0.9044 2.6267 4.1147
-1.0458 3.1257 4.1147
-1.0235 3.1499 4.1147
-1.0248 3.2503 4.1147
-1.0218 3.3423 4.1147
-1.0216 3.4489 4.1147
-1.0232 3.5682 4.1147
-1.0198 3.6772 4.1147
-1.0179 3.7990 4.1147
-1.0175 3.9346 4.1147
-1.0158 4.0743 4.1147
-1.0176 4.2386 4.1147
-1.0238 4.4344 4.1147
-1.0300 4.6462 4.1147
-1.0038 4.7225 4.1147
-1.1061 5.4366 4.1147
-1.1000 5.6591 4.1147
-1.0845 5.8513 4.1147
-3.5729 2.6251 4.1147
-3.6061 2.9331 4.1147
-3.6099 3.3951 4.1147
-1.1879 2.5619 4.1147
-1.0909 2.5669 4.1147
-0.9888 2.5675 4.1147
-1.1165 2.6912 4.1147
-3.5815 4.1989 4.1147
-1.0937 2.8485 4.1147
-1.0902 2.9041 4.1147
-1.0887 2.9615 4.1147
-1.0866 3.0190 4.1147
-1.0838 3.0767 4.1147
-1.0812 3.1351 4.1147
-1.0788 3.1943 4.1147
-1.0791 3.2559 4.1147
-1.0770 3.3166 4.1147
-1.0759 3.3786 4.1147
-1.0749 3.4415 4.1147
-1.0748 3.5057 4.1147
-1.0740 3.5702 4.1147
-1.0740 3.6362 4.1147
-1.4038 3.9515 4.1147
-1.0756 3.7719 4.1147
-1.0764 3.8411 4.1147
-1.0779 3.9119 4.1147
-1.0801 3.9842 4.1147
-3.5803 2.6979 4.5719
-3.5423 2.7181 4.5719
-3.5295 2.7575 4.5719
-3.5382 2.8144 4.5719
-3.5725 2.8930 4.5719
-3.5688 2.9419 4.5719
-3.5644 2.9909 4.5719
-3.5648 3.0446 4.5719
-3.5615 3.0959 4.5719
-3.5605 3.1501 4.5719
-3.5634 3.2085 4.5719
-3.5529 3.2557 4.5719
-3.5610 3.3207 4.5719
-3.5580 3.3764 4.5719
-3.5507 3.4288 4.5719
-3.5470 3.4856 4.5719
-3.5497 3.5497 4.5719
-3.5431 3.6055 4.5719
-3.5448 3.6708 4.5719
-3.5395 3.7299 4.5719
-3.5457 3.8023 4.5719
-3.5360 3.8589 4.5719
-3.5377 3.9290 4.5719
-3.5344 3.9949 4.5719
-3.5368 4.0686 4.5719
-3.5291 4.1320 4.5719
-3.5238 4.1995 4.5719
-3.5251 4.2763 4.5719
-3.5280 4.3567 4.5719
-3.5290 4.4366 4.5719
-3.5302 4.5185 4.5719
-3.5278 4.5975 4.5719
-3.4965 4.6401 4.5719
-3.4083 4.6061 4.5719
-3.3280 4.5807 4.5719
-3.2490 4.5550 4.5719
-3.1805 4.5422 4.5719
-3.1118 4.5277 4.5719
-3.0370 4.5025 4.5719
-2.9722 4.4905 4.5719
-2.9100 4.4810 4.5719
-2.8504 4.4742 4.5719
-2.7831 4.4539 4.5719
-2.7139 4.4286 4.5719
-2.6524 4.4144 4.5719
-2.5971 4.4090 4.5719
-2.5310 4.3838 4.5719
-2.4779 4.3796 4.5719
-2.4211 4.3679 4.5719
-2.3643 4.3545 4.5719
-2.3051 4.3353 4.5719
-2.2501 4.3224 4.5719
-2.1973 4.3125 4.5719
-2.1435 4.2993 4.5719
-2.0915 4.2881 4.5719
-2.0380 4.2728 4.5719
-1.9850 4.2569 4.5719
-1.9329 4.2413 4.5719
-1.8694 4.1987 4.5719
-1.1432 2.6292 4.5719
-1.1280 2.6575 4.5719
-1.0784 2.6035 4.5719
-1.0422 2.5794 4.5719
-1.0119 2.5689 4.5719
-0.9884 2.5748 4.5719
-0.9655 2.5824 4.5719
-0.9382 2.5776 4.5719
-0.9186 2.5941 4.5719
-0.9344 2.7136 4.5719
-1.0585 3.1636 4.5719
-1.0247 3.1537 4.5719
-1.0236 3.2465 4.5719
-1.0218 3.3423 4.5719
-1.0233 3.4546 4.5719
-1.0229 3.5672 4.5719
-1.0209 3.6811 4.5719
-1.0197 3.8057 4.5719
-1.0208 3.9471 4.5719
-1.0134 4.0646 4.5719
-1.0160 4.2318 4.5719
-1.0195 4.4158 4.5719
-1.0279 4.6364 4.5719
-1.0038 4.7225 4.5719
-1.0868 5.3416 4.5719
-1.0481 5.3921 4.5719
-3.5946 2.6327 4.5719
-3.5526 2.6907 4.5719
-3.6061 2.9331 4.5719
-3.6162 3.3980 4.5719
-0.9907 2.5147 4.5719
-1.1178 2.6361 4.5719
-1.1313 2.7557 4.5719
-3.5902 4.2038 4.5719
-1.0937 2.8485 4.5719
-1.0920 2.9051 4.5719
-1.0896 2.9620 4.5719
-1.0857 3.0185 4.5719
-1.0829 3.0762 4.5719
-1.0812 3.1351 4.5719
-1.0788 3.1943 4.5719
-1.0783 3.2553 4.5719
-1.0770 3.3166 4.5719
-1.0759 3.3786 4.5719
-2.2758 4.2823 4.5719
-1.0748 3.5057 4.5719
-1.0740 3.5702 4.5719
-1.7974 4.1715 4.5719
-1.0748 3.7036 4.5719
-1.0756 3.7719 4.5719
-1.0764 3.8411 4.5719
-1.0771 3.9113 4.5719
-1.0801 3.9842 4.5719
-1.0814 4.0569 4.5719
-1.0857 4.1331 4.5719
-1.0882 4.2091 4.5719
-3.5771 2.6955 5.0291
-3.5399 2.7163 5.0291
-3.5382 2.7643 5.0291
-3.5397 2.8156 5.0291
-3.5694 2.8905 5.0291
-3.5672 2.9406 5.0291
-3.5652 2.9915 5.0291
-3.5595 3.0401 5.0291
-3.5622 3.0966 5.0291
-3.5590 3.1488 5.0291
-3.5582 3.2038 5.0291
-3.5566 3.2590 5.0291
-3.5595 3.3193 5.0291
-3.5529 3.3716 5.0291
-3.5499 3.4281 5.0291
-3.5506 3.4891 5.0291
-3.5377 3.5377 5.0291
-3.5354 3.5976 5.0291
-3.5344 3.6600 5.0291
-3.5436 3.7342 5.0291
-3.5443 3.8008 5.0291
-3.5327 3.8552 5.0291
-3.5350 3.9260 5.0291
-3.5404 4.0017 5.0291
-3.5355 4.0671 5.0291
-3.5356 4.1397 5.0291
-3.5334 4.2109 5.0291
-3.5271 4.2787 5.0291
-3.5299 4.3590 5.0291
-3.5284 4.4358 5.0291
-3.5277 4.5153 5.0291
-3.5351 4.6070 5.0291
-3.5038 4.6497 5.0291
-3.4274 4.6318 5.0291
-3.3492 4.6098 5.0291
-3.2752 4.5916 5.0291
-3.2137 4.5897 5.0291
-3.1396 4.5681 5.0291
-3.0621 4.5398 5.0291
-3.0042 4.5388 5.0291
-2.9427 4.5313 5.0291
-2.8810 4.5223 5.0291
-2.8107 4.4980 5.0291
-2.7546 4.4951 5.0291
-2.6952 4.4856 5.0291
-2.6321 4.4684 5.0291
-2.5775 4.4644 5.0291
-2.5158 4.4466 5.0291
-2.4512 4.4221 5.0291
-2.3972 4.4152 5.0291
-2.3422 4.4050 5.0291
-2.2889 4.3969 5.0291
-2.2309 4.3784 5.0291
-2.1801 4.3726 5.0291
-2.1292 4.3654 5.0291
-2.0759 4.3523 5.0291
-2.0184 4.3285 5.0291
-1.9727 4.3287 5.0291
-1.9279 4.3302 5.0291
-1.5495 3.5637 5.0291
-1.1257 2.6520 5.0291
-1.0685 2.5795 5.0291
-1.0358 2.5637 5.0291
-1.0167 2.5810 5.0291
-0.9891 2.5767 5.0291
-0.9603 2.5684 5.0291
-0.9385 2.5785 5.0291
-0.9200 2.5979 5.0291
-0.9054 2.6295 5.0291
-1.0496 3.1371 5.0291
-1.0247 3.1537 5.0291
-1.0236 3.2465 5.0291
-1.0227 3.3452 5.0291
-1.0233 3.4546 5.0291
-1.0232 3.5682 5.0291
-1.0241 3.6926 5.0291
-1.0197 3.8057 5.0291
-1.0210 3.9481 5.0291
-1.0170 4.0791 5.0291
-1.0190 4.2444 5.0291
-1.0204 4.4197 5.0291
-1.0281 4.6374 5.0291
-1.0040 4.7235 5.0291
-1.1065 5.6925 5.0291
-3.5937 2.6324 5.0291
-3.5526 2.6907 5.0291
-3.6089 2.9342 5.0291
-3.6135 3.3968 5.0291
-1.0270 2.5336 5.0291
-0.9624 2.5535 5.0291
-1.1331 2.7566 5.0291
-3.6050 4.2122 5.0291
-1.0661 2.8899 5.0291
-1.0879 2.9610 5.0291
-1.0848 3.0180 5.0291
-1.0838 3.0767 5.0291
-1.0820 3.1357 5.0291
-1.0788 3.1943 5.0291
-1.0783 3.2553 5.0291
-1.0779 3.3171 5.0291
-1.0751 3.3780 5.0291
-2.3151 4.3099 5.0291
-1.0748 3.5057 5.0291
-1.0740 3.5702 5.0291
-1.0740 3.6362 5.0291
-1.0748 3.7036 5.0291
-1.0756 3.7719 5.0291
-1.0764 3.8411 5.0291
-1.0779 3.9119 5.0291
-1.0793 3.9836 5.0291
-1.0822 4.0575 5.0291
-1.0849 4.1325 5.0291
-1.0882 4.2091 5.0291
-1.0935 4.2887 5.0291
-3.5747 2.6937 5.4863
-3.5376 2.7145 5.4863
-3.5319 2.7594 5.4863
-3.5350 2.8119 5.4863
-3.5702 2.8911 5.4863
-3.5695 2.9425 5.4863
-3.5705 2.9960 5.4863
-3.5633 3.0433 5.4863
-3.5607 3.0953 5.4863
-3.5673 3.1561 5.4863
-3.5582 3.2038 5.4863
-3.5566 3.2590 5.4863
-3.5595 3.3193 5.4863
-3.5572 3.3757 5.4863
-3.5499 3.4281 5.4863
-3.5470 3.4856 5.4863
-3.5483 3.5483 5.4863
-3.5487 3.6112 5.4863
-3.5428 3.6686 5.4863
-3.5478 3.7386 5.4863
-3.5491 3.8060 5.4863
-3.5401 3.8633 5.4863
-3.5390 3.9305 5.4863
-3.5424 4.0039 5.4863
-3.5316 4.0626 5.4863
-3.5369 4.1412 5.4863
-3.5340 4.2117 5.4863
-3.5290 4.2810 5.4863
-3.5267 4.3551 5.4863
-3.5290 4.4366 5.4863
-3.5302 4.5185 5.4863
-3.4882 4.5459 5.4863
-3.3894 4.4979 5.4863
-3.3066 4.4686 5.4863
-3.2311 4.4472 5.4863
-3.1579 4.4272 5.4863
-3.0950 4.4201 5.4863
-3.0263 4.4033 5.4863
-2.9531 4.3781 5.4863
-2.8933 4.3712 5.4863
-2.8212 4.3443 5.4863
-2.7644 4.3392 5.4863
-2.7042 4.3276 5.4863
-2.6459 4.3178 5.4863
-2.5855 4.3030 5.4863
-2.5250 4.2866 5.4863
-2.4680 4.2747 5.4863
-2.4212 4.2795 5.4863
-2.3571 4.2524 5.4863
-2.3104 4.2552 5.4863
-2.2469 4.2258 5.4863
-2.1942 4.2151 5.4863
-2.1392 4.1984 5.4863
-2.0909 4.1937 5.4863
-2.0397 4.1821 5.4863
-1.9877 4.1672 5.4863
-1.9293 4.1373 5.4863
-1.8881 4.1431 5.4863
-1.3166 2.9571 5.4863
-1.1588 2.6650 5.4863
-1.1456 2.6989 5.4863
-1.0719 2.5878 5.4863
-1.0429 2.5813 5.4863
-1.0097 2.5633 5.4863
-0.9877 2.5729 5.4863
-0.9655 2.5824 5.4863
-0.9453 2.5973 5.4863
-0.9210 2.6007 5.4863
-0.9038 2.6248 5.4863
-0.9326 2.7871 5.4863
-1.0238 3.1509 5.4863
-1.0245 3.2493 5.4863
-1.0227 3.3452 5.4863
-1.0244 3.4585 5.4863
-1.0221 3.5644 5.4863
-1.0209 3.6811 5.4863
-1.0200 3.8067 5.4863
-1.0195 3.9423 5.4863
-1.0190 4.0869 5.4863
-1.0185 4.2424 5.4863
-1.0213 4.4236 5.4863
-1.0316 4.6530 5.4863
-1.0055 4.7303 5.4863
-1.2118 5.9560 5.4863
-1.1031 5.6748 5.4863
-3.5946 2.6327 5.4863
-3.5526 2.6907 5.4863
-3.6117 2.9353 5.4863
-3.6108 3.3955 5.4863
-1.0244 2.5322 5.4863
-1.1178 2.6361 5.4863
-1.1148 2.6902 5.4863
-3.6100 4.1296 5.4863
-1.0937 2.8485 5.4863
-1.0920 2.9051 5.4863
-1.0896 2.9620 5.4863
-1.0857 3.0185 5.4863
-1.0838 3.0767 5.4863
-1.0820 3.1357 5.4863
-1.0796 3.1949 5.4863
-1.0783 3.2553 5.4863
-1.0770 3.3166 5.4863
-1.0759 3.3786 5.4863
-1.0757 3.4420 5.4863
-1.0748 3.5057 5.4863
-1.0740 3.5702 5.4863
-1.0740 3.6362 5.4863
-1.1075 3.7282 5.4863
-1.4072 4.0263 5.4863
-1.0764 3.8411 5.4863
-1.0779 3.9119 5.4863
-1.0793 3.9836 5.4863
-1.0822 4.0575 5.4863
-3.5763 2.6949 5.9434
-3.5376 2.7145 5.9434
-3.5374 2.7637 5.9434
-3.5366 2.8131 5.9434
-3.5655 2.8873 5.9434
-3.5595 2.9342 5.9434
-3.5613 2.9883 5.9434
-3.5579 3.0388 5.9434
-3.5585 3.0933 5.9434
-3.5605 3.1501 5.9434
-3.5582 3.2038 5.9434
-3.5610 3.2631 5.9434
-3.5529 3.3131 5.9434
-3.5623 3.3805 5.9434
-3.5586 3.4365 5.9434
-3.5506 3.4891 5.9434
-3.5454 3.5454 5.9434
-3.5452 3.6076 5.9434
-3.5504 3.6765 5.9434
-3.5409 3.7313 5.9434
-3.5355 3.7913 5.9434
-3.5367 3.8596 5.9434
-3.5390 3.9305 5.9434
-3.5371 3.9979 5.9434
-3.5276 4.0581 5.9434
-3.5304 4.1336 5.9434
-3.5295 4.2064 5.9434
-3.5341 4.2871 5.9434
-3.5261 4.3543 5.9434
-3.5328 4.4413 5.9434
-3.4545 4.4215 5.9434
-3.3622 4.3817 5.9434
-3.2829 4.3566 5.9434
-3.1966 4.3199 5.9434
-3.1329 4.3121 5.9434
-3.0562 4.2847 5.9434
-2.9941 4.2760 5.9434
-2.9176 4.2451 5.9434
-2.8575 4.2364 5.9434
-2.7983 4.2278 5.9434
-2.7352 4.2118 5.9434
-2.6709 4.1925 5.9434
-2.6141 4.1834 5.9434
-2.5618 4.1805 5.9434
-2.4995 4.1598 5.9434
-2.4443 4.1496 5.9434
-2.3870 4.1344 5.9434
-2.3390 4.1342 5.9434
-2.2815 4.1160 5.9434
-2.2326 4.1120 5.9434
-2.1751 4.0907 5.9434
-2.1273 4.0865 5.9434
-2.0688 4.0603 5.9434
-2.0235 4.0585 5.9434
-1.9722 4.0437 5.9434
-1.9222 4.0300 5.9434
-1.8790 4.0294 5.9434
-1.8271 4.0093 5.9434
-1.1657 2.6182 5.9434
-1.2381 2.8475 5.9434
-1.1437 2.6943 5.9434
-1.0719 2.5878 5.9434
-1.0418 2.5785 5.9434
-1.0189 2.5866 5.9434
-0.9952 2.5926 5.9434
-0.9687 2.5908 5.9434
-0.9474 2.6029 5.9434
-0.9280 2.6205 5.9434
-0.9008 2.6162 5.9434
-0.8970 2.6809 5.9434
-1.0247 3.1537 5.9434
-1.0242 3.2484 5.9434
-1.0248 3.3518 5.9434
-1.0227 3.4527 5.9434
-1.0270 3.5817 5.9434
-1.0241 3.6926 5.9434
-1.0229 3.8173 5.9434
-1.0208 3.9471 5.9434
-1.0214 4.0966 5.9434
-1.0185 4.2424 5.9434
-1.0197 4.4168 5.9434
-1.0305 4.6481 5.9434
-1.0028 4.7176 5.9434
-1.2072 5.9334 5.9434
-1.1092 5.7062 5.9434
-3.5729 2.6251 5.9434
-3.6182 2.9379 5.9434
-3.6171 3.3984 5.9434
-1.0598 2.5507 5.9434
-0.9959 2.5713 5.9434
-1.1394 2.7036 5.9434
-3.5963 4.2073 5.9434
-1.0955 2.8495 5.9434
-1.0928 2.9057 5.9434
-1.0887 2.9615 5.9434
-1.0874 3.0195 5.9434
-1.0838 3.0767 5.9434
-1.0820 3.1357 5.9434
-1.0805 3.1954 5.9434
-1.0791 3.2559 5.9434
-1.0779 3.3171 5.9434
-1.0759 3.3786 5.9434
-1.7163 3.8906 5.9434
-1.0748 3.5057 5.9434
-1.4955 3.8764 5.9434
-1.0740 3.6362 5.9434
-1.1075 3.7282 5.9434
-1.2406 3.8985 5.9434
-1.0764 3.8411 5.9434
-1.0771 3.9113 5.9434
-3.5707 2.6907 6.4006
-3.5399 2.7163 6.4006
-3.5358 2.7625 6.4006
-3.5272 2.8057 6.4006
-3.5648 2.8867 6.4006
-3.5664 2.9400 6.4006
-3.5621 2.9890 6.4006
-3.5625 3.0427 6.4006
-3.5637 3.0979 6.4006
-3.5598 3.1494 6.4006
-3.5567 3.2025 6.4006
-3.5566 3.2590 6.4006
-3.5595 3.3193 6.4006
-3.5587 3.3771 6.4006
-3.5514 3.4295 6.4006
-3.5506 3.4891 6.4006
-3.5476 3.5476 6.4006
-3.5522 3.6148 6.4006
-3.5490 3.6751 6.4006
-3.5361 3.7262 6.4006
-3.5362 3.7921 6.4006
-3.5394 3.8626 6.4006
-3.5370 3.9283 6.4006
-3.5318 3.9919 6.4006
-3.5355 4.0671 6.4006
-3.5298 4.1328 6.4006
-3.5302 4.2071 6.4006
-3.5302 4.2825 6.4006
-3.5324 4.3621 6.4006
-3.4612 4.3513 6.4006
-3.3615 4.3025 6.4006
-3.2812 4.2762 6.4006
-3.2119 4.2623 6.4006
-3.1276 4.2267 6.4006
-3.0471 4.1939 6.4006
-2.9831 4.1821 6.4006
-2.9155 4.1637 6.4006
-2.8524 4.1503 6.4006
-2.7814 4.1236 6.4006
-2.7144 4.1011 6.4006
-2.6638 4.1019 6.4006
-2.6059 4.0904 6.4006
-2.5373 4.0605 6.4006
-2.4845 4.0543 6.4006
-2.4233 4.0330 6.4006
-2.3793 4.0393 6.4006
-2.3205 4.0192 6.4006
-2.2676 4.0080 6.4006
-2.2161 3.9979 6.4006
-2.1711 3.9986 6.4006
-2.1159 3.9794 6.4006
-2.0631 3.9632 6.4006
-2.0112 3.9472 6.4006
-1.9659 3.9431 6.4006
-1.9100 3.9160 6.4006
-1.8663 3.9127 6.4006
-1.8181 3.8989 6.4006
-1.3154 2.8864 6.4006
-1.1551 2.5945 6.4006
-1.3482 3.1006 6.4006
-1.1405 2.6870 6.4006
-1.0711 2.5859 6.4006
-1.0384 2.5702 6.4006
-1.0167 2.5810 6.4006
-0.9955 2.5935 6.4006
-0.9729 2.6021 6.4006
-0.9491 2.6076 6.4006
-0.9263 2.6158 6.4006
-0.9057 2.6304 6.4006
-0.8935 2.6705 6.4006
-1.0269 3.1604 6.4006
-1.0284 3.2617 6.4006
-1.0242 3.3499 6.4006
-1.0267 3.4661 6.4006
-1.0232 3.5682 6.4006
-1.0219 3.6849 6.4006
-1.0221 3.8144 6.4006
-1.0223 3.9529 6.4006
-1.0209 4.0946 6.4006
-1.0195 4.2463 6.4006
-1.0224 4.4285 6.4006
-1.0309 4.6501 6.4006
-1.0048 4.7274 6.4006
-1.1143 5.7327 6.4006
-3.5748 2.6257 6.4006
-3.6210 2.9390 6.4006
-3.5963 3.4676 6.4006
-1.1915 2.5637 6.4006
-1.0208 2.5304 6.4006
-1.1407 2.6483 6.4006
-1.1447 2.7064 6.4006
-3.5859 4.2014 6.4006
-1.0955 2.8495 6.4006
-1.0928 2.9057 6.4006
-1.0887 2.9615 6.4006
-1.0874 3.0195 6.4006
-1.0846 3.0772 6.4006
-1.0812 3.1351 6.4006
-1.0805 3.1954 6.4006
-1.0791 3.2559 6.4006
-1.0770 3.3166 6.4006
-1.0759 3.3786 6.4006
-1.0749 3.4415 6.4006
-1.0748 3.5057 6.4006
-1.0740 3.5702 6.4006
-1.0740 3.6362 6.4006
-1.0748 3.7036 6.4006
-1.0756 3.7719 6.4006
-1.0764 3.8411 6.4006
-3.5667 2.6877 6.8578
-3.5352 2.7126 6.8578
-3.5327 2.7600 6.8578
-3.5382 2.8144 6.8578
-3.5624 2.8848 6.8578
-3.5634 2.9374 6.8578
-3.5598 2.9870 6.8578
-3.5633 3.0433 6.8578
-3.5585 3.0933 6.8578
-3.5560 3.1461 6.8578
-3.5559 3.2018 6.8578
-3.5574 3.2597 6.8578
-3.5456 3.3063 6.8578
-3.5551 3.3736 6.8578
-3.5485 3.4267 6.8578
-3.5527 3.4912 6.8578
-3.5454 3.5454 6.8578
-3.5431 3.6055 6.8578
-3.5435 3.6694 6.8578
-3.5443 3.7350 6.8578
-3.5403 3.7965 6.8578
-3.5381 3.8611 6.8578
-3.5404 3.9320 6.8578
-3.5417 4.0032 6.8578
-3.5355 4.0671 6.8578
-3.5252 4.1275 6.8578
-3.5295 4.2064 6.8578
-3.5385 4.2925 6.8578
-3.4965 4.3178 6.8578
-3.4052 4.2809 6.8578
-3.3215 4.2513 6.8578
-3.2435 4.2270 6.8578
-3.1619 4.1960 6.8578
-3.0889 4.1744 6.8578
-3.0165 4.1519 6.8578
-2.9465 4.1308 6.8578
-2.8696 4.0982 6.8578
-2.8060 4.0827 6.8578
-2.7412 4.0639 6.8578
-2.6830 4.0535 6.8578
-2.6137 4.0248 6.8578
-2.5543 4.0095 6.8578
-2.4927 3.9892 6.8578
-2.4411 3.9835 6.8578
-2.3867 3.9721 6.8578
-2.3271 3.9506 6.8578
-2.2805 3.9499 6.8578
-2.2272 3.9366 6.8578
-2.1715 3.9174 6.8578
-2.1191 3.9028 6.8578
-2.0666 3.8867 6.8578
-2.0137 3.8683 6.8578
-1.9640 3.8545 6.8578
-1.9124 3.8357 6.8578
-1.8688 3.8316 6.8578
-1.8193 3.8143 6.8578
-1.7775 3.8119 6.8578
-1.7326 3.8018 6.8578
-1.2666 2.8448 6.8578
-1.1464 2.6365 6.8578
-1.1445 2.6962 6.8578
-1.0650 2.5712 6.8578
-1.0343 2.5600 6.8578
-1.0145 2.5754 6.8578
-0.9912 2.5823 6.8578
-0.9683 2.5899 6.8578
-0.9460 2.5992 6.8578
-0.9283 2.6215 6.8578
-0.9057 2.6304 6.8578
-0.9116 2.7245 6.8578
-1.0553 3.2479 6.8578
-1.0254 3.2522 6.8578
-1.0265 3.3576 6.8578
-1.0256 3.4623 6.8578
-1.0245 3.5730 6.8578
-1.0233 3.6897 6.8578
-1.0203 3.8077 6.8578
-1.0216 3.9500 6.8578
-1.0185 4.0849 6.8578
-1.0209 4.2522 6.8578
-1.0247 4.4383 6.8578
-1.0348 4.6677 6.8578
-1.0071 4.7381 6.8578
-1.2054 5.9246 6.8578
-3.5729 2.6251 6.8578
-3.6210 2.9390 6.8578
-3.5972 3.4680 6.8578
-1.0926 2.5133 6.8578
-1.0288 2.5345 6.8578
-1.1169 2.6356 6.8578
-1.1745 2.7227 6.8578
-3.5833 4.1999 6.8578
-1.0972 2.8505 6.8578
-1.0928 2.9057 6.8578
-1.0896 2.9620 6.8578
-1.0883 3.0200 6.8578
-1.0855 3.0778 6.8578
-1.0829 3.1362 6.8578
-1.0813 3.1959 6.8578
-1.0783 3.2553 6.8578
-1.0779 3.3171 6.8578
-1.0767 3.3792 6.8578
-1.0749 3.4415 6.8578
-1.0748 3.5057 6.8578
-1.0748 3.5708 6.8578
-1.0748 3.6367 6.8578
-1.0748 3.7036 6.8578
-1.1415 3.8224 6.8578
-1.0764 3.8411 6.8578
-3.5667 2.6877 7.3150
-3.5471 2.7218 7.3150
-3.5358 2.7625 7.3150
-3.5358 2.8125 7.3150
-3.5624 2.8848 7.3150
-3.5618 2.9361 7.3150
-3.5652 2.9915 7.3150
-3.5587 3.0394 7.3150
-3.5547 3.0900 7.3150
-3.5628 3.1521 7.3150
-3.5597 3.2051 7.3150
-3.5610 3.2631 7.3150
-3.5522 3.3125 7.3150
-3.5536 3.3722 7.3150
-3.5499 3.4281 7.3150
-3.5506 3.4891 7.3150
-3.5447 3.5447 7.3150
-3.5452 3.6076 7.3150
-3.5435 3.6694 7.3150
-3.5402 3.7306 7.3150
-3.5430 3.7994 7.3150
-3.5381 3.8611 7.3150
-3.5377 3.9290 7.3150
-3.5364 3.9972 7.3150
-3.5329 4.0641 7.3150
-3.5317 4.1351 7.3150
-3.5308 4.2079 7.3150
-3.5309 4.2833 7.3150
-3.4776 4.2945 7.3150
-3.3933 4.2660 7.3150
-3.3098 4.2363 7.3150
-3.2325 4.2127 7.3150
-3.1547 4.1864 7.3150
-3.0812 4.1640 7.3150
-3.0018 4.1316 7.3150
-2.9401 4.1219 7.3150
-2.8708 4.0999 7.3150
-2.8082 4.0860 7.3150
-2.7468 4.0722 7.3150
-2.6802 4.0493 7.3150
-2.6148 4.0265 7.3150
-2.5565 4.0129 7.3150
-2.4954 3.9935 7.3150
-2.4301 3.9656 7.3150
-2.3779 3.9575 7.3150
-2.3210 3.9402 7.3150
-2.2645 3.9222 7.3150
-2.2110 3.9079 7.3150
-2.1584 3.8938 7.3150
-2.1071 3.8809 7.3150
-2.0502 3.8558 7.3150
-2.0008 3.8434 7.3150
-1.9567 3.8402 7.3150
-1.9021 3.8151 7.3150
-1.8583 3.8100 7.3150
-1.8090 3.7927 7.3150
-1.7653 3.7856 7.3150
-1.7255 3.7863 7.3150
-1.6859 3.7866 7.3150
-1.1803 2.7145 7.3150
-1.1183 2.6345 7.3150
-1.0631 2.5665 7.3150
-1.0347 2.5609 7.3150
-1.0119 2.5689 7.3150
-0.9909 2.5813 7.3150
-0.9680 2.5890 7.3150
-0.9453 2.5973 7.3150
-0.9250 2.6121 7.3150
-0.9015 2.6181 7.3150
-1.0170 3.0394 7.3150
-1.0352 3.1860 7.3150
-1.0314 3.2712 7.3150
-1.0309 3.3719 7.3150
-1.0304 3.4786 7.3150
-1.0309 3.5951 7.3150
-1.0283 3.7080 7.3150
-1.0257 3.8280 7.3150
-1.0263 3.9684 7.3150
-1.0245 4.1092 7.3150
-1.0237 4.2638 7.3150
-1.0265 4.4461 7.3150
-1.0383 4.6833 7.3150
-1.0406 4.8956 7.3150
-3.5729 2.6251 7.3150
-3.6164 2.9371 7.3150
-3.5926 3.4659 7.3150
-1.0917 2.5128 7.3150
-1.0315 2.5359 7.3150
-1.1160 2.6351 7.3150
-1.1666 2.7184 7.3150
-3.5807 4.1984 7.3150
-1.0981 2.8510 7.3150
-1.0920 2.9051 7.3150
-1.0921 2.9635 7.3150
-1.0874 3.0195 7.3150
-1.0855 3.0778 7.3150
-1.0837 3.1368 7.3150
-1.0813 3.1959 7.3150
-1.0791 3.2559 7.3150
-1.0779 3.3171 7.3150
-1.0759 3.3786 7.3150
-1.0757 3.4420 7.3150
-1.1058 3.5278 7.3150
-1.4283 3.8277 7.3150
-1.0740 3.6362 7.3150
-1.1075 3.7282 7.3150
-1.1089 3.7975 7.3150
-1.1103 3.8676 7.3150
-3.5715 2.6913 7.7722
-3.5384 2.7151 7.7722
-3.5295 2.7575 7.7722
-3.5382 2.8144 7.7722
-3.5671 2.8886 7.7722
-3.5657 2.9393 7.7722
-3.5636 2.9902 7.7722
-3.5678 3.0472 7.7722
-3.5562 3.0914 7.7722
-3.5575 3.1474 7.7722
-3.5604 3.2058 7.7722
-3.5588 3.2611 7.7722
-3.5566 3.3166 7.7722
-3.5471 3.3661 7.7722
-3.5528 3.4309 7.7722
-3.5548 3.4933 7.7722
-3.5539 3.5539 7.7722
-3.5438 3.6062 7.7722
-3.5435 3.6694 7.7722
-3.5471 3.7379 7.7722
-3.5396 3.7957 7.7722
-3.5496 3.8737 7.7722
-3.5484 3.9409 7.7722
-3.5424 4.0039 7.7722
-3.5342 4.0656 7.7722
-3.5356 4.1397 7.7722
-3.5334 4.2109 7.7722
-3.5385 4.2925 7.7722
-3.5116 4.3365 7.7722
-3.4245 4.3051 7.7722
-3.3498 4.2876 7.7722
-3.2794 4.2738 7.7722
-3.2017 4.2487 7.7722
-3.1300 4.2299 7.7722
-3.0577 4.2085 7.7722
-2.9924 4.1951 7.7722
-2.9224 4.1736 7.7722
-2.8558 4.1552 7.7722
-2.7870 4.1319 7.7722
-2.7348 4.1319 7.7722
-2.6676 4.1078 7.7722
-2.6032 4.0862 7.7722
-2.5436 4.0706 7.7722
-2.4881 4.0603 7.7722
-2.4274 4.0398 7.7722
-2.3621 4.0100 7.7722
-2.3095 4.0002 7.7722
-2.2528 3.9819 7.7722
-2.1967 3.9629 7.7722
-2.1453 3.9512 7.7722
-2.0962 3.9424 7.7722
-2.0469 3.9321 7.7722
-1.9930 3.9115 7.7722
-1.9423 3.8956 7.7722
-1.8995 3.8945 7.7722
-1.8512 3.8811 7.7722
-1.8016 3.8636 7.7722
-1.7612 3.8646 7.7722
-1.7242 3.8725 7.7722
-1.6783 3.8599 7.7722
-1.1144 2.6253 7.7722
-1.0639 2.5684 7.7722
-1.0335 2.5581 7.7722
-1.0137 2.5735 7.7722
-0.9862 2.5692 7.7722
-0.9624 2.5740 7.7722
-0.9402 2.5832 7.7722
-0.9203 2.5989 7.7722
-0.9197 2.6711 7.7722
-1.0728 3.2063 7.7722
-1.0612 3.2659 7.7722
-1.0353 3.2836 7.7722
-1.0397 3.4006 7.7722
-1.0358 3.4968 7.7722
-1.0320 3.5990 7.7722
-1.0315 3.7196 7.7722
-1.0311 3.8482 7.7722
-1.0291 3.9791 7.7722
-1.0277 4.1218 7.7722
-1.0286 4.2843 7.7722
-1.0332 4.4753 7.7722
-1.0415 4.6979 7.7722
-1.1048 5.1979 7.7722
-1.0828 5.3220 7.7722
-1.0609 5.4578 7.7722
-1.0898 5.8799 7.7722
-3.5748 2.6257 7.7722
-3.6249 2.8655 7.7722
-3.6062 3.3934 7.7722
-1.0908 2.5124 7.7722
-0.9889 2.5138 7.7722
-1.1160 2.6351 7.7722
-1.1411 2.7045 7.7722
-1.1383 2.7595 7.7722
-1.0989 2.8515 7.7722
-1.0954 2.9072 7.7722
-1.0939 2.9646 7.7722
-1.0900 3.0211 7.7722
-1.0855 3.0778 7.7722
-1.0846 3.1373 7.7722
-1.1082 3.2134 7.7722
-1.1074 3.2746 7.7722
-1.1069 3.3367 7.7722
-1.1056 3.3990 7.7722
-1.1060 3.4633 7.7722
-1.1058 3.5278 7.7722
-1.1063 3.5937 7.7722
-1.1069 3.6605 7.7722
-1.1075 3.7282 7.7722
-1.1089 3.7975 7.7722
-1.2096 3.9452 7.7722
-1.0771 3.9113 7.7722
-3.5659 2.6871 8.2294
-3.5431 2.7187 8.2294
-3.5390 2.7649 8.2294
-3.5335 2.8107 8.2294
-3.5655 2.8873 8.2294
-3.5664 2.9400 8.2294
-3.5644 2.9909 8.2294
-3.5678 3.0472 8.2294
-3.5630 3.0973 8.2294
-3.5560 3.1461 8.2294
-3.5656 3.2105 8.2294
-3.5552 3.2577 8.2294
-3.5588 3.3186 8.2294
-3.5536 3.3722 8.2294
-3.5586 3.4365 8.2294
-3.5470 3.4856 8.2294
-3.5497 3.5497 8.2294
-3.5529 3.6155 8.2294
-3.5476 3.6737 8.2294
-3.5471 3.7379 8.2294
-3.5464 3.8030 8.2294
-3.5468 3.8707 8.2294
-3.5464 3.9387 8.2294
-3.5437 4.0054 8.2294
-3.5368 4.0686 8.2294
-3.5349 4.1389 8.2294
-3.5405 4.2194 8.2294
-3.5341 4.2871 8.2294
-3.5343 4.3645 8.2294
-3.5203 4.4256 8.2294
-3.4379 4.4003 8.2294
-3.3573 4.3753 8.2294
-3.2781 4.3502 8.2294
-3.2091 4.3368 8.2294
-3.1376 4.3185 8.2294
-3.0661 4.2985 8.2294
-3.0010 4.2858 8.2294
-2.9334 4.2681 8.2294
-2.8631 4.2447 8.2294
-2.8060 4.2395 8.2294
-2.7406 4.2202 8.2294
-2.6795 4.2060 8.2294
-2.6226 4.1970 8.2294
-2.5660 4.1873 8.2294
-2.5051 4.1693 8.2294
-2.4428 4.1470 8.2294
-2.3895 4.1387 8.2294
-2.3272 4.1133 8.2294
-2.2728 4.1002 8.2294
-2.2197 4.0883 8.2294
-2.1614 4.0651 8.2294
-2.1088 4.0510 8.2294
-2.0570 4.0372 8.2294
-2.0052 4.0218 8.2294
-1.9665 4.0320 8.2294
-1.9119 4.0084 8.2294
-1.8718 4.0140 8.2294
-1.8209 3.9956 8.2294
-1.7860 4.0114 8.2294
-1.7389 3.9993 8.2294
-1.1382 2.6814 8.2294
-1.0604 2.5601 8.2294
-1.0283 2.5451 8.2294
-1.0035 2.5475 8.2294
-0.9773 2.5459 8.2294
-0.9582 2.5627 8.2294
-0.9382 2.5776 8.2294
-0.9280 2.6205 8.2294
-1.0474 3.0417 8.2294
-1.0668 3.1883 8.2294
-1.0442 3.2136 8.2294
-1.0398 3.2980 8.2294
-1.0449 3.4178 8.2294
-1.0423 3.5189 8.2294
-1.0367 3.6153 8.2294
-1.0353 3.7331 8.2294
-1.0350 3.8627 8.2294
-1.0343 3.9994 8.2294
-1.0325 4.1412 8.2294
-1.0311 4.2950 8.2294
-1.0361 4.4879 8.2294
-1.0430 4.7048 8.2294
-1.0506 4.9426 8.2294
-1.0489 5.1554 8.2294
-1.1351 5.8397 8.2294
-1.0870 5.8651 8.2294
-1.0473 5.9394 8.2294
-3.5729 2.6251 8.2294
-3.6277 2.8666 8.2294
-3.6255 3.3239 8.2294
-1.0276 2.4802 8.2294
-1.0980 2.5706 8.2294
-1.1160 2.6351 8.2294
-1.1438 2.7060 8.2294
-1.1418 2.7615 8.2294
-1.1007 2.8525 8.2294
-1.0971 2.9082 8.2294
-1.1179 2.9790 8.2294
-1.1155 3.0368 8.2294
-1.1118 3.0942 8.2294
-1.1124 3.1550 8.2294
-1.1090 3.2139 8.2294
-1.1083 3.2752 8.2294
-1.1077 3.3373 8.2294
-1.1056 3.3990 8.2294
-1.1060 3.4633 8.2294
-1.1058 3.5278 8.2294
-1.1063 3.5937 8.2294
-1.1069 3.6605 8.2294
-1.1075 3.7282 8.2294
-1.1089 3.7975 8.2294
-1.1103 3.8676 8.2294
-1.1123 3.9393 8.2294
-1.1151 4.0125 8.2294
-1.1146 4.0843 8.2294
-3.5819 2.6991 8.6866
-3.5423 2.7181 8.6866
-3.5374 2.7637 8.6866
-3.5382 2.8144 8.6866
-3.5749 2.8949 8.6866
-3.5726 2.9450 8.6866
-3.5690 2.9947 8.6866
-3.5648 3.0446 8.6866
-3.5668 3.1005 8.6866
-3.5598 3.1494 8.6866
-3.5604 3.2058 8.6866
-3.5610 3.2631 8.6866
-3.5610 3.3207 8.6866
-3.5587 3.3771 8.6866
-3.5543 3.4323 8.6866
-3.5584 3.4968 8.6866
-3.5504 3.5504 8.6866
-3.5487 3.6112 8.6866
-3.5546 3.6809 8.6866
-3.5533 3.7444 8.6866
-3.5512 3.8082 8.6866
-3.5489 3.8729 8.6866
-3.5464 3.9387 8.6866
-3.5463 4.0084 8.6866
-3.5493 4.0830 8.6866
-3.5466 4.1526 8.6866
-3.5340 4.2117 8.6866
-3.5353 4.2887 8.6866
-3.5418 4.3738 8.6866
-3.5365 4.4460 8.6866
-3.5437 4.5358 8.6866
-3.4736 4.5269 8.6866
-3.3991 4.5107 8.6866
-3.3215 4.4887 8.6866
-3.2434 4.4642 8.6866
-3.1764 4.4532 8.6866
-3.1059 4.4357 8.6866
-3.0422 4.4264 8.6866
-2.9693 4.4022 8.6866
-2.9054 4.3896 8.6866
-2.8419 4.3762 8.6866
-2.7709 4.3494 8.6866
-2.7111 4.3386 8.6866
-2.6512 4.3263 8.6866
-2.5999 4.3270 8.6866
-2.5336 4.3013 8.6866
-2.4755 4.2877 8.6866
-2.4188 4.2752 8.6866
-2.3605 4.2585 8.6866
-2.3071 4.2491 8.6866
-2.2511 4.2337 8.6866
-2.1979 4.2222 8.6866
-2.1510 4.2216 8.6866
-2.0927 4.1972 8.6866
-2.0481 4.1992 8.6866
-1.9971 4.1871 8.6866
-1.9466 4.1745 8.6866
-1.9076 4.1858 8.6866
-1.8576 4.1722 8.6866
-1.7988 4.1369 8.6866
-1.0964 2.5829 8.6866
-1.0581 2.5545 8.6866
-1.0365 2.5655 8.6866
-1.0038 2.5484 8.6866
-0.9873 2.5720 8.6866
-0.9638 2.5777 8.6866
-0.9508 2.6123 8.6866
-1.0171 2.8722 8.6866
-1.0841 3.1486 8.6866
-1.0804 3.2290 8.6866
-1.0497 3.2307 8.6866
-1.0483 3.3247 8.6866
-1.0490 3.4312 8.6866
-1.0480 3.5380 8.6866
-1.0447 3.6432 8.6866
-1.0414 3.7553 8.6866
-1.0423 3.8898 8.6866
-1.0396 4.0197 8.6866
-1.0371 4.1597 8.6866
-1.0365 4.3173 8.6866
-1.0390 4.5006 8.6866
-1.0445 4.7116 8.6866
-1.0734 5.0502 8.6866
-1.0471 5.1466 8.6866
-1.0489 5.3960 8.6866
-1.0497 5.6635 8.6866
-1.0539 5.9768 8.6866
-3.5720 2.6247 8.6866
-3.6258 2.8659 8.6866
-3.6209 3.3218 8.6866
-1.1220 2.5283 8.6866
-1.0297 2.5350 8.6866
-1.1169 2.6356 8.6866
-1.1455 2.7069 8.6866
-1.1410 2.7610 8.6866
-1.1297 2.8117 8.6866
-1.1258 2.8670 8.6866
-1.1221 2.9229 8.6866
-1.1204 2.9805 8.6866
-1.1164 3.0373 8.6866
-1.1143 3.0958 8.6866
-1.1141 3.1561 8.6866
-1.1107 3.2150 8.6866
-1.1091 3.2757 8.6866
-1.1077 3.3373 8.6866
-1.1064 3.3996 8.6866
-1.1060 3.4633 8.6866
-1.1066 3.5284 8.6866
-1.1063 3.5937 8.6866
-1.1069 3.6605 8.6866
-1.1067 3.7276 8.6866
-1.1081 3.7968 8.6866
-1.1095 3.8670 8.6866
-1.1116 3.9387 8.6866
-1.1135 4.0113 8.6866
-1.1177 4.0868 8.6866
-1.1209 4.1627 8.6866
-1.1216 4.2376 8.6866
-3.5619 2.6841 9.1438
-3.5399 2.7163 9.1438
-3.5405 2.7662 9.1438
-3.5374 2.8138 9.1438
-3.5725 2.8930 9.1438
-3.5672 2.9406 9.1438
-3.5705 2.9960 9.1438
-3.5678 3.0472 9.1438
-3.5645 3.0986 9.1438
-3.5628 3.1521 9.1438
-3.5649 3.2098 9.1438
-3.5655 3.2672 9.1438
-3.5610 3.3207 9.1438
-3.5609 3.3791 9.1438
-3.5622 3.4399 9.1438
-3.5563 3.4947 9.1438
-3.5468 3.5468 9.1438
-3.5522 3.6148 9.1438
-3.5525 3.6787 9.1438
-3.5554 3.7466 9.1438
-3.5573 3.8147 9.1438
-3.5570 3.8818 9.1438
-3.5584 3.9520 9.1438
-3.5523 4.0152 9.1438
-3.5539 4.0883 9.1438
-3.5473 4.1533 9.1438
-3.5527 4.2339 9.1438
-3.5506 4.3072 9.1438
-3.5450 4.3777 9.1438
-3.5458 4.4577 9.1438
-3.5425 4.5342 9.1438
-3.5466 4.6221 9.1438
-3.5284 4.6824 9.1438
-3.4642 4.6817 9.1438
-3.3898 4.6656 9.1438
-3.3117 4.6429 9.1438
-3.2321 4.6159 9.1438
-3.1600 4.5978 9.1438
-3.0940 4.5871 9.1438
-3.0268 4.5730 9.1438
-2.9525 4.5464 9.1438
-2.8885 4.5341 9.1438
-2.8250 4.5209 9.1438
-2.7645 4.5113 9.1438
-2.7024 4.4976 9.1438
-2.6407 4.4831 9.1438
-2.5865 4.4799 9.1438
-2.5192 4.4527 9.1438
-2.4614 4.4404 9.1438
-2.4125 4.4433 9.1438
-2.3633 4.4448 9.1438
-2.2954 4.4093 9.1438
-2.2482 4.4123 9.1438
-2.1908 4.3941 9.1438
-2.1476 4.4032 9.1438
-2.0931 4.3884 9.1438
-2.0450 4.3856 9.1438
-1.9926 4.3724 9.1438
-1.9491 4.3777 9.1438
-1.9064 4.3845 9.1438
-1.1003 2.5921 9.1438
-1.0543 2.5453 9.1438
-1.0347 2.5609 9.1438
-1.0119 2.5689 9.1438
-0.9898 2.5785 9.1438
-0.9631 2.5758 9.1438
-0.9453 2.5973 9.1438
-0.9263 2.6158 9.1438
-1.0640 3.0900 9.1438
-1.0700 3.1977 9.1438
-1.0562 3.2507 9.1438
-1.0555 3.3475 9.1438
-1.0552 3.4513 9.1438
-1.0537 3.5572 9.1438
-1.0538 3.6749 9.1438
-1.0508 3.7890 9.1438
-1.0482 3.9120 9.1438
-1.0456 4.0430 9.1438
-1.0461 4.1956 9.1438
-1.0456 4.3552 9.1438
-1.0435 4.5201 9.1438
-1.0437 4.7077 9.1438
-1.1146 5.2438 9.1438
-1.0868 5.3416 9.1438
-1.0830 5.5717 9.1438
-3.5720 2.6247 9.1438
-3.6128 2.8609 9.1438
-3.6313 3.2486 9.1438
-1.0926 2.5133 9.1438
-1.0306 2.5355 9.1438
-1.1151 2.6347 9.1438
-1.1684 2.7193 9.1438
-1.1367 2.8157 9.1438
-1.1258 2.8670 9.1438
-1.1230 2.9234 9.1438
-1.1221 2.9816 9.1438
-1.1198 3.0394 9.1438
-1.1168 3.0974 9.1438
-1.1132 3.1556 9.1438
-1.1123 3.2161 9.1438
-1.1099 3.2763 9.1438
-1.1085 3.3378 9.1438
-1.1081 3.4007 9.1438
-1.1069 3.4638 9.1438
-1.1066 3.5284 9.1438
-1.1063 3.5937 9.1438
-1.1069 3.6605 9.1438
-1.1075 3.7282 9.1438
-1.1081 3.7968 9.1438
-1.1095 3.8670 9.1438
-1.1108 3.9380 9.1438
-1.1128 4.0107 9.1438
-1.1169 4.0862 9.1438
-1.1201 4.1620 9.1438
-1.1232 4.2389 9.1438
-1.1275 4.3182 9.1438
-1.1638 4.4270 9.1438
-1.0960 4.4444 9.1438
-3.5915 2.7064 9.6010
-3.5352 2.7126 9.6010
-3.4672 2.7089 9.6010
-3.4130 2.7148 9.6010
-3.3526 2.7149 9.6010
-3.2894 2.7116 9.6010
-3.2266 2.7074 9.6010
-3.1724 2.7095 9.6010
-3.1207 2.7128 9.6010
-3.0647 2.7114 9.6010
-3.0097 2.7100 9.6010
-2.9587 2.7111 9.6010
-2.9101 2.7137 9.6010
-2.8616 2.7156 9.6010
-2.8148 2.7182 9.6010
-2.7589 2.7111 9.6010
-2.7160 2.7160 9.6010
-2.6670 2.7139 9.6010
-2.6119 2.7047 9.6010
-2.5662 2.7042 9.6010
-2.5254 2.7082 9.6010
-2.4774 2.7036 9.6010
-2.4356 2.7050 9.6010
-2.3934 2.7052 9.6010
-2.3539 2.7079 9.6010
-2.3107 2.7055 9.6010
-2.2639 2.6980 9.6010
-2.2263 2.7007 9.6010
-2.1957 2.7115 9.6010
-2.1545 2.7086 9.6010
-2.1123 2.7037 9.6010
-2.0789 2.7093 9.6010
-2.0408 2.7082 9.6010
-2.0028 2.7066 9.6010
-1.9679 2.7086 9.6010
-1.9291 2.7045 9.6010
-1.8968 2.7089 9.6010
-1.8538 2.6974 9.6010
-1.8185 2.6960 9.6010
-1.7855 2.6976 9.6010
-1.7537 2.7005 9.6010
-1.7247 2.7073 9.6010
-1.6846 2.6959 9.6010
-1.6501 2.6926 9.6010
-1.6208 2.6975 9.6010
-1.5896 2.6986 9.6010
-1.5595 2.7011 9.6010
-1.5255 2.6964 9.6010
-1.4985 2.7034 9.6010
-1.4639 2.6962 9.6010
-1.4324 2.6939 9.6010
-1.4046 2.6983 9.6010
-1.3760 2.7006 9.6010
-1.3448 2.6973 9.6010
-1.3177 2.7018 9.6010
-1.2851 2.6942 9.6010
-1.2602 2.7026 9.6010
-1.2325 2.7044 9.6010
-1.1970 2.6886 9.6010
-1.1647 2.6787 9.6010
-1.0983 2.5875 9.6010
-1.0589 2.5564 9.6010
-1.0320 2.5544 9.6010
-1.0086 2.5605 9.6010
-0.9877 2.5729 9.6010
-0.9648 2.5805 9.6010
-0.9484 2.6058 9.6010
-0.9307 2.6281 9.6010
-1.4165 4.1140 9.6010
-1.4107 4.2162 9.6010
-1.4023 4.3159 9.6010
-1.3962 4.4281 9.6010
-1.3847 4.5291 9.6010
-1.3752 4.6426 9.6010
-1.4474 5.0476 9.6010
-1.4399 5.1920 9.6010
-1.3919 5.1947 9.6010
-1.3445 5.1990 9.6010
-1.2974 5.2037 9.6010
-1.2524 5.2168 9.6010
-1.2057 5.2226 9.6010
-1.1610 5.2369 9.6010
-1.1173 5.2566 9.6010
-1.0856 5.3357 9.6010
-1.0794 5.5531 9.6010
-3.6163 2.6404 9.6010
-3.4838 2.7383 9.6010
-3.3579 2.7630 9.6010
-3.2703 2.8008 9.6010
-3.0397 2.7796 9.6010
-3.1686 2.9030 9.6010
-3.1245 2.9563 9.6010
-2.5565 2.7813 9.6010
-2.4808 2.8142 9.6010
-2.5350 3.0407 9.6010
-2.8677 3.2716 9.6010
-1.0944 2.5142 9.6010
-1.0341 2.5373 9.6010
-1.1160 2.6351 9.6010
-2.1904 3.2743 9.6010
-2.5115 3.5207 9.6010
-2.5502 3.6154 9.6010
-2.5608 3.6955 9.6010
-2.5793 3.8571 9.6010
-2.2751 3.7474 9.6010
-2.6009 4.0247 9.6010
-3.4775 5.1238 9.6010
-3.5081 5.4373 9.6010
-1.1803 5.1987 9.6010
-3.4294 2.7279 10.0581
-3.4086 2.7602 10.0581
-3.4213 3.1904 10.0581
-3.3933 3.2201 10.0581
-3.3902 3.6356 10.0581
-3.3759 3.6842 10.0581
-3.3457 3.7157 10.0581
-3.2839 3.7118 10.0581
-3.2258 3.7109 10.0581
-3.1687 3.7100 10.0581
-3.1098 3.7061 10.0581
-3.0544 3.7053 10.0581
-2.9899 3.6922 10.0581
-2.9445 3.7017 10.0581
-2.8068 3.5925 10.0581
-2.7510 3.5852 10.0581
-2.6997 3.5827 10.0581
-2.6874 3.6318 10.0581
-2.6885 3.7004 10.0581
-2.6201 3.6733 10.0581
-2.5931 3.7034 10.0581
-2.5392 3.6946 10.0581
-2.5041 3.7124 10.0581
-2.4512 3.7033 10.0581
-2.4051 3.7036 10.0581
-2.3528 3.6932 10.0581
-2.2484 3.5983 10.0581
-2.1929 3.5785 10.0581
-1.9216 3.1981 10.0581
-1.8886 3.2061 10.0581
-1.8535 3.2104 10.0581
-1.8170 3.2116 10.0581
-1.7768 3.2055 10.0581
-1.7421 3.2086 10.0581
-1.7103 3.2166 10.0581
-1.6734 3.2145 10.0581
-1.6353 3.2094 10.0581
-1.6010 3.2110 10.0581
-1.5650 3.2087 10.0581
-1.5318 3.2114 10.0581
-1.2738 2.7316 10.0581
-1.2594 2.7636 10.0581
-1.3056 2.9325 10.0581
-1.3171 3.0290 10.0581
-1.3039 3.0717 10.0581
-1.2896 3.1135 10.0581
-1.2804 3.1691 10.0581
-1.2578 3.1932 10.0581
-1.3131 3.4206 10.0581
-1.3574 3.6305 10.0581
-1.3349 3.6676 10.0581
-1.2865 3.6329 10.0581
-1.2658 3.6762 10.0581
-1.5072 4.5045 10.0581
-1.6057 4.9417 10.0581
-1.6283 5.1644 10.0581
-1.5984 5.2281 10.0581
-1.5456 5.2179 10.0581
-1.4937 5.2091 10.0581
-1.4468 5.2171 10.0581
-1.3948 5.2054 10.0581
-1.3475 5.2106 10.0581
-1.3003 5.2153 10.0581
-1.2552 5.2284 10.0581
-1.2064 5.2255 10.0581
-1.1616 5.2398 10.0581
-1.1179 5.2595 10.0581
-1.0844 5.3298 10.0581
-1.0737 5.5236 10.0581
-3.4452 2.8697 10.0581
-3.4301 3.0860 10.0581
-3.4470 3.1685 10.0581
-3.4421 3.4734 10.0581
-3.2783 3.6269 10.0581
-3.2233 3.6769 10.0581
-2.8263 3.5445 10.0581
-1.9628 3.1507 10.0581
-1.8468 3.1522 10.0581
-1.7303 3.1515 10.0581
-1.6099 3.1465 10.0581
-1.4875 3.1381 10.0581
-1.3947 3.1453 10.0581
-1.9418 3.5431 10.0581
-3.4121 5.1729 10.0581
-3.3319 5.2107 10.0581
-3.4078 5.2476 10.5153
-3.3409 5.2442 10.5153
-3.2685 5.2308 10.5153
-3.2061 5.2318 10.5153
-3.1474 5.2381 10.5153
-2.5605 4.3469 10.5153
-2.3585 4.0850 10.5153
-2.8462 5.0307 10.5153
-2.8929 5.2189 10.5153
-2.5266 4.6533 10.5153
-2.5492 4.7944 10.5153
-2.6574 5.1047 10.5153
-2.6341 5.1696 10.5153
-2.6013 5.2175 10.5153
-2.5518 5.2319 10.5153
-2.4909 5.2224 10.5153
-2.3582 5.0572 10.5153
-2.3841 5.2314 10.5153
-2.3200 5.2109 10.5153
-2.2637 5.2062 10.5153
-2.1783 5.1318 10.5153
-2.1400 5.1663 10.5153
-2.0630 5.1060 10.5153
-1.9513 4.9535 10.5153
-1.9929 5.1916 10.5153
-1.9486 5.2116 10.5153
-1.8938 5.2031 10.5153
-1.8470 5.2156 10.5153
-1.8785 5.4556 10.5153
-1.8565 5.5486 10.5153
-1.7759 5.4657 10.5153
-1.6542 5.2464 10.5153
-1.5990 5.2300 10.5153
-1.5482 5.2265 10.5153
-1.4967 5.2197 10.5153
-1.4490 5.2248 10.5153
-1.3953 5.2073 10.5153
-1.3500 5.2203 10.5153
-1.3030 5.2260 10.5153
-1.2566 5.2343 10.5153
-1.2102 5.2421 10.5153
-1.1642 5.2515 10.5153
-1.1192 5.2654 10.5153
-1.0842 5.3288 10.5153
-1.0697 5.5030 10.5153
-2.3430 4.3294 10.5153
-3.3747 5.1462 10.5153
-3.2785 5.1719 10.5153
-2.2404 4.4992 10.5153
-2.9979 5.1527 10.5153
-2.7774 5.0777 10.5153
-2.7832 5.1746 10.5153
-2.5664 5.0959 10.5153
-2.3865 5.0421 10.5153
-2.4217 5.1618 10.5153
-2.3159 5.1654 10.5153
-1.9748 4.9663 10.5153
-2.1418 5.1999 10.5153
-1.8858 5.0657 10.5153
-1.7388 5.2023 10.5153
-1.6322 5.1929 10.5153
-1.5270 5.1828 10.5153
-1.4259 5.1748 10.5153
-1.3502 5.1902 10.5153
-1.2535 5.1832 10.5153
-1.1513 5.2597 10.5153
-3.4094 5.2501 10.9725
-3.3436 5.2484 10.9725
-3.2850 5.2571 10.9725
-3.2149 5.2463 10.9725
-3.1525 5.2467 10.9725
-3.0853 5.2378 10.9725
-3.0270 5.2429 10.9725
-2.9649 5.2404 10.9725
-2.9127 5.2547 10.9725
-2.8443 5.2386 10.9725
-2.7844 5.2368 10.9725
-2.7252 5.2351 10.9725
-2.6472 5.1955 10.9725
-2.6067 5.2282 10.9725
-2.5535 5.2355 10.9725
-2.4875 5.2151 10.9725
-2.4389 5.2303 10.9725
-2.3787 5.2195 10.9725
-2.3253 5.2227 10.9725
-2.2693 5.2190 10.9725
-2.2135 5.2147 10.9725
-2.1656 5.2282 10.9725
-2.1098 5.2219 10.9725
-2.0290 5.1508 10.9725
-2.0036 5.2196 10.9725
-1.9524 5.2219 10.9725
-1.8972 5.2125 10.9725
-1.8446 5.2090 10.9725
-1.8356 5.3308 10.9725
-1.8071 5.4007 10.9725
-1.7027 5.2403 10.9725
-1.6458 5.2197 10.9725
-1.5978 5.2262 10.9725
-1.5433 5.2102 10.9725
-1.4915 5.2014 10.9725
-1.4444 5.2084 10.9725
-1.3971 5.2141 10.9725
-1.3483 5.2135 10.9725
-1.2994 5.2115 10.9725
-1.2520 5.2148 10.9725
-1.2071 5.2285 10.9725
-1.1610 5.2369 10.9725
-1.1165 5.2527 10.9725
-1.0848 5.3318 10.9725
-1.0762 5.5364 10.9725
-3.4105 5.1717 10.9725
-3.2761 5.1702 10.9725
-3.1391 5.1643 10.9725
-3.0019 5.1557 10.9725
-2.8956 5.1684 10.9725
-2.7604 5.1568 10.9725
-2.5296 5.0666 10.9725
-2.5551 5.1787 10.9725
-2.4217 5.1618 10.9725
-2.1535 5.0292 10.9725
-2.2136 5.1703 10.9725
-2.0799 5.1461 10.9725
-1.9749 5.1446 10.9725
-1.9008 5.1690 10.9725
-1.8488 5.2129 10.9725
-1.7007 5.1668 10.9725
-1.5960 5.1585 10.9725
-1.4939 5.1509 10.9725
-1.3910 5.1405 10.9725
-1.3226 5.1626 10.9725
-1.2465 5.1761 10.9725
-1.1782 5.1965 10.9725
-3.3299 2.3316 11.4297
-3.2565 2.3228 11.4297
-3.1900 2.3176 11.4297
-3.1254 2.3127 11.4297
-3.0620 2.3074 11.4297
-2.9933 2.2969 11.4297
-2.9393 2.2964 11.4297
-2.8769 2.2884 11.4297
-2.8280 2.2901 11.4297
-2.7778 2.2899 11.4297
-2.7317 2.2922 11.4297
-2.6804 2.2893 11.4297
-2.6362 2.2916 11.4297
-2.5824 2.2847 11.4297
-2.5445 2.2911 11.4297
-2.4994 2.2903 11.4297
-2.4464 2.2813 11.4297
-2.4082 2.2853 11.4297
-2.3630 2.2820 11.4297
-2.3259 2.2857 11.4297
-2.2804 2.2804 11.4297
-2.2422 2.2817 11.4297
-2.2062 2.2846 11.4297
-2.1690 2.2857 11.4297
-2.1237 2.2774 11.4297
-2.0957 2.2870 11.4297
-2.0582 2.2859 11.4297
-2.0230 2.2866 11.4297
-1.9865 2.2853 11.4297
-1.9490 2.2820 11.4297
-1.9136 2.2805 11.4297
-1.8860 2.2879 11.4297
-1.8508 2.2856 11.4297
-1.8153 2.2821 11.4297
-1.7860 2.2860 11.4297
-1.7514 2.2825 11.4297
-1.7188 2.2809 11.4297
-1.6893 2.2830 11.4297
-1.6640 2.2903 11.4297
-1.6370 2.2950 11.4297
-1.6014 2.2871 11.4297
-1.5723 2.2878 11.4297
-1.5478 2.2948 11.4297
-1.5256 2.3049 11.4297
-1.4945 2.3013 11.4297
-1.4684 2.3050 11.4297
-1.4477 2.3169 11.4297
-1.4181 2.3141 11.4297
-1.3942 2.3204 11.4297
-1.3739 2.3324 11.4297
-1.3575 2.3513 11.4297
-1.3463 2.3796 11.4297
-1.3279 2.3956 11.4297
-1.3170 2.4255 11.4297
-1.3136 2.4705 11.4297
-1.2971 2.4916 11.4297
-1.2916 2.5349 11.4297
-1.2962 2.5998 11.4297
-1.2906 2.6460 11.4297
-1.2816 2.6870 11.4297
-1.2666 2.7162 11.4297
-1.2590 2.7626 11.4297
-1.2532 2.8146 11.4297
-1.2437 2.8603 11.4297
-1.2331 2.9051 11.4297
-1.2334 2.9777 11.4297
-1.2444 3.0801 11.4297
-1.2450 3.1606 11.4297
-1.2632 3.2909 11.4297
-1.2495 3.3420 11.4297
-1.2402 3.4073 11.4297
-1.2331 3.4821 11.4297
-1.2199 3.5429 11.4297
-1.2121 3.6226 11.4297
-1.2030 3.7025 11.4297
-1.1929 3.7834 11.4297
-1.1832 3.8702 11.4297
-1.1767 3.9724 11.4297
-1.1720 4.0873 11.4297
-1.1676 4.2101 11.4297
-1.1613 4.3341 11.4297
-1.1355 4.3905 11.4297
-1.0988 4.4071 11.4297
-1.0654 4.4379 11.4297
-1.0559 4.5737 11.4297
-1.0510 4.7409 11.4297
-1.0281 4.8369 11.4297
-1.0166 4.9966 11.4297
-1.0433 5.3675 11.4297
-1.0056 5.4256 11.4297
-3.1170 2.2605 11.4297
-2.8694 2.2449 11.4297
-2.6292 2.2275 11.4297
-2.4436 2.2252 11.4297
-2.2727 2.2248 11.4297
-2.1219 2.2291 11.4297
-1.9883 2.2373 11.4297
-1.8476 2.2404 11.4297
-1.7324 2.2514 11.4297
-1.6137 2.2590 11.4297
-1.5210 2.2756 11.4297
-1.4615 2.3052 11.4297
-3.4726 3.5666 11.4297
-3.4992 3.7395 11.4297
-3.4736 4.1378 11.4297
-3.4914 4.4051 11.4297
-3.5575 4.5332 11.4297
-3.5857 5.0087 11.4297
-3.1610 2.5143 11.8869
-3.0379 2.4600 11.8869
-2.9677 2.4464 11.8869
-2.9117 2.4432 11.8869
-2.8576 2.4406 11.8869
-2.8053 2.4386 11.8869
-2.7569 2.4391 11.8869
-2.7073 2.4376 11.8869
-2.6564 2.4342 11.8869
-2.6175 2.4409 11.8869
-2.5700 2.4388 11.8869
-2.5321 2.4452 11.8869
-2.4757 2.4329 11.8869
-2.4353 2.4353 11.8869
-2.3971 2.4393 11.8869
-2.3563 2.4400 11.8869
-2.3074 2.4315 11.8869
-2.2595 2.4230 11.8869
-2.2261 2.4293 11.8869
-2.1820 2.4234 11.8869
-2.1449 2.4244 11.8869
-2.1079 2.4249 11.8869
-2.0724 2.4265 11.8869
-2.0370 2.4276 11.8869
-2.0017 2.4283 11.8869
-1.9654 2.4270 11.8869
-1.9366 2.4347 11.8869
-1.8987 2.4302 11.8869
-1.8628 2.4277 11.8869
-1.8343 2.4342 11.8869
-1.8106 2.4469 11.8869
-1.7716 2.4384 11.8869
-1.7439 2.4448 11.8869
-1.7156 2.4501 11.8869
-1.6907 2.4600 11.8869
-1.6653 2.4689 11.8869
-1.6365 2.4725 11.8869
-1.6138 2.4850 11.8869
-1.5974 2.5074 11.8869
-1.5797 2.5280 11.8869
-1.5638 2.5520 11.8869
-1.5456 2.5724 11.8869
-1.5206 2.5814 11.8869
-1.4885 2.5782 11.8869
-1.4620 2.5841 11.8869
-1.4375 2.5932 11.8869
-1.4186 2.6127 11.8869
-1.3896 2.6135 11.8869
-1.3709 2.6335 11.8869
-1.3552 2.6597 11.8869
-1.3413 2.6902 11.8869
-1.3296 2.7260 11.8869
-1.3165 2.7601 11.8869
-1.2979 2.7833 11.8869
-1.2955 2.8427 11.8869
-1.2828 2.8813 11.8869
-1.2772 2.9373 11.8869
-1.2668 2.9843 11.8869
-1.2640 3.0516 11.8869
-1.2587 3.1153 11.8869
-1.2549 3.1857 11.8869
-1.2751 3.3217 11.8869
-1.2544 3.3552 11.8869
-1.2412 3.4101 11.8869
-1.2297 3.4727 11.8869
-1.2212 3.5466 11.8869
-1.2121 3.6226 11.8869
-1.1993 3.6911 11.8869
-1.1905 3.7758 11.8869
-1.1815 3.8644 11.8869
-1.1767 3.9724 11.8869
-1.1684 4.0748 11.8869
-1.1617 4.1889 11.8869
-1.1631 4.3409 11.8869
-1.1385 4.4022 11.8869
-1.1010 4.4158 11.8869
-1.0685 4.4505 11.8869
-1.0539 4.5649 11.8869
-1.0562 4.7643 11.8869
-1.0317 4.8536 11.8869
-1.0774 5.2955 11.8869
-1.0638 5.4726 11.8869
-1.0203 5.5052 11.8869
-1.0254 5.8153 11.8869
-2.9517 2.4051 11.8869
-2.7078 2.3832 11.8869
-2.5696 2.3965 11.8869
-2.3767 2.3864 11.8869
-2.2254 2.3892 11.8869
-2.0949 2.3979 11.8869
-1.9601 2.4025 11.8869
-1.8460 2.4135 11.8869
-1.7605 2.4352 11.8869
-1.6662 2.5093 11.8869
-1.5652 2.5205 11.8869
-1.4717 2.5336 11.8869
-3.4762 3.5683 11.8869
-3.4992 3.7395 11.8869
-3.4910 4.1477 11.8869
-3.4982 4.4092 11.8869
-3.5780 4.5457 11.8869
-3.5971 5.2075 11.8869
-3.2881 2.6627 12.3441
-3.2046 2.6416 12.3441
-3.1461 2.6399 12.3441
-3.1040 2.6510 12.3441
-3.0370 2.6400 12.3441
-2.7464 2.4298 12.3441
-2.7006 2.4316 12.3441
-2.6571 2.4348 12.3441
-2.6087 2.4327 12.3441
-2.5606 2.4299 12.3441
-2.5040 2.4181 12.3441
-2.4714 2.4287 12.3441
-2.4169 2.4169 12.3441
-2.3698 2.4115 12.3441
-2.3368 2.4199 12.3441
-2.2915 2.4148 12.3441
-2.2561 2.4193 12.3441
-2.2112 2.4131 12.3441
-2.1787 2.4197 12.3441
-2.1456 2.4251 12.3441
-2.1014 2.4173 12.3441
-2.0665 2.4196 12.3441
-2.0293 2.4184 12.3441
-1.9966 2.4221 12.3441
-1.9773 2.4418 12.3441
-1.9740 2.4817 12.3441
-1.9701 2.5216 12.3441
-1.9547 2.5475 12.3441
-1.9336 2.5660 12.3441
-1.9296 2.6077 12.3441
-1.8997 2.6147 12.3441
-1.8704 2.6223 12.3441
-1.8326 2.6172 12.3441
-1.7983 2.6166 12.3441
-1.7631 2.6140 12.3441
-1.7386 2.6267 12.3441
-1.7004 2.6183 12.3441
-1.6694 2.6204 12.3441
-1.6332 2.6137 12.3441
-1.6030 2.6159 12.3441
-1.5709 2.6144 12.3441
-1.5434 2.6202 12.3441
-1.5145 2.6232 12.3441
-1.4930 2.6389 12.3441
-1.4583 2.6309 12.3441
-1.4353 2.6435 12.3441
-1.4136 2.6586 12.3441
-1.3940 2.6779 12.3441
-1.3742 2.6971 12.3441
-1.3591 2.7260 12.3441
-1.3454 2.7584 12.3441
-1.3354 2.7998 12.3441
-1.3232 2.8376 12.3441
-1.3005 2.8536 12.3441
-1.2938 2.9060 12.3441
-1.2864 2.9584 12.3441
-1.2769 3.0082 12.3441
-1.2766 3.0821 12.3441
-1.2699 3.1432 12.3441
-1.2688 3.2211 12.3441
-1.2747 3.3207 12.3441
-1.2548 3.3561 12.3441
-1.6608 4.5631 12.3441
-1.2635 3.5679 12.3441
-1.1470 3.3311 12.3441
-1.1185 3.3428 12.3441
-1.0986 3.3810 12.3441
-1.0702 3.3943 12.3441
-1.1268 3.6856 12.3441
-1.2085 4.0798 12.3441
-1.1778 4.1075 12.3441
-1.1633 4.1947 12.3441
-1.1600 4.3293 12.3441
-1.1445 4.4254 12.3441
-1.1075 4.4420 12.3441
-1.0764 4.4836 12.3441
-1.0663 4.6185 12.3441
-1.0688 4.8209 12.3441
-1.0495 4.9377 12.3441
-1.0174 5.0006 12.3441
-1.0649 5.4785 12.3441
-1.0648 5.7452 12.3441
-2.6627 2.3668 12.3441
-2.4526 2.3527 12.3441
-2.3048 2.3588 12.3441
-2.1500 2.3595 12.3441
-2.0170 2.3664 12.3441
-3.4338 3.0876 12.3441
-3.4635 3.1756 12.3441
-1.7963 2.5686 12.3441
-1.6504 2.5602 12.3441
-1.5286 2.5607 12.3441
-1.4692 2.5895 12.3441
-3.4547 3.7168 12.3441
-3.4770 3.9728 12.3441
-3.4901 4.1472 12.3441
-3.5128 4.4180 12.3441
-3.5764 4.8162 12.3441
-3.5782 5.2914 12.3441
-3.2089 2.7407 12.8013
-3.1366 2.7266 12.8013
-3.0969 2.7399 12.8013
-3.0499 2.7461 12.8013
-2.9992 2.7483 12.8013
-2.9393 2.7410 12.8013
-2.8892 2.7417 12.8013
-2.8378 2.7404 12.8013
-2.7795 2.7314 12.8013
-2.7308 2.7308 12.8013
-2.6817 2.7289 12.8013
-2.6355 2.7292 12.8013
-2.5855 2.7245 12.8013
-2.5364 2.7199 12.8013
-2.4963 2.7242 12.8013
-2.4457 2.7162 12.8013
-2.3993 2.7120 12.8013
-2.3598 2.7147 12.8013
-2.3205 2.7169 12.8013
-2.2813 2.7187 12.8013
-2.2415 2.7192 12.8013
-2.1944 2.7099 12.8013
-2.1620 2.7180 12.8013
-2.1228 2.7171 12.8013
-2.0820 2.7133 12.8013
-2.0492 2.7194 12.8013
-2.0135 2.7211 12.8013
-1.9703 2.7118 12.8013
-1.9320 2.7086 12.8013
-1.9014 2.7155 12.8013
-1.8703 2.7213 12.8013
-1.8330 2.7176 12.8013
-1.7993 2.7185 12.8013
-1.7646 2.7173 12.8013
-1.7328 2.7199 12.8013
-1.6989 2.7188 12.8013
-1.6574 2.7046 12.8013
-1.6244 2.7035 12.8013
-1.5947 2.7072 12.8013
-1.5650 2.7107 12.8013
-1.5359 2.7146 12.8013
-1.5092 2.7227 12.8013
-1.4854 2.7358 12.8013
-1.4610 2.7477 12.8013
-1.4388 2.7639 12.8013
-1.4165 2.7799 12.8013
-1.4042 2.8164 12.8013
-1.3866 2.8429 12.8013
-1.3695 2.8711 12.8013
-1.3553 2.9065 12.8013
-1.3473 2.9565 12.8013
-1.3349 2.9983 12.8013
-1.3219 3.0401 12.8013
-1.3187 3.1067 12.8013
-1.3057 3.1523 12.8013
-1.2943 3.2034 12.8013
-1.3007 3.3021 12.8013
-1.2837 3.3441 12.8013
-1.2604 3.3711 12.8013
-1.3260 3.6432 12.8013
-1.2922 3.6490 12.8013
-1.2814 3.7216 12.8013
-1.2927 3.8635 12.8013
-1.3139 4.0439 12.8013
-1.3201 4.1868 12.8013
-1.2198 4.1181 12.8013
-1.1894 4.1478 12.8013
-1.1662 4.2053 12.8013
-1.1593 4.3264 12.8013
-1.1538 4.4612 12.8013
-1.1237 4.5070 12.8013
-1.1084 4.6168 12.8013
-1.1020 4.7734 12.8013
-1.1015 4.9684 12.8013
-1.1552 5.4346 12.8013
-1.1147 5.4788 12.8013
-1.1130 5.7258 12.8013
-1.0643 5.7422 12.8013
-1.0509 5.9601 12.8013
-3.1198 2.6716 12.8013
-2.9614 2.6791 12.8013
-2.7745 2.6724 12.8013
-2.6059 2.6700 12.8013
-2.4323 2.6624 12.8013
-2.3043 2.6716 12.8013
-2.1465 2.6653 12.8013
-2.0101 2.6661 12.8013
-1.8978 2.6756 12.8013
-1.7831 2.6821 12.8013
-1.6399 2.6727 12.8013
-1.5806 2.7026 12.8013
-1.5185 2.7303 12.8013
-3.4508 4.0414 12.8013
-3.4736 4.2225 12.8013
-3.4927 4.4935 12.8013
-3.5099 4.8648 12.8013
-3.5035 5.7373 12.8013
-3.1982 3.4903 13.2585
-3.0834 3.4244 13.2585
-3.0010 3.3920 13.2585
-2.9943 3.4445 13.2585
-2.9433 3.4462 13.2585
-2.8527 3.3997 13.2585
-2.8204 3.4214 13.2585
-2.7633 3.4124 13.2585
-2.7366 3.4403 13.2585
-2.6215 3.3553 13.2585
-2.5714 3.3511 13.2585
-2.5246 3.3503 13.2585
-2.4792 3.3505 13.2585
-3.0794 4.2384 13.2585
-2.9761 4.1723 13.2585
-2.8191 4.0261 13.2585
-2.7459 3.9954 13.2585
-2.3408 3.4704 13.2585
-2.6659 4.0277 13.2585
-2.6344 4.0566 13.2585
-2.6048 4.0888 13.2585
-2.4737 3.9587 13.2585
-2.0471 3.3406 13.2585
-2.0174 3.3575 13.2585
-2.3661 4.0169 13.2585
-1.9870 3.4416 13.2585
-1.9249 3.4022 13.2585
-1.8801 3.3918 13.2585
-1.8256 3.3624 13.2585
-1.7840 3.3552 13.2585
-1.7773 3.4141 13.2585
-1.7438 3.4224 13.2585
-1.7036 3.4169 13.2585
-1.6671 3.4181 13.2585
-1.6334 3.4244 13.2585
-1.6072 3.4467 13.2585
-1.5696 3.4442 13.2585
-1.6147 3.6268 13.2585
-1.5424 3.5472 13.2585
-1.5117 3.5614 13.2585
-1.4749 3.5606 13.2585
-1.4422 3.5697 13.2585
-1.4099 3.5793 13.2585
-1.3815 3.5990 13.2585
-1.3504 3.6118 13.2585
-1.5049 4.1346 13.2585
-1.4681 4.1457 13.2585
-1.4608 4.2425 13.2585
-1.4269 4.2646 13.2585
-1.3927 4.2864 13.2585
-1.3496 4.2803 13.2585
-1.3078 4.2776 13.2585
-1.2755 4.3061 13.2585
-1.2503 4.3603 13.2585
-1.2456 4.4915 13.2585
-1.2237 4.5669 13.2585
-1.1845 4.5803 13.2585
-1.1428 4.5837 13.2585
-1.1280 4.6985 13.2585
-1.2489 5.4097 13.2585
-1.2376 5.5825 13.2585
-1.2132 5.7075 13.2585
-3.1038 3.4620 13.2585
-2.8853 3.4267 13.2585
-2.7824 3.4474 13.2585
-2.6205 3.4351 13.2585
-2.3707 3.4426 13.2585
-2.3125 3.4809 13.2585
-2.0836 3.4200 13.2585
-1.9967 3.4381 13.2585
-1.9373 3.4714 13.2585
-1.8795 3.5049 13.2585
-3.3794 4.5112 13.2585
-1.6075 3.4704 13.2585
-1.5468 3.4982 13.2585
-1.4852 3.5247 13.2585
-2.1357 4.1070 13.2585
-1.9459 4.1271 13.2585
