-3.0712 4.0025 0.0000
-3.0181 4.0052 0.0000
-2.9140 3.9381 0.0000
-2.8625 3.9399 0.0000
-2.8164 3.9485 0.0000
-2.7652 3.9491 0.0000
-2.7306 3.9731 0.0000
-2.7171 4.0283 0.0000
-2.7039 4.0852 0.0000
-2.6960 4.1514 0.0000
-2.6790 4.2051 0.0000
-2.6639 4.2631 0.0000
-2.6506 4.3254 0.0000
-2.6051 4.3356 0.0000
-2.5539 4.3357 0.0000
-2.4960 4.3232 0.0000
-2.4444 4.3204 0.0000
-2.3954 4.3215 0.0000
-2.3448 4.3185 0.0000
-2.2920 4.3106 0.0000
-2.2459 4.3144 0.0000
-2.1973 4.3125 0.0000
-2.1480 4.3082 0.0000
-2.0928 4.2908 0.0000
-2.0479 4.2936 0.0000
-2.0011 4.2914 0.0000
-1.9544 4.2886 0.0000
-1.9084 4.2864 0.0000
-1.8673 4.2946 0.0000
-1.8204 4.2886 0.0000
-1.7737 4.2822 0.0000
-1.7277 4.2762 0.0000
-1.6863 4.2809 0.0000
-1.6395 4.2711 0.0000
-1.5976 4.2731 0.0000
-1.5524 4.2653 0.0000
-1.5108 4.2664 0.0000
-1.4677 4.2624 0.0000
-1.4279 4.2675 0.0000
-1.3841 4.2598 0.0000
-1.3433 4.2603 0.0000
-1.3028 4.2613 0.0000
-1.2596 4.2524 0.0000
-1.2200 4.2545 0.0000
-1.1793 4.2525 0.0000
-1.1393 4.2520 0.0000
-1.0982 4.2463 0.0000
-1.0596 4.2499 0.0000
-1.0178 4.2395 0.0000
-0.8829 3.8244 0.0000
-0.8497 3.8329 0.0000
-0.8134 3.8265 0.0000
-0.7781 3.8246 0.0000
-0.7424 3.8195 0.0000
-0.7020 3.7875 0.0000
-0.6929 3.9294 0.0000
-0.6442 3.8495 0.0000
-0.4989 3.1497 0.0000
-0.4730 3.1649 0.0000
-0.4669 3.3223 0.0000
-0.5606 4.2583 0.0000
-0.5518 4.4942 0.0000
-0.6408 5.6246 0.0000
-3.0857 4.4976 0.0000
-3.0321 4.5485 0.0000
-2.8750 4.6151 0.0000
-2.7796 4.6351 0.0000
-0.5180 3.1085 0.0000
-2.5237 4.6235 0.0000
-2.4261 4.6366 0.0000
-2.2975 4.6249 0.0000
-2.1974 4.6327 0.0000
-2.0701 4.6175 0.0000
-1.9724 4.6234 0.0000
-1.8744 4.6274 0.0000
-1.7743 4.6281 0.0000
-1.6771 4.6294 0.0000
-1.5756 4.6254 0.0000
-1.4762 4.6213 0.0000
-1.3795 4.6178 0.0000
-1.2795 4.6096 0.0000
-1.2118 4.6291 0.0000
-1.1113 4.6171 0.0000
-0.5920 4.2058 0.0000
-0.5947 4.2826 0.0000
-0.5957 4.3590 0.0000
-0.5971 4.4371 0.0000
-0.6311 4.5498 0.0000
-3.0336 3.1967 0.4548
-3.0144 3.2326 0.4548
-3.0381 3.3155 0.4548
-3.0405 3.3769 0.4548
-3.0348 3.4302 0.4548
-3.0415 3.4988 0.4548
-3.0414 3.5610 0.4548
-3.0468 3.6311 0.4548
-3.0385 3.6861 0.4548
-3.0415 3.7559 0.4548
-3.0348 3.8152 0.4548
-3.0377 3.8880 0.4548
-3.0353 3.9557 0.4548
-3.0307 4.0219 0.4548
-3.0306 4.0957 0.4548
-3.0289 4.1689 0.4548
-3.0284 4.2456 0.4548
-3.0256 4.3210 0.4548
-3.0257 4.4025 0.4548
-3.0297 4.4917 0.4548
-3.0163 4.5572 0.4548
-3.0021 4.6228 0.4548
-2.9482 4.6277 0.4548
-2.8865 4.6193 0.4548
-2.8236 4.6077 0.4548
-2.7585 4.5910 0.4548
-2.6768 4.5442 0.4548
-2.6245 4.5458 0.4548
-2.5537 4.5137 0.4548
-2.5002 4.5104 0.4548
-2.4192 4.4556 0.4548
-2.3084 4.3415 0.4548
-2.2441 4.3109 0.4548
-2.1887 4.2955 0.4548
-2.1293 4.2706 0.4548
-2.0814 4.2675 0.4548
-2.0342 4.2647 0.4548
-1.9850 4.2569 0.4548
-1.9321 4.2395 0.4548
-1.8832 4.2297 0.4548
-1.8458 4.2451 0.4548
-1.7997 4.2398 0.4548
-1.7462 4.2157 0.4548
-1.7041 4.2178 0.4548
-1.6603 4.2148 0.4548
-1.6159 4.2095 0.4548
-1.5717 4.2038 0.4548
-1.5288 4.2004 0.4548
-1.4848 4.1929 0.4548
-1.4416 4.1868 0.4548
-1.4047 4.1982 0.4548
-1.3659 4.2037 0.4548
-1.3249 4.2021 0.4548
-1.2882 4.2135 0.4548
-1.2454 4.2044 0.4548
-1.2100 4.2199 0.4548
-1.1718 4.2255 0.4548
-1.1329 4.2279 0.4548
-1.0934 4.2279 0.4548
-1.0567 4.2383 0.4548
-1.0206 4.2512 0.4548
-0.9817 4.2522 0.4548
-0.9454 4.2645 0.4548
-0.9094 4.2784 0.4548
-0.7129 3.5042 0.4548
-0.6135 3.1559 0.4548
-0.5910 3.1887 0.4548
-0.5432 3.0805 0.4548
-0.5133 3.0673 0.4548
-0.4860 3.0687 0.4548
-0.4588 3.0699 0.4548
-0.4306 3.0639 0.4548
-0.4070 3.0913 0.4548
-0.3864 3.1474 0.4548
-0.6008 5.2729 0.4548
-2.9549 3.3141 0.4548
-2.8219 3.3215 0.4548
-2.7677 3.3668 0.4548
-3.0432 3.5832 0.4548
-3.0455 3.7385 0.4548
-3.1211 3.9384 0.4548
-2.5339 3.6800 0.4548
-2.3577 3.6507 0.4548
-2.2116 3.6362 0.4548
-2.0637 3.6178 0.4548
-1.9149 3.5960 0.4548
-1.7626 3.5693 0.4548
-1.6717 3.5794 0.4548
-1.5477 3.5661 0.4548
-1.4542 3.5710 0.4548
-0.9482 3.2908 0.4548
-0.8496 3.2837 0.4548
-0.5196 3.1097 0.4548
-0.6541 3.2651 0.4548
-3.0843 3.1939 0.9095
-3.0494 3.2134 0.9095
-3.0165 3.2348 0.9095
-3.0064 3.2809 0.9095
-3.0004 3.3323 0.9095
-3.0255 3.4197 0.9095
-3.0389 3.4958 0.9095
-3.0420 3.5617 0.9095
-3.0442 3.6280 0.9095
-3.0443 3.6930 0.9095
-3.0484 3.7645 0.9095
-3.0460 3.8293 0.9095
-3.0352 3.8849 0.9095
-3.0359 3.9565 0.9095
-3.0325 4.0243 0.9095
-3.0366 4.1037 0.9095
-3.0353 4.1778 0.9095
-3.0301 4.2481 0.9095
-3.0256 4.3210 0.9095
-3.0348 4.4157 0.9095
-2.9688 4.4014 0.9095
-2.8646 4.3279 0.9095
-2.7668 4.2604 0.9095
-2.7058 4.2473 0.9095
-2.6496 4.2402 0.9095
-2.5326 4.1327 0.9095
-2.4835 4.1333 0.9095
-2.4128 4.0962 0.9095
-2.3555 4.0798 0.9095
-2.3178 4.0968 0.9095
-2.2621 4.0810 0.9095
-2.2059 4.0628 0.9095
-2.1521 4.0474 0.9095
-2.0954 4.0253 0.9095
-2.0366 3.9971 0.9095
-1.9793 3.9699 0.9095
-1.9319 3.9610 0.9095
-1.8856 3.9533 0.9095
-1.8299 3.9243 0.9095
-1.7956 3.9401 0.9095
-1.7567 3.9456 0.9095
-1.7102 3.9333 0.9095
-1.6680 3.9296 0.9095
-1.6295 3.9339 0.9095
-1.5891 3.9331 0.9095
-1.5507 3.9366 0.9095
-1.5141 3.9444 0.9095
-1.4740 3.9425 0.9095
-1.4368 3.9476 0.9095
-1.3966 3.9440 0.9095
-1.3602 3.9504 0.9095
-1.3222 3.9517 0.9095
-1.2855 3.9564 0.9095
-1.2476 3.9570 0.9095
-1.2104 3.9591 0.9095
-1.1716 3.9551 0.9095
-1.1381 3.9690 0.9095
-1.1018 3.9730 0.9095
-1.0674 3.9835 0.9095
-1.0341 3.9984 0.9095
-1.0008 4.0141 0.9095
-0.9658 4.0227 0.9095
-0.9279 4.0193 0.9095
-0.8924 4.0253 0.9095
-0.7119 3.3492 0.9095
-0.6456 3.1730 0.9095
-0.6119 3.1481 0.9095
-0.5833 3.1474 0.9095
-0.5458 3.0953 0.9095
-0.5186 3.0989 0.9095
-0.4879 3.0806 0.9095
-0.4566 3.0551 0.9095
-0.4305 3.0629 0.9095
-0.4155 3.1558 0.9095
-0.5519 4.4952 0.9095
-0.6215 5.4547 0.9095
-0.6201 5.8995 0.9095
-0.5769 5.9913 0.9095
-3.0566 3.1430 0.9095
-3.1150 3.2432 0.9095
-3.1257 3.3974 0.9095
-3.1232 3.5479 0.9095
-3.1070 3.7719 0.9095
-3.0943 4.0035 0.9095
-3.0843 4.2432 0.9095
-3.0891 4.4998 0.9095
-2.5859 4.2532 0.9095
-2.3239 4.1576 0.9095
-0.5229 2.9986 0.9095
-0.5916 3.1030 0.9095
-0.6873 3.2293 0.9095
-0.6865 3.2887 0.9095
-1.6632 4.0722 0.9095
-0.6499 3.3834 0.9095
-0.6504 3.4456 0.9095
-0.6485 3.5068 0.9095
-0.6490 3.5707 0.9095
-0.6488 3.6350 0.9095
-0.6493 3.7007 0.9095
-0.6506 3.7680 0.9095
-0.6510 3.8356 0.9095
-0.6520 3.9049 0.9095
-0.6537 3.9757 0.9095
-0.7564 4.1386 0.9095
-0.6205 4.0873 0.9095
-0.6213 4.1602 0.9095
-3.0725 3.1816 1.3643
-3.0418 3.2054 1.3643
-3.0110 3.2289 1.3643
-3.0077 3.2824 1.3643
-3.0004 3.3323 1.3643
-3.0375 3.4332 1.3643
-3.0441 3.5019 1.3643
-3.0453 3.5655 1.3643
-3.0455 3.6295 1.3643
-3.0411 3.6891 1.3643
-3.0522 3.7692 1.3643
-3.0497 3.8340 1.3643
-3.0451 3.8975 1.3643
-3.0328 3.9525 1.3643
-3.0295 4.0203 1.3643
-3.0419 4.1109 1.3643
-3.0365 4.1794 1.3643
-3.0179 4.2310 1.3643
-2.9161 4.1646 1.3643
-2.8343 4.1239 1.3643
-2.7400 4.0623 1.3643
-2.6692 4.0327 1.3643
-2.5854 3.9812 1.3643
-2.5194 3.9547 1.3643
-2.4392 3.9036 1.3643
-2.3486 3.8326 1.3643
-2.2868 3.8058 1.3643
-2.2195 3.7679 1.3643
-2.1540 3.7308 1.3643
-2.0958 3.7042 1.3643
-2.0420 3.6839 1.3643
-1.9888 3.6629 1.3643
-1.9234 3.6174 1.3643
-1.8765 3.6048 1.3643
-1.8182 3.5685 1.3643
-1.7843 3.5788 1.3643
-1.7351 3.5574 1.3643
-1.6992 3.5625 1.3643
-1.6550 3.5491 1.3643
-1.6177 3.5498 1.3643
-1.5733 3.5336 1.3643
-1.5380 3.5371 1.3643
-1.5008 3.5357 1.3643
-1.4707 3.5505 1.3643
-1.4374 3.5576 1.3643
-1.4088 3.5765 1.3643
-1.3772 3.5877 1.3643
-1.3497 3.6099 1.3643
-1.3181 3.6216 1.3643
-1.2878 3.6367 1.3643
-1.2599 3.6592 1.3643
-1.2311 3.6795 1.3643
-1.2033 3.7034 1.3643
-1.1734 3.7214 1.3643
-1.1423 3.7363 1.3643
-1.1114 3.7519 1.3643
-1.0794 3.7643 1.3643
-1.0452 3.7688 1.3643
-1.0125 3.7787 1.3643
-0.9780 3.7816 1.3643
-0.9442 3.7871 1.3643
-0.9114 3.7961 1.3643
-0.8796 3.8098 1.3643
-0.8478 3.8242 1.3643
-0.6817 3.2073 1.3643
-0.6438 3.1642 1.3643
-0.6100 3.1383 1.3643
-0.5830 3.1454 1.3643
-0.5479 3.1071 1.3643
-0.5179 3.0950 1.3643
-0.4921 3.1073 1.3643
-0.4684 3.1342 1.3643
-0.4406 3.1352 1.3643
-0.4112 3.1231 1.3643
-0.3824 3.1146 1.3643
-0.6184 5.4279 1.3643
-0.6212 5.9104 1.3643
-3.0575 3.1434 1.3643
-3.1159 3.2436 1.3643
-3.1257 3.3974 1.3643
-3.0991 3.6123 1.3643
-3.1053 3.7710 1.3643
-3.1220 3.9389 1.3643
-3.1193 4.1816 1.3643
-2.7825 4.0582 1.3643
-2.4797 3.9490 1.3643
-2.2341 3.8696 1.3643
-1.9225 3.7422 1.3643
-1.7679 3.7118 1.3643
-1.6764 3.7209 1.3643
-1.5828 3.7270 1.3643
-0.4884 3.0308 1.3643
-0.7166 3.2502 1.3643
-1.3636 3.7806 1.3643
-1.3007 3.8039 1.3643
-0.6499 3.3834 1.3643
-0.6496 3.4450 1.3643
-0.6485 3.5068 1.3643
-0.6490 3.5707 1.3643
-0.6496 3.6356 1.3643
-0.6493 3.7007 1.3643
-0.6506 3.7680 1.3643
-0.6510 3.8356 1.3643
-0.6520 3.9049 1.3643
-3.0732 3.1824 1.8190
-3.0405 3.2040 1.8190
-3.0124 3.2304 1.8190
-3.0091 3.2838 1.8190
-3.0017 3.3337 1.8190
-3.0381 3.4340 1.8190
-3.0487 3.5071 1.8190
-3.0401 3.5595 1.8190
-3.0404 3.6234 1.8190
-3.0443 3.6930 1.8190
-3.0522 3.7692 1.8190
-3.0497 3.8340 1.8190
-3.0408 3.8920 1.8190
-3.0456 3.9691 1.8190
-3.0380 4.0315 1.8190
-3.0336 4.0997 1.8190
-2.9589 4.0726 1.8190
-2.8379 3.9786 1.8190
-2.7503 3.9278 1.8190
-2.6785 3.8973 1.8190
-2.5689 3.8086 1.8190
-2.4699 3.7316 1.8190
-2.3828 3.6692 1.8190
-2.2776 3.5751 1.8190
-2.2008 3.5219 1.8190
-2.1292 3.4745 1.8190
-2.0699 3.4450 1.8190
-2.0027 3.4000 1.8190
-1.9505 3.3784 1.8190
-1.8899 3.3404 1.8190
-1.8476 3.3332 1.8190
-1.8046 3.3237 1.8190
-1.7558 3.3022 1.8190
-1.7071 3.2793 1.8190
-1.6661 3.2700 1.8190
-1.6255 3.2602 1.8190
-1.5922 3.2644 1.8190
-1.5628 3.2764 1.8190
-1.5430 3.3089 1.8190
-1.5178 3.3305 1.8190
-1.4882 3.3427 1.8190
-1.4606 3.3592 1.8190
-1.4355 3.3819 1.8190
-1.4098 3.4036 1.8190
-1.3827 3.4222 1.8190
-1.3553 3.4407 1.8190
-1.3278 3.4589 1.8190
-1.2982 3.4722 1.8190
-1.2730 3.4975 1.8190
-1.2481 3.5245 1.8190
-1.2215 3.5476 1.8190
-1.1969 3.5771 1.8190
-1.1684 3.5959 1.8190
-1.1337 3.5955 1.8190
-1.1011 3.6014 1.8190
-1.0736 3.6243 1.8190
-1.0416 3.6326 1.8190
-1.0067 3.6300 1.8190
-0.9742 3.6357 1.8190
-0.9452 3.6548 1.8190
-0.9142 3.6667 1.8190
-0.8850 3.6863 1.8190
-0.8526 3.6929 1.8190
-0.8199 3.6982 1.8190
-0.6747 3.1741 1.8190
-0.6410 3.1505 1.8190
-0.6100 3.1383 1.8190
-0.5841 3.1513 1.8190
-0.5479 3.1071 1.8190
-0.5199 3.1068 1.8190
-0.4920 3.1063 1.8190
-0.4669 3.1243 1.8190
-0.4410 3.1382 1.8190
-0.4155 3.1558 1.8190
-0.3874 3.1553 1.8190
-0.3607 3.1655 1.8190
-0.5975 5.6847 1.8190
-3.0548 3.1421 1.8190
-3.1150 3.2432 1.8190
-3.0957 3.4580 1.8190
-3.0973 3.6113 1.8190
-3.1035 3.7700 1.8190
-2.8548 3.7877 1.8190
-2.3284 3.6335 1.8190
-1.7882 3.3817 1.8190
-1.6075 3.3382 1.8190
-1.5460 3.3655 1.8190
-1.4843 3.3920 1.8190
-3.0807 4.4944 1.8190
-1.3918 3.4629 1.8190
-1.3282 3.4860 1.8190
-0.6531 3.0880 1.8190
-0.5572 3.0790 1.8190
-0.4862 3.0859 1.8190
-0.4211 3.0959 1.8190
-0.6515 3.3846 1.8190
-0.6504 3.4456 1.8190
-0.6493 3.5074 1.8190
-0.6490 3.5707 1.8190
-0.6496 3.6356 1.8190
-0.6501 3.7013 1.8190
-0.6506 3.7680 1.8190
-3.0739 3.1831 2.2738
-3.0446 3.2083 2.2738
-3.0103 3.2282 2.2738
-3.0071 3.2816 2.2738
-3.0037 3.3360 2.2738
-3.0500 3.4474 2.2738
-3.0428 3.5003 2.2738
-3.0433 3.5633 2.2738
-3.0442 3.6280 2.2738
-3.0519 3.7023 2.2738
-3.0459 3.7614 2.2738
-3.0497 3.8340 2.2738
-3.0451 3.8975 2.2738
-3.0450 3.9684 2.2738
-3.0458 4.0419 2.2738
-3.0074 4.0643 2.2738
-2.8490 3.9213 2.2738
-2.7200 3.8133 2.2738
-2.6327 3.7599 2.2738
-2.5171 3.6624 2.2738
-2.4079 3.5698 2.2738
-2.3369 3.5307 2.2738
-2.2080 3.4000 2.2738
-2.1315 3.3457 2.2738
-2.0439 3.2709 2.2738
-1.9860 3.2409 2.2738
-1.9355 3.2212 2.2738
-1.8738 3.1811 2.2738
-1.8240 3.1593 2.2738
-1.7737 3.1350 2.2738
-1.7482 3.1539 2.2738
-1.7206 3.1690 2.2738
-1.7009 3.1989 2.2738
-1.6715 3.2110 2.2738
-1.6489 3.2361 2.2738
-1.6121 3.2334 2.2738
-1.5895 3.2590 2.2738
-1.5649 3.2809 2.2738
-1.5337 3.2890 2.2738
-1.5082 3.3095 2.2738
-1.4817 3.3280 2.2738
-1.4602 3.3583 2.2738
-1.4281 3.3644 2.2738
-1.4060 3.3943 2.2738
-1.3774 3.4093 2.2738
-1.3498 3.4267 2.2738
-1.3181 3.4337 2.2738
-1.2905 3.4516 2.2738
-1.2597 3.4609 2.2738
-1.2361 3.4906 2.2738
-1.2069 3.5050 2.2738
-1.1762 3.5154 2.2738
-1.1443 3.5218 2.2738
-1.1141 3.5335 2.2738
-1.0812 3.5364 2.2738
-1.0460 3.5313 2.2738
-1.0210 3.5605 2.2738
-0.9917 3.5760 2.2738
-0.9594 3.5807 2.2738
-0.9289 3.5918 2.2738
-0.8970 3.5979 2.2738
-0.8684 3.6172 2.2738
-0.8402 3.6393 2.2738
-0.8097 3.6523 2.2738
-0.6724 3.1633 2.2738
-0.6386 3.1387 2.2738
-0.6075 3.1255 2.2738
-0.5835 3.1484 2.2738
-0.5470 3.1021 2.2738
-0.5194 3.1038 2.2738
-0.4921 3.1073 2.2738
-0.4662 3.1194 2.2738
-0.4396 3.1283 2.2738
-0.4144 3.1478 2.2738
-0.3860 3.1434 2.2738
-0.3584 3.1456 2.2738
-0.6102 5.8060 2.2738
-3.0539 3.1417 2.2738
-3.1141 3.2427 2.2738
-3.1257 3.3974 2.2738
-3.0973 3.6113 2.2738
-2.9119 3.5900 2.2738
-3.1053 3.7710 2.2738
-1.7285 3.1505 2.2738
-2.3755 3.5885 2.2738
-1.6400 3.2279 2.2738
-1.5782 3.2556 2.2738
-1.4857 3.3279 2.2738
-3.1154 4.4311 2.2738
-1.3925 3.3980 2.2738
-1.2967 3.4648 2.2738
-0.6548 3.0892 2.2738
-0.5572 3.0790 2.2738
-0.4903 3.0888 2.2738
-1.0416 3.5467 2.2738
-0.3867 3.1276 2.2738
-0.6515 3.3846 2.2738
-0.6512 3.4462 2.2738
-0.6501 3.5080 2.2738
-0.6490 3.5707 2.2738
-0.6496 3.6356 2.2738
-0.6501 3.7013 2.2738
-3.0590 5.7889 2.2738
-3.0759 3.1852 2.7285
-3.0405 3.2040 2.7285
-3.0124 3.2304 2.7285
-3.0098 3.2846 2.7285
-3.0071 3.3397 2.7285
-3.0428 3.4392 2.7285
-3.0467 3.5049 2.7285
-3.0511 3.5724 2.7285
-3.0571 3.6433 2.7285
-3.0532 3.7038 2.7285
-3.0484 3.7645 2.7285
-3.0509 3.8356 2.7285
-3.0518 3.9062 2.7285
-3.0079 3.9200 2.7285
-2.9290 3.8870 2.7285
-2.8438 3.8432 2.7285
-2.7438 3.7765 2.7285
-2.6451 3.7083 2.7285
-2.5318 3.6157 2.7285
-2.4248 3.5281 2.7285
-2.3335 3.4596 2.7285
-2.2337 3.3747 2.7285
-2.1012 3.2356 2.7285
-2.0235 3.1762 2.7285
-1.9634 3.1420 2.7285
-1.9097 3.1164 2.7285
-1.8737 3.1184 2.7285
-1.8444 3.1312 2.7285
-1.8185 3.1497 2.7285
-1.7914 3.1664 2.7285
-1.7623 3.1792 2.7285
-1.7392 3.2033 2.7285
-1.7126 3.2210 2.7285
-1.6826 3.2323 2.7285
-1.6562 3.2504 2.7285
-1.6273 3.2638 2.7285
-1.6053 3.2914 2.7285
-1.5735 3.2989 2.7285
-1.5459 3.3153 2.7285
-1.5199 3.3350 2.7285
-1.4923 3.3518 2.7285
-1.4666 3.3729 2.7285
-1.4383 3.3884 2.7285
-1.4113 3.4073 2.7285
-1.3853 3.4287 2.7285
-1.3546 3.4388 2.7285
-1.3213 3.4421 2.7285
-1.2905 3.4516 2.7285
-1.2603 3.4628 2.7285
-1.2271 3.4652 2.7285
-1.2010 3.4880 2.7285
-1.1686 3.4927 2.7285
-1.1378 3.5018 2.7285
-1.1102 3.5211 2.7285
-1.0774 3.5240 2.7285
-1.0429 3.5208 2.7285
-1.0171 3.5471 2.7285
-0.9864 3.5568 2.7285
-0.9527 3.5556 2.7285
-0.9252 3.5773 2.7285
-0.8958 3.5930 2.7285
-0.8633 3.5958 2.7285
-0.8348 3.6159 2.7285
-0.8010 3.6133 2.7285
-0.6703 3.1535 2.7285
-0.6384 3.1377 2.7285
-0.6075 3.1255 2.7285
-0.5771 3.1140 2.7285
-0.5454 3.0933 2.7285
-0.5158 3.0821 2.7285
-0.4884 3.0836 2.7285
-0.4626 3.0956 2.7285
-0.4367 3.1075 2.7285
-0.4099 3.1131 2.7285
-0.3840 3.1275 2.7285
-0.3886 3.4109 2.7285
-3.1276 3.1022 2.7285
-3.0539 3.1417 2.7285
-3.1132 3.2423 2.7285
-3.1239 3.3965 2.7285
-2.9597 3.3902 2.7285
-3.0964 3.6109 2.7285
-1.9062 3.0553 2.7285
-1.8503 3.0896 2.7285
-1.7891 3.1202 2.7285
-1.7311 3.1520 2.7285
-1.6391 3.2274 2.7285
-1.5790 3.2561 2.7285
-1.5163 3.2823 2.7285
-1.4228 3.3527 2.7285
-1.3598 3.3768 2.7285
-1.2660 3.4441 2.7285
-0.5864 3.0422 2.7285
-0.5261 3.0572 2.7285
-0.7182 3.2514 2.7285
-0.4211 3.0959 2.7285
-0.9438 3.5398 2.7285
-0.6515 3.3846 2.7285
-0.6512 3.4462 2.7285
-0.6501 3.5080 2.7285
-0.6498 3.5714 2.7285
-0.6496 3.6356 2.7285
-0.6501 3.7013 2.7285
-3.0227 5.8613 2.7285
-3.0676 3.1766 3.1833
-3.0301 3.1931 3.1833
-3.0069 3.2245 3.1833
-3.0084 3.2831 3.1833
-3.0051 3.3375 3.1833
-3.0461 3.4429 3.1833
-3.0500 3.5086 3.1833
-3.0589 3.5815 3.1833
-3.0494 3.6341 3.1833
-3.0468 3.6961 3.1833
-3.0528 3.7699 3.1833
-3.0478 3.8316 3.1833
-2.9724 3.8045 3.1833
-2.8849 3.7597 3.1833
-2.8081 3.7264 3.1833
-2.7350 3.6961 3.1833
-2.6386 3.6317 3.1833
-2.5603 3.5894 3.1833
-2.4859 3.5502 3.1833
-2.4027 3.4959 3.1833
-2.3201 3.4397 3.1833
-2.2447 3.3914 3.1833
-2.0892 3.2171 3.1833
-1.9907 3.1248 3.1833
-1.9453 3.1132 3.1833
-1.9097 3.1164 3.1833
-1.8933 3.1509 3.1833
-1.8708 3.1760 3.1833
-1.8405 3.1878 3.1833
-1.8121 3.2029 3.1833
-1.7856 3.2212 3.1833
-1.7550 3.2323 3.1833
-1.7239 3.2422 3.1833
-1.7025 3.2704 3.1833
-1.6730 3.2834 3.1833
-1.6429 3.2951 3.1833
-1.6062 3.2932 3.1833
-1.5714 3.2944 3.1833
-1.5392 3.3008 3.1833
-1.5128 3.3195 3.1833
-1.4821 3.3290 3.1833
-1.4499 3.3344 3.1833
-1.4199 3.3451 3.1833
-1.3911 3.3583 3.1833
-1.3666 3.3824 3.1833
-1.3337 3.3858 3.1833
-1.3034 3.3954 3.1833
-1.2814 3.4273 3.1833
-1.2525 3.4412 3.1833
-1.2227 3.4529 3.1833
-1.1935 3.4663 3.1833
-1.1658 3.4841 3.1833
-1.1384 3.5037 3.1833
-1.1102 3.5211 3.1833
-1.0821 3.5393 3.1833
-1.0548 3.5611 3.1833
-1.0221 3.5644 3.1833
-0.9923 3.5780 3.1833
-0.9641 3.5981 3.1833
-0.9354 3.6170 3.1833
-0.9014 3.6153 3.1833
-0.8696 3.6221 3.1833
-0.8388 3.6334 3.1833
-0.7727 3.4854 3.1833
-0.6691 3.1477 3.1833
-0.6362 3.1269 3.1833
-0.6073 3.1245 3.1833
-0.5709 3.0805 3.1833
-0.5423 3.0756 3.1833
-0.5158 3.0821 3.1833
-0.4884 3.0836 3.1833
-0.4619 3.0907 3.1833
-0.4334 3.0837 3.1833
-0.4070 3.0913 3.1833
-0.4474 3.6436 3.1833
-0.6087 5.3424 3.1833
-0.6040 5.7463 3.1833
-3.1276 3.1022 3.1833
-3.0520 3.1409 3.1833
-3.1230 3.3961 3.1833
-3.1268 3.5498 3.1833
-1.9354 3.0708 3.1833
-1.8776 3.1044 3.1833
-2.3374 3.4242 3.1833
-1.7886 3.1845 3.1833
-1.7285 3.2150 3.1833
-1.6684 3.2447 3.1833
-3.0988 4.1692 3.1833
-1.5777 3.3200 3.1833
-1.5154 3.3464 3.1833
-1.4540 3.3726 3.1833
-1.3916 3.3975 3.1833
-1.3284 3.4209 3.1833
-1.2660 3.4441 3.1833
-0.5889 3.0439 3.1833
-0.5261 3.0572 3.1833
-0.4545 3.0632 3.1833
-1.0092 3.5232 3.1833
-0.6515 3.3846 3.1833
-0.6504 3.4456 3.1833
-0.6509 3.5087 3.1833
-0.6498 3.5714 3.1833
-0.6496 3.6356 3.1833
-3.0648 3.1737 3.6380
-3.0315 3.1945 3.6380
-3.0144 3.2326 3.6380
-3.0125 3.2875 3.6380
-3.0071 3.3397 3.6380
-3.0547 3.4527 3.6380
-3.0513 3.5102 3.6380
-3.0537 3.5754 3.6380
-3.0558 3.6418 3.6380
-3.0564 3.7077 3.6380
-3.0598 3.7785 3.6380
-2.9750 3.7401 3.6380
-2.8751 3.6800 3.6380
-2.8021 3.6518 3.6380
-2.7298 3.6226 3.6380
-2.6380 3.5651 3.6380
-2.5769 3.5467 3.6380
-2.5075 3.5154 3.6380
-2.4257 3.4642 3.6380
-2.3710 3.4498 3.6380
-2.2983 3.4073 3.6380
-2.2475 3.3956 3.6380
-2.2096 3.4025 3.6380
-2.1621 3.3938 3.6380
-2.1117 3.3795 3.6380
-2.0508 3.3466 3.6380
-1.9479 3.2418 3.6380
-1.8342 3.1139 3.6380
-1.7750 3.0744 3.6380
-1.7319 3.0610 3.6380
-1.7201 3.1032 3.6380
-1.6939 3.1198 3.6380
-1.6666 3.1345 3.6380
-1.6397 3.1498 3.6380
-1.6167 3.1729 3.6380
-1.5920 3.1931 3.6380
-1.5702 3.2195 3.6380
-1.5412 3.2313 3.6380
-1.5142 3.2473 3.6380
-1.4887 3.2668 3.6380
-1.4602 3.2796 3.6380
-1.4295 3.2877 3.6380
-1.4082 3.3175 3.6380
-1.3830 3.3389 3.6380
-1.3523 3.3471 3.6380
-1.3275 3.3700 3.6380
-1.3016 3.3908 3.6380
-1.2751 3.4104 3.6380
-1.2528 3.4421 3.6380
-1.2244 3.4576 3.6380
-1.2010 3.4880 3.6380
-1.1712 3.5003 3.6380
-1.1452 3.5246 3.6380
-1.1123 3.5278 3.6380
-1.0827 3.5412 3.6380
-1.0537 3.5572 3.6380
-1.0254 3.5759 3.6380
-1.0005 3.6078 3.6380
-0.9675 3.6106 3.6380
-0.9379 3.6267 3.6380
-0.9079 3.6415 3.6380
-0.8759 3.6483 3.6380
-0.8433 3.6529 3.6380
-0.7326 3.3048 3.6380
-0.6661 3.1340 3.6380
-0.6348 3.1201 3.6380
-0.6049 3.1118 3.6380
-0.5715 3.0835 3.6380
-0.5402 3.0637 3.6380
-0.5100 3.0476 3.6380
-0.4806 3.0342 3.6380
-0.4542 3.0392 3.6380
-0.4942 3.5164 3.6380
-0.5833 4.4308 3.6380
-0.5862 4.7741 3.6380
-0.6369 5.5898 3.6380
-0.6125 5.8279 3.6380
-3.1276 3.1022 3.6380
-3.0520 3.1409 3.6380
-3.1221 3.3956 3.6380
-3.1241 3.5484 3.6380
-1.9636 3.0858 3.6380
-1.9057 3.1197 3.6380
-1.7593 3.1038 3.6380
-1.7007 3.1348 3.6380
-1.6419 3.1650 3.6380
-1.5796 3.1924 3.6380
-3.0979 4.1687 3.6380
-1.4864 3.2640 3.6380
-1.3924 3.3334 3.6380
-1.2967 3.3999 3.6380
-0.5551 3.0206 3.6380
-0.4900 3.0319 3.6380
-0.7182 3.2514 3.6380
-1.0416 3.5467 3.6380
-3.0322 5.0851 3.6380
-0.6523 3.3852 3.6380
-0.6512 3.4462 3.6380
-0.6501 3.5080 3.6380
-0.6498 3.5714 3.6380
-0.6496 3.6356 3.6380
-0.6501 3.7013 3.6380
-3.0386 5.8749 3.6380
-3.1226 3.1775 4.0928
-3.0690 3.1780 4.0928
-3.0363 3.1996 4.0928
-3.0165 3.2348 4.0928
-3.0131 3.2883 4.0928
-3.0231 3.3575 4.0928
-3.0606 3.4594 4.0928
-3.0579 3.5177 4.0928
-3.0505 3.5716 4.0928
-3.0584 3.6448 4.0928
-3.0602 3.7123 4.0928
-3.0579 3.7762 4.0928
-2.9731 3.7377 4.0928
-2.8868 3.6950 4.0928
-2.8070 3.6582 4.0928
-2.7262 3.6178 4.0928
-2.6470 3.5772 4.0928
-2.5721 3.5403 4.0928
-2.4703 3.4632 4.0928
-2.4125 3.4454 4.0928
-2.3529 3.4234 4.0928
-2.2754 3.3734 4.0928
-2.2398 3.3839 4.0928
-2.1731 3.3463 4.0928
-2.1250 3.3356 4.0928
-2.0635 3.3023 4.0928
-2.0330 3.3176 4.0928
-1.9953 3.3207 4.0928
-1.9495 3.3095 4.0928
-1.9040 3.2978 4.0928
-1.8279 3.2308 4.0928
-1.7511 3.1591 4.0928
-1.7245 3.1760 4.0928
-1.7014 3.1998 4.0928
-1.6798 3.2269 4.0928
-1.6575 3.2531 4.0928
-1.6291 3.2674 4.0928
-1.6106 3.3022 4.0928
-1.5877 3.3287 4.0928
-1.5586 3.3425 4.0928
-1.5323 3.3623 4.0928
-1.5013 3.3719 4.0928
-1.4606 3.3592 4.0928
-1.4227 3.3516 4.0928
-1.3895 3.3546 4.0928
-1.3662 3.3814 4.0928
-1.3396 3.4007 4.0928
-1.3095 3.4113 4.0928
-1.2776 3.4170 4.0928
-1.2494 3.4327 4.0928
-1.2201 3.4454 4.0928
-1.1935 3.4663 4.0928
-1.1626 3.4747 4.0928
-1.1344 3.4913 4.0928
-1.1033 3.4992 4.0928
-1.0695 3.4982 4.0928
-1.0486 3.5400 4.0928
-1.0221 3.5644 4.0928
-0.9915 3.5751 4.0928
-0.9613 3.5874 4.0928
-0.9289 3.5918 4.0928
-0.9009 3.6134 4.0928
-0.8743 3.6415 4.0928
-0.8476 3.6714 4.0928
-0.7158 3.2286 4.0928
-0.6649 3.1281 4.0928
-0.6322 3.1073 4.0928
-0.6058 3.1167 4.0928
-0.5682 3.0658 4.0928
-0.5376 3.0490 4.0928
-0.5092 3.0427 4.0928
-0.4813 3.0391 4.0928
-0.4554 3.0472 4.0928
-0.4306 3.0639 4.0928
-0.4840 3.6763 4.0928
-0.7300 5.9454 4.0928
-3.1011 3.0904 4.0928
-3.0502 3.1401 4.0928
-3.1167 3.3930 4.0928
-3.1197 3.5461 4.0928
-3.1273 3.7046 4.0928
-2.1632 3.2595 4.0928
-1.7322 3.0887 4.0928
-1.9052 3.2505 4.0928
-3.1314 4.1065 4.0928
-1.5790 3.2561 4.0928
-1.4857 3.3279 4.0928
-1.4236 3.3533 4.0928
-1.3287 3.3566 4.0928
-3.1188 4.6059 4.0928
-1.2337 3.4223 4.0928
-0.5237 2.9991 4.0928
-0.7210 3.1937 4.0928
-0.7190 3.2519 4.0928
-1.0101 3.5238 4.0928
-0.6825 3.3465 4.0928
-0.6819 3.4075 4.0928
-0.6509 3.5087 4.0928
-0.6498 3.5714 4.0928
-0.6503 3.6362 4.0928
-0.6501 3.7013 4.0928
-3.0424 5.8782 4.0928
-3.0917 3.1461 4.5475
-3.0676 3.1766 4.5475
-3.0322 3.1953 4.5475
-3.0219 3.2406 4.5475
-3.0152 3.2905 4.5475
-3.0445 3.3813 4.5475
-3.0560 3.4542 4.5475
-3.0585 3.5185 4.5475
-3.0589 3.5815 4.5475
-3.0680 3.6563 4.5475
-3.0621 3.7146 4.5475
-3.0560 3.7738 4.5475
-2.9887 3.7573 4.5475
-2.8893 3.6981 4.5475
-2.8119 3.6645 4.5475
-2.7298 3.6226 4.5475
-2.6428 3.5715 4.5475
-2.5616 3.5257 4.5475
-2.4982 3.5023 4.5475
-2.4285 3.4683 4.5475
-2.3529 3.4234 4.5475
-2.2910 3.3966 4.5475
-2.2221 3.3572 4.5475
-2.1802 3.3572 4.5475
-2.1288 3.3415 4.5475
-2.1048 3.3684 4.5475
-2.0477 3.3415 4.5475
-1.9963 3.3224 4.5475
-1.9505 3.3112 4.5475
-1.9145 3.3160 4.5475
-1.8697 3.3047 4.5475
-1.8069 3.2597 4.5475
-1.7349 3.1954 4.5475
-1.7037 3.2042 4.5475
-1.6854 3.2376 4.5475
-1.6630 3.2638 4.5475
-1.6411 3.2916 4.5475
-1.6132 3.3076 4.5475
-1.5770 3.3062 4.5475
-1.5396 3.3017 4.5475
-1.5174 3.3295 4.5475
-1.4931 3.3536 4.5475
-1.4706 3.3821 4.5475
-1.4434 3.4003 4.5475
-1.4117 3.4082 4.5475
-1.3804 3.4167 4.5475
-1.3425 3.4081 4.5475
-1.3098 3.4122 4.5475
-1.2828 3.4310 4.5475
-1.2573 3.4543 4.5475
-1.2271 3.4652 4.5475
-1.1978 3.4786 4.5475
-1.1661 3.4851 4.5475
-1.1418 3.5142 4.5475
-1.1129 3.5297 4.5475
-1.0824 3.5402 4.5475
-1.0588 3.5745 4.5475
-1.0281 3.5855 4.5475
-0.9992 3.6030 4.5475
-0.9719 3.6271 4.5475
-0.9429 3.6460 4.5475
-0.9094 3.6473 4.5475
-0.8796 3.6639 4.5475
-0.8508 3.6851 4.5475
-0.7036 3.1739 4.5475
-0.6637 3.1222 4.5475
-0.6310 3.1015 4.5475
-0.6058 3.1167 4.5475
-0.5669 3.0589 4.5475
-0.5385 3.0539 4.5475
-0.5113 3.0555 4.5475
-0.4848 3.0608 4.5475
-0.4606 3.0818 4.5475
-0.4341 3.0886 4.5475
-0.4087 3.1042 4.5475
-3.0993 3.0896 4.5475
-3.0502 3.1401 4.5475
-3.1370 3.3279 4.5475
-3.1170 3.5448 4.5475
-3.1238 3.7027 4.5475
-2.0771 3.2127 4.5475
-1.7908 3.1212 4.5475
-1.7294 3.1510 4.5475
-3.1254 4.1029 4.5475
-1.5470 3.3011 4.5475
-1.4857 3.3279 4.5475
-1.4228 3.3527 4.5475
-1.3606 3.3773 4.5475
-1.2976 3.4005 4.5475
-1.2337 3.4223 4.5475
-0.5221 2.9980 4.5475
-0.7210 3.1937 4.5475
-0.7190 3.2519 4.5475
-1.0416 3.5467 4.5475
-0.6825 3.3465 4.5475
-0.6819 3.4075 4.5475
-0.6509 3.5087 4.5475
-0.6498 3.5714 4.5475
-0.6496 3.6356 4.5475
-0.6833 3.7287 4.5475
-3.1008 3.1554 5.0023
-3.0621 3.1708 5.0023
-3.0336 3.1967 5.0023
-3.0199 3.2384 5.0023
-3.0260 3.3023 5.0023
-3.0553 3.3932 5.0023
-3.0620 3.4609 5.0023
-3.0585 3.5185 5.0023
-3.0608 3.5838 5.0023
-3.0667 3.6548 5.0023
-3.0634 3.7161 5.0023
-3.0660 3.7863 5.0023
-3.0416 3.8238 5.0023
-2.9293 3.7494 5.0023
-2.8472 3.7105 5.0023
-2.7659 3.6705 5.0023
-2.6880 3.6326 5.0023
-2.6174 3.6026 5.0023
-2.5342 3.5528 5.0023
-2.4727 3.5314 5.0023
-2.4140 3.5124 5.0023
-2.3397 3.4687 5.0023
-2.2856 3.4531 5.0023
-2.2423 3.4528 5.0023
-2.1992 3.4520 5.0023
-2.1435 3.4304 5.0023
-2.0738 3.3841 5.0023
-2.0318 3.3815 5.0023
-2.0083 3.4095 5.0023
-1.9450 3.3688 5.0023
-1.9008 3.3596 5.0023
-1.8811 3.3935 5.0023
-1.8142 3.3413 5.0023
-1.7211 3.2369 5.0023
-1.6974 3.2607 5.0023
-1.6752 3.2878 5.0023
-1.6527 3.3148 5.0023
-1.6277 3.3372 5.0023
-1.6015 3.3576 5.0023
-1.5785 3.3851 5.0023
-1.5543 3.4105 5.0023
-1.5232 3.4212 5.0023
-1.4909 3.4289 5.0023
-1.4641 3.4491 5.0023
-1.4293 3.4507 5.0023
-1.4003 3.4658 5.0023
-1.3722 3.4835 5.0023
-1.3475 3.5103 5.0023
-1.3175 3.5238 5.0023
-1.2884 3.5398 5.0023
-1.2531 3.5387 5.0023
-1.2225 3.5504 5.0023
-1.1867 3.5467 5.0023
-1.1594 3.5684 5.0023
-1.1270 3.5745 5.0023
-1.0964 3.5861 5.0023
-1.0687 3.6080 5.0023
-1.0397 3.6259 5.0023
-1.0096 3.6406 5.0023
-0.9786 3.6522 5.0023
-0.9504 3.6751 5.0023
-0.9208 3.6929 5.0023
-0.8918 3.7145 5.0023
-0.8607 3.7279 5.0023
-0.6980 3.1486 5.0023
-0.6632 3.1203 5.0023
-0.6302 3.0975 5.0023
-0.6049 3.1118 5.0023
-0.5669 3.0589 5.0023
-0.5395 3.0598 5.0023
-0.5125 3.0624 5.0023
-0.4871 3.0757 5.0023
-0.4626 3.0956 5.0023
-0.4378 3.1154 5.0023
-0.4099 3.1131 5.0023
-3.0984 3.0892 5.0023
-3.0502 3.1401 5.0023
-3.1325 3.3257 5.0023
-3.1405 3.4803 5.0023
-3.1176 3.6994 5.0023
-2.2783 3.3220 5.0023
-2.0786 3.2807 5.0023
-1.7590 3.1678 5.0023
-1.7000 3.1985 5.0023
-3.1211 4.1004 5.0023
-1.5154 3.3464 5.0023
-1.4540 3.3726 5.0023
-1.3916 3.3975 5.0023
-1.3284 3.4209 5.0023
-0.6865 3.0532 5.0023
-0.5617 3.0252 5.0023
-0.7219 3.1942 5.0023
-0.7199 3.2525 5.0023
-0.4211 3.0959 5.0023
-0.6825 3.3465 5.0023
-0.6827 3.4081 5.0023
-0.6813 3.4693 5.0023
-0.6498 3.5714 5.0023
-0.6503 3.6362 5.0023
-0.6506 3.7680 5.0023
-3.0945 3.1490 5.4570
-3.0593 3.1680 5.4570
-3.0343 3.1975 5.4570
-3.0308 3.2501 5.4570
-3.0293 3.3060 5.4570
-3.0686 3.4081 5.4570
-3.0640 3.4632 5.4570
-3.0658 3.5268 5.4570
-3.0660 3.5899 5.4570
-3.0667 3.6548 5.4570
-3.0653 3.7185 5.4570
-3.0679 3.7886 5.4570
-3.0659 3.8543 5.4570
-3.0389 3.8896 5.4570
-2.9458 3.8390 5.4570
-2.8634 3.7999 5.4570
-2.7838 3.7621 5.4570
-2.7103 3.7304 5.4570
-2.6393 3.7002 5.4570
-2.5702 3.6706 5.4570
-2.5024 3.6410 5.4570
-2.4454 3.6254 5.4570
-2.3899 3.6107 5.4570
-2.3376 3.5996 5.4570
-2.2749 3.5709 5.4570
-2.2029 3.5253 5.4570
-2.1480 3.5052 5.4570
-2.1122 3.5152 5.4570
-2.0753 3.5232 5.4570
-2.0310 3.5178 5.4570
-1.9884 3.5145 5.4570
-1.9528 3.5230 5.4570
-1.9062 3.5109 5.4570
-1.8342 3.4497 5.4570
-1.7523 3.3662 5.4570
-1.6975 3.3315 5.4570
-1.6804 3.3703 5.4570
-1.6623 3.4082 5.4570
-1.6385 3.4352 5.4570
-1.6174 3.4684 5.4570
-1.5912 3.4915 5.4570
-1.5639 3.5126 5.4570
-1.5372 3.5353 5.4570
-1.5078 3.5522 5.4570
-1.4806 3.5745 5.4570
-1.4415 3.5678 5.4570
-1.4107 3.5812 5.4570
-1.3815 3.5990 5.4570
-1.3507 3.6127 5.4570
-1.3260 3.6432 5.4570
-1.2945 3.6556 5.4570
-1.2626 3.6667 5.4570
-1.2302 3.6767 5.4570
-1.1965 3.6825 5.4570
-1.1667 3.7004 5.4570
-1.1362 3.7162 5.4570
-1.1000 3.7135 5.4570
-1.0711 3.7355 5.4570
-1.0430 3.7610 5.4570
-1.0109 3.7729 5.4570
-0.9802 3.7903 5.4570
-0.9493 3.8074 5.4570
-0.9172 3.8204 5.4570
-0.8856 3.8361 5.4570
-0.6978 3.1476 5.4570
-0.6599 3.1046 5.4570
-0.6284 3.0887 5.4570
-0.6018 3.0961 5.4570
-0.5693 3.0717 5.4570
-0.5399 3.0618 5.4570
-0.5116 3.0575 5.4570
-0.4874 3.0776 5.4570
-0.4629 3.0976 5.4570
-0.4369 3.1085 5.4570
-0.4105 3.1181 5.4570
-3.0984 3.0892 5.4570
-3.0502 3.1401 5.4570
-3.1531 3.2609 5.4570
-3.1369 3.4786 5.4570
-3.1132 3.6971 5.4570
-2.4581 3.4911 5.4570
-2.1098 3.3662 5.4570
-1.9347 3.3340 5.4570
-1.7287 3.2802 5.4570
-1.6690 3.3101 5.4570
-3.1174 4.3475 5.4570
-1.5459 3.4312 5.4570
-1.4528 3.4372 5.4570
-0.6882 3.0543 5.4570
-0.5575 3.0223 5.4570
-0.7210 3.1937 5.4570
-0.4520 3.0615 5.4570
-1.1387 3.6172 5.4570
-0.6833 3.3471 5.4570
-0.6827 3.4081 5.4570
-0.6821 3.4699 5.4570
-0.9125 3.7131 5.4570
-0.6506 3.5720 5.4570
-0.6496 3.6356 5.4570
-0.6501 3.7013 5.4570
-0.6506 3.7680 5.4570
-0.6510 3.8356 5.4570
-3.0980 3.1526 5.9118
-3.0593 3.1680 5.9118
-3.0343 3.1975 5.9118
-3.0349 3.2545 5.9118
-3.0327 3.3096 5.9118
-3.0660 3.4051 5.9118
-3.0732 3.4737 5.9118
-3.0671 3.5283 5.9118
-3.0660 3.5899 5.9118
-3.0635 3.6510 5.9118
-3.0665 3.7200 5.9118
-3.0705 3.7917 5.9118
-3.0646 3.8528 5.9118
-3.0574 3.9133 5.9118
-3.0602 3.9882 5.9118
-3.0681 4.0714 5.9118
-3.0098 4.0675 5.9118
-2.9166 4.0143 5.9118
-2.8402 3.9818 5.9118
-2.7727 3.9598 5.9118
-2.7069 3.9385 5.9118
-2.6265 3.8940 5.9118
-2.5748 3.8901 5.9118
-2.5249 3.8881 5.9118
-2.4694 3.8762 5.9118
-2.4053 3.8493 5.9118
-2.3596 3.8505 5.9118
-2.3033 3.8333 5.9118
-2.2367 3.7972 5.9118
-2.1745 3.7663 5.9118
-2.0687 3.6564 5.9118
-2.0294 3.6612 5.9118
-1.9917 3.6682 5.9118
-1.9577 3.6819 5.9118
-1.9246 3.6971 5.9118
-1.8809 3.6914 5.9118
-1.8022 3.6146 5.9118
-1.7465 3.5808 5.9118
-1.7134 3.5923 5.9118
-1.6862 3.6162 5.9118
-1.6646 3.6526 5.9118
-1.6351 3.6725 5.9118
-1.6062 3.6939 5.9118
-1.5825 3.7280 5.9118
-1.5411 3.7205 5.9118
-1.4924 3.6939 5.9118
-1.4590 3.7040 5.9118
-1.4302 3.7259 5.9118
-1.3966 3.7354 5.9118
-1.3636 3.7466 5.9118
-1.3302 3.7564 5.9118
-1.3000 3.7755 5.9118
-1.2699 3.7952 5.9118
-1.2345 3.7995 5.9118
-1.2022 3.8130 5.9118
-1.1689 3.8233 5.9118
-1.1355 3.8334 5.9118
-1.1031 3.8470 5.9118
-1.0698 3.8574 5.9118
-1.0379 3.8734 5.9118
-1.0070 3.8939 5.9118
-0.9730 3.9025 5.9118
-0.9399 3.9148 5.9118
-0.9111 3.9462 5.9118
-0.6933 3.1271 5.9118
-0.6595 3.1027 5.9118
-0.6272 3.0828 5.9118
-0.6018 3.0961 5.9118
-0.5660 3.0540 5.9118
-0.5373 3.0470 5.9118
-0.5112 3.0545 5.9118
-0.4851 3.0628 5.9118
-0.4610 3.0847 5.9118
-0.4344 3.0906 5.9118
-0.4170 3.1677 5.9118
-0.6156 5.0134 5.9118
-0.5784 5.0762 5.9118
-0.5899 5.6121 5.9118
-3.0984 3.0892 5.9118
-3.0493 3.1396 5.9118
-3.1467 3.2580 5.9118
-3.1297 3.4750 5.9118
-3.1399 3.6335 5.9118
-3.1228 3.8596 5.9118
-2.6790 3.6883 5.9118
-2.4110 3.6090 5.9118
-2.1457 3.5259 5.9118
-1.7882 3.3817 5.9118
-1.7286 3.4124 5.9118
-3.1106 4.3432 5.9118
-3.1235 4.5221 5.9118
-1.5786 3.5865 5.9118
-0.6227 3.0101 5.9118
-0.5608 3.0246 5.9118
-0.7219 3.1942 5.9118
-0.7182 3.2514 5.9118
-1.2350 3.6872 5.9118
-0.6841 3.3477 5.9118
-0.6827 3.4081 5.9118
-0.6829 3.4705 5.9118
-0.6816 3.5327 5.9118
-0.9793 3.8334 5.9118
-0.6503 3.6362 5.9118
-0.6833 3.7287 5.9118
-0.6510 3.8356 5.9118
-0.6513 3.9042 5.9118
-0.6515 3.9737 5.9118
-3.0924 3.1469 6.3665
-3.0565 3.1651 6.3665
-3.0446 3.2083 6.3665
-3.0451 3.2655 6.3665
-3.0368 3.3141 6.3665
-3.0693 3.4088 6.3665
-3.0805 3.4819 6.3665
-3.0743 3.5366 6.3665
-3.0758 3.6013 6.3665
-3.0712 3.6602 6.3665
-3.0761 3.7316 6.3665
-3.0667 3.7870 6.3665
-3.0665 3.8551 6.3665
-3.0635 3.9211 6.3665
-3.0657 3.9953 6.3665
-3.0632 4.0651 6.3665
-3.0580 4.1326 6.3665
-3.0588 4.2101 6.3665
-3.0365 4.2570 6.3665
-2.9671 4.2375 6.3665
-2.8915 4.2072 6.3665
-2.8077 4.1626 6.3665
-2.7343 4.1311 6.3665
-2.6666 4.1061 6.3665
-2.6032 4.0862 6.3665
-2.5436 4.0706 6.3665
-2.4944 4.0705 6.3665
-2.4351 4.0527 6.3665
-2.3159 3.9316 6.3665
-2.2500 3.8971 6.3665
-2.2154 3.9157 6.3665
-2.1584 3.8938 6.3665
-2.1167 3.8984 6.3665
-2.0722 3.8973 6.3665
-2.0312 3.9020 6.3665
-1.9848 3.8955 6.3665
-1.9414 3.8939 6.3665
-1.8569 3.8073 6.3665
-1.8202 3.8161 6.3665
-1.7894 3.8373 6.3665
-1.7645 3.8719 6.3665
-1.7160 3.8542 6.3665
-1.6592 3.8159 6.3665
-1.6387 3.8606 6.3665
-1.6061 3.8775 6.3665
-1.5775 3.9044 6.3665
-1.5507 3.9366 6.3665
-1.5034 3.9164 6.3665
-1.4702 3.9321 6.3665
-1.4337 3.9392 6.3665
-1.4007 3.9553 6.3665
-1.3654 3.9655 6.3665
-1.3289 3.9716 6.3665
-1.2942 3.9830 6.3665
-1.2600 3.9961 6.3665
-1.2239 4.0031 6.3665
-1.1866 4.0059 6.3665
-1.1522 4.0181 6.3665
-1.1227 4.0482 6.3665
-1.0876 4.0588 6.3665
-1.0493 4.0575 6.3665
-1.0137 4.0655 6.3665
-0.9812 4.0869 6.3665
-0.9452 4.0943 6.3665
-0.6909 3.1163 6.3665
-0.6593 3.1017 6.3665
-0.6284 3.0887 6.3665
-0.5967 3.0695 6.3665
-0.5637 3.0412 6.3665
-0.5345 3.0312 6.3665
-0.5088 3.0407 6.3665
-0.4803 3.0322 6.3665
-0.4548 3.0432 6.3665
-0.4388 3.1223 6.3665
-0.5831 4.4288 6.3665
-0.6132 4.9945 6.3665
-0.6036 5.2977 6.3665
-0.6129 5.8309 6.3665
-0.5774 5.9963 6.3665
-3.0984 3.0892 6.3665
-3.0548 3.1421 6.3665
-3.1413 3.2554 6.3665
-3.1253 3.4728 6.3665
-3.1355 3.6312 6.3665
-3.1185 3.8571 6.3665
-3.1428 4.0315 6.3665
-2.6196 3.8813 6.3665
-2.5028 3.8869 6.3665
-2.0692 3.6925 6.3665
-1.9794 3.7074 6.3665
-1.7632 3.6387 6.3665
-1.7020 3.6682 6.3665
-0.5887 2.9872 6.3665
-0.5213 2.9974 6.3665
-0.7219 3.1942 6.3665
-0.7166 3.2502 6.3665
-1.3951 3.8036 6.3665
-0.6833 3.3471 6.3665
-0.6827 3.4081 6.3665
-0.6821 3.4699 6.3665
-0.6816 3.5327 6.3665
-0.6819 3.5969 6.3665
-0.6501 3.7013 6.3665
-0.9171 3.9917 6.3665
-0.6510 3.8356 6.3665
-0.6513 3.9042 6.3665
-0.6522 3.9744 6.3665
-0.6538 4.0462 6.3665
-0.6544 4.1184 6.3665
-3.1247 3.1247 6.8213
-3.0980 3.1526 6.8213
-3.0627 3.1716 6.8213
-3.0405 3.2040 6.8213
-3.0431 3.2633 6.8213
-3.0496 3.3281 6.8213
-3.0793 3.4200 6.8213
-3.0838 3.4856 6.8213
-3.0756 3.5381 6.8213
-3.0745 3.5998 6.8213
-3.0790 3.6694 6.8213
-3.0735 3.7285 6.8213
-3.0736 3.7956 6.8213
-3.0709 3.8606 6.8213
-3.0758 3.9369 6.8213
-3.0675 3.9977 6.8213
-3.0614 4.0627 6.8213
-3.0639 4.1407 6.8213
-3.0700 4.2255 6.8213
-3.0562 4.2847 6.8213
-3.0572 4.3661 6.8213
-3.0456 4.4313 6.8213
-3.0096 4.4619 6.8213
-2.9429 4.4463 6.8213
-2.8648 4.4114 6.8213
-2.7918 4.3823 6.8213
-2.7259 4.3624 6.8213
-2.6559 4.3340 6.8213
-2.5700 4.2773 6.8213
-2.5199 4.2780 6.8213
-2.4455 4.2357 6.8213
-2.3951 4.2334 6.8213
-2.3339 4.2104 6.8213
-2.2865 4.2113 6.8213
-2.2356 4.2046 6.8213
-2.1799 4.1876 6.8213
-2.1242 4.1690 6.8213
-2.0681 4.1480 6.8213
-2.0248 4.1515 6.8213
-1.9773 4.1456 6.8213
-1.9352 4.1500 6.8213
-1.8914 4.1503 6.8213
-1.8498 4.1548 6.8213
-1.8055 4.1524 6.8213
-1.7575 4.1404 6.8213
-1.7163 4.1436 6.8213
-1.6745 4.1445 6.8213
-1.6357 4.1525 6.8213
-1.5972 4.1610 6.8213
-1.5591 4.1701 6.8213
-1.5234 4.1854 6.8213
-1.4818 4.1844 6.8213
-1.4488 4.2076 6.8213
-1.4091 4.2115 6.8213
-1.3745 4.2303 6.8213
-1.3354 4.2355 6.8213
-1.2981 4.2460 6.8213
-1.2647 4.2696 6.8213
-1.2269 4.2786 6.8213
-1.1903 4.2920 6.8213
-1.1499 4.2916 6.8213
-1.1127 4.3024 6.8213
-1.0722 4.3004 6.8213
-1.0360 4.3154 6.8213
-0.9956 4.3126 6.8213
-0.6898 3.1115 6.8213
-0.6572 3.0919 6.8213
-0.6270 3.0819 6.8213
-0.5993 3.0833 6.8213
-0.5609 3.0265 6.8213
-0.5312 3.0125 6.8213
-0.5062 3.0249 6.8213
-0.4782 3.0194 6.8213
-0.4538 3.0363 6.8213
-0.4800 3.4154 6.8213
-0.6834 5.1912 6.8213
-0.6399 5.2119 6.8213
-0.6089 5.3444 6.8213
-0.5784 5.5027 6.8213
-3.0984 3.0892 6.8213
-3.1631 3.1915 6.8213
-3.0187 3.2715 6.8213
-3.1517 3.4101 6.8213
-3.1292 3.6280 6.8213
-3.1431 3.7915 6.8213
-3.1350 4.0270 6.8213
-3.1389 4.2767 6.8213
-2.4576 4.0120 6.8213
-2.2420 3.9497 6.8213
-2.1189 3.9441 6.8213
-0.5216 2.9419 6.8213
-0.6268 3.0699 6.8213
-0.7219 3.1942 6.8213
-0.6873 3.2892 6.8213
-0.6833 3.3471 6.8213
-0.6827 3.4081 6.8213
-0.6821 3.4699 6.8213
-0.6816 3.5327 6.8213
-1.2790 4.0719 6.8213
-0.6503 3.6362 6.8213
-1.1486 4.1122 6.8213
-0.6506 3.7680 6.8213
-0.6510 3.8356 6.8213
-0.6513 3.9042 6.8213
-0.6522 3.9744 6.8213
-0.6538 4.0462 6.8213
-0.6552 4.1191 6.8213
-0.6564 4.1929 6.8213
-0.6580 4.2685 6.8213
-3.1318 3.1318 7.2760
-3.0742 3.1283 7.2760
-3.0238 3.1313 7.2760
-2.9661 3.1256 7.2760
-2.9115 3.1221 7.2760
-2.8591 3.1202 7.2760
-2.8137 3.1249 7.2760
-2.7625 3.1224 7.2760
-2.7121 3.1200 7.2760
-2.6588 3.1131 7.2760
-2.6142 3.1155 7.2760
-2.5710 3.1189 7.2760
-2.5255 3.1187 7.2760
-2.4776 3.1148 7.2760
-2.4349 3.1166 7.2760
-2.3930 3.1187 7.2760
-2.3441 3.1107 7.2760
-2.3073 3.1182 7.2760
-2.2612 3.1123 7.2760
-2.2183 3.1099 7.2760
-2.1779 3.1103 7.2760
-2.1376 3.1103 7.2760
-2.1020 3.1164 7.2760
-2.0593 3.1112 7.2760
-2.0201 3.1106 7.2760
-1.9767 3.1028 7.2760
-1.9459 3.1140 7.2760
-1.9066 3.1113 7.2760
-1.8660 3.1055 7.2760
-1.8322 3.1105 7.2760
-1.7950 3.1090 7.2760
-1.7584 3.1080 7.2760
-1.7230 3.1084 7.2760
-1.6868 3.1066 7.2760
-1.6577 3.1177 7.2760
-1.6207 3.1134 7.2760
-1.5799 3.1007 7.2760
-1.5528 3.1144 7.2760
-1.5681 3.2150 7.2760
-1.5408 3.2304 7.2760
-1.5033 3.2237 7.2760
-1.4751 3.2367 7.2760
-1.4150 3.1782 7.2760
-1.3805 3.1749 7.2760
-1.3648 3.2153 7.2760
-1.3356 3.2243 7.2760
-1.3209 3.2693 7.2760
-1.2908 3.2769 7.2760
-1.3152 3.4262 7.2760
-1.2096 3.2353 7.2760
-1.1762 3.2316 7.2760
-1.2280 3.6700 7.2760
-1.2515 3.8518 7.2760
-1.4187 4.4996 7.2760
-1.0613 3.4714 7.2760
-1.1855 4.0021 7.2760
-1.4614 5.0966 7.2760
-1.4316 5.1622 7.2760
-1.3922 5.1957 7.2760
-1.2863 5.3578 7.2760
-0.7356 3.1862 7.2760
-0.7088 3.1974 7.2760
-0.6861 3.2279 7.2760
-0.6665 3.2759 7.2760
-0.6760 3.4779 7.2760
-0.6892 3.7187 7.2760
-0.5407 3.0667 7.2760
-0.5136 3.0693 7.2760
-0.5599 3.5349 7.2760
-0.7797 5.2171 7.2760
-0.7369 5.2435 7.2760
-0.6892 5.2348 7.2760
-0.6465 5.2655 7.2760
-0.6217 5.4567 7.2760
-3.0956 3.0879 7.2760
-3.1576 3.1890 7.2760
-3.0316 3.2043 7.2760
-3.1472 3.4079 7.2760
-3.1535 3.5634 7.2760
-3.1308 3.7848 7.2760
-2.7935 4.0650 7.2760
-2.7341 4.1079 7.2760
-2.6912 4.1608 7.2760
-2.5725 4.1643 7.2760
-2.4492 4.1627 7.2760
-0.5580 2.9665 7.2760
-2.1366 4.1076 7.2760
-0.7219 3.1942 7.2760
-1.9166 4.1062 7.2760
-1.7576 4.0669 7.2760
-0.6857 3.3489 7.2760
-0.6835 3.4087 7.2760
-0.6829 3.4705 7.2760
-0.6816 3.5327 7.2760
-1.2798 4.0725 7.2760
-0.6503 3.6362 7.2760
-1.0498 4.0308 7.2760
-0.6506 3.7680 7.2760
-0.6837 3.8636 7.2760
-0.7184 3.9626 7.2760
-2.8604 3.2905 7.7308
-2.9065 3.6540 7.7308
-2.8567 3.6564 7.7308
-2.8437 3.9867 7.7308
-2.7907 4.0605 7.7308
-2.7652 4.1778 7.7308
-2.6845 4.1338 7.7308
-2.6424 4.1478 7.7308
-2.5950 4.1529 7.7308
-2.5555 4.1703 7.7308
-2.5098 4.1770 7.7308
-2.4555 4.1686 7.7308
-2.4070 4.1690 7.7308
-2.3617 4.1742 7.7308
-2.3145 4.1754 7.7308
-2.2651 4.1717 7.7308
-2.2197 4.1746 7.7308
-2.1661 4.1610 7.7308
-2.1220 4.1646 7.7308
-2.0775 4.1668 7.7308
-2.0323 4.1668 7.7308
-1.9842 4.1600 7.7308
-1.9301 4.1391 7.7308
-1.8690 4.1012 7.7308
-1.8242 4.0973 7.7308
-1.7712 4.0736 7.7308
-1.7255 4.0649 7.7308
-1.6911 4.0826 7.7308
-1.6565 4.1000 7.7308
-1.5935 4.0455 7.7308
-1.5697 4.0891 7.7308
-1.5532 4.1541 7.7308
-1.5117 4.1534 7.7308
-1.4718 4.1561 7.7308
-1.4296 4.1518 7.7308
-1.3920 4.1603 7.7308
-1.3507 4.1571 7.7308
-1.3090 4.1515 7.7308
-1.2671 4.1446 7.7308
-1.2281 4.1459 7.7308
-1.1897 4.1488 7.7308
-1.1457 4.1311 7.7308
-0.8704 3.2484 7.7308
-1.0644 4.1156 7.7308
-1.0330 4.1432 7.7308
-0.8635 3.5968 7.7308
-0.9542 4.1333 7.7308
-0.8699 3.9237 7.7308
-0.8443 3.9723 7.7308
-1.0529 5.1750 7.7308
-1.0124 5.2085 7.7308
-0.9680 5.2231 7.7308
-0.9193 5.2136 7.7308
-0.8749 5.2283 7.7308
-0.8274 5.2239 7.7308
-0.7793 5.2141 7.7308
-0.7259 5.1652 7.7308
-0.6799 5.1644 7.7308
-0.6465 5.2655 7.7308
-0.6234 5.4716 7.7308
-2.8879 3.2090 7.7308
-2.8920 3.2834 7.7308
-2.8757 3.5708 7.7308
-1.9635 3.2835 7.7308
-1.8463 3.2830 7.7308
-2.8161 3.9207 7.7308
-1.7282 3.3457 7.7308
-2.7027 4.0883 7.7308
-2.5251 4.0550 7.7308
-2.3704 4.0331 7.7308
-2.3124 4.0722 7.7308
-0.9145 3.2070 7.7308
-2.1357 4.1070 7.7308
-1.9702 4.0684 7.7308
-1.9174 4.1067 7.7308
-1.7932 4.0927 7.7308
-1.6978 4.0977 7.7308
-0.5533 3.3106 7.7308
-2.8575 5.1392 7.7308
-2.7580 5.1549 7.7308
-2.6510 5.1631 7.7308
-0.8816 3.8922 7.7308
-0.9855 4.1214 7.7308
-0.8181 4.0492 7.7308
-2.7858 5.2394 8.1855
-2.7137 5.2130 8.1855
-2.6586 5.2177 8.1855
-2.6022 5.2193 8.1855
-2.5369 5.2013 8.1855
-2.4849 5.2097 8.1855
-2.4254 5.2013 8.1855
-2.2360 4.9065 8.1855
-2.2017 4.9450 8.1855
-2.2689 5.2181 8.1855
-2.2010 5.1852 8.1855
-2.1545 5.2014 8.1855
-2.1442 5.3072 8.1855
-2.2668 5.7546 8.1855
-2.0187 5.2589 8.1855
-1.7628 4.8432 8.1855
-1.7170 4.9867 8.1855
-1.9365 5.7876 8.1855
-1.7493 5.3839 8.1855
-1.5168 4.8105 8.1855
-1.7323 5.6661 8.1855
-1.6450 5.5535 8.1855
-1.4359 5.1776 8.1855
-1.3922 5.1957 8.1855
-1.3490 5.2164 8.1855
-1.3136 5.2687 8.1855
-1.2639 5.2644 8.1855
-1.2046 5.2178 8.1855
-1.1562 5.2154 8.1855
-1.1075 5.2106 8.1855
-1.0606 5.2132 8.1855
-1.0122 5.2075 8.1855
-0.9655 5.2093 8.1855
-0.9167 5.1988 8.1855
-0.8706 5.2027 8.1855
-0.8238 5.2012 8.1855
-0.7804 5.2220 8.1855
-0.7339 5.2217 8.1855
-0.6884 5.2289 8.1855
-0.6465 5.2655 8.1855
-0.6189 5.4319 8.1855
-2.8554 3.1935 8.1855
-2.8965 3.2856 8.1855
-2.8871 3.4276 8.1855
-2.7540 3.4326 8.1855
-2.8792 3.5727 8.1855
-2.8865 3.6522 8.1855
-2.8905 3.8079 8.1855
-1.4582 3.1209 8.1855
-1.4873 3.2646 8.1855
-1.4857 3.3279 8.1855
-1.4852 3.3925 8.1855
-1.4847 3.4579 8.1855
-1.4852 3.5247 8.1855
-1.4857 3.5923 8.1855
-1.4863 3.6607 8.1855
-1.4886 3.7311 8.1855
-1.4916 3.8030 8.1855
-1.4938 3.8753 8.1855
-1.4653 3.9979 8.1855
-1.4728 4.1508 8.1855
-1.4810 4.2325 8.1855
-1.4000 4.4753 8.1855
-1.4512 4.7642 8.1855
-1.4559 4.8528 8.1855
-1.2150 5.1440 8.1855
-1.1476 5.1649 8.1855
-1.0749 5.1792 8.1855
-2.7793 5.2270 8.6403
-2.7202 5.2254 8.6403
-2.6599 5.2204 8.6403
-2.6098 5.2345 8.6403
-2.5465 5.2211 8.6403
-2.4922 5.2251 8.6403
-2.4317 5.2149 8.6403
-2.3766 5.2150 8.6403
-2.3391 5.2538 8.6403
-2.0731 4.7678 8.6403
-2.0959 4.9376 8.6403
-2.1713 5.2421 8.6403
-2.0978 5.1922 8.6403
-2.0388 5.1759 8.6403
-1.8979 4.9442 8.6403
-1.9454 5.2032 8.6403
-1.8948 5.2059 8.6403
-1.8166 5.1299 8.6403
-1.6796 4.8779 8.6403
-1.7087 5.1067 8.6403
-1.5800 4.8628 8.6403
-1.6106 5.1081 8.6403
-1.5817 5.1736 8.6403
-1.5374 5.1901 8.6403
-1.4909 5.1995 8.6403
-1.4484 5.2229 8.6403
-1.3875 5.1783 8.6403
-1.3438 5.1960 8.6403
-1.3083 5.2474 8.6403
-1.2461 5.1905 8.6403
-1.1972 5.1856 8.6403
-1.1506 5.1900 8.6403
-1.1017 5.1832 8.6403
-1.0574 5.1975 8.6403
-1.0069 5.1800 8.6403
-0.9615 5.1877 8.6403
-0.9132 5.1791 8.6403
-0.8670 5.1810 8.6403
-0.8213 5.1854 8.6403
-0.7761 5.1933 8.6403
-0.7300 5.1940 8.6403
-0.6841 5.1962 8.6403
-0.6380 5.1960 8.6403
-0.5896 5.1745 8.6403
-0.5880 5.5942 8.6403
-2.8607 5.1416 8.6403
-2.7596 5.1562 8.6403
-2.1462 4.7616 8.6403
-2.5202 5.1504 8.6403
-2.4163 5.1573 8.6403
-2.0333 4.9283 8.6403
-1.9056 4.9072 8.6403
-2.1841 5.2367 8.6403
-1.6656 4.8709 8.6403
-1.7499 5.0332 8.6403
-1.5106 4.9895 8.6403
-1.4896 5.1467 8.6403
-1.3831 5.1328 8.6403
-1.2872 5.2174 8.6403
-1.1852 5.2037 8.6403
-1.0797 5.1843 8.6403
-1.0036 5.1941 8.6403
-0.9060 5.1794 8.6403
-0.8339 5.1909 8.6403
-0.7659 5.2060 8.6403
-2.6784 3.3075 9.0951
-2.6451 3.3253 9.0951
-2.1421 3.2985 9.0951
-2.1025 3.3002 9.0951
-2.0550 3.2887 9.0951
-2.0189 3.2946 9.0951
-1.9772 3.2907 9.0951
-1.9383 3.2906 9.0951
-1.9040 3.2978 9.0951
-1.8899 3.3404 9.0951
-1.8631 3.3612 9.0951
-1.7898 3.2964 9.0951
-1.7469 3.2854 9.0951
-1.7048 3.2748 9.0951
-1.6730 3.2834 9.0951
-1.6416 3.2925 9.0951
-1.6031 3.2869 9.0951
-1.5666 3.2845 9.0951
-1.5481 3.3198 9.0951
-1.5576 3.4178 9.0951
-1.5391 3.4569 9.0951
-1.5559 3.5784 9.0951
-1.5532 3.6590 9.0951
-1.5541 3.7519 9.0951
-1.5333 3.7950 9.0951
-1.7145 4.3525 9.0951
-1.7438 4.5428 9.0951
-1.7451 4.6674 9.0951
-1.6219 4.4560 9.0951
-1.7819 5.0318 9.0951
-1.1421 3.3169 9.0951
-1.0915 3.2622 9.0951
-1.0568 3.2526 9.0951
-1.0248 3.2503 9.0951
-1.0578 3.4599 9.0951
-1.5320 5.1719 9.0951
-1.4840 5.1754 9.0951
-1.4313 5.1612 9.0951
-1.3849 5.1687 9.0951
-1.3365 5.1680 9.0951
-1.3066 5.2406 9.0951
-1.2454 5.1876 9.0951
-1.1963 5.1817 9.0951
-1.1512 5.1929 9.0951
-1.0999 5.1744 9.0951
-1.0553 5.1867 9.0951
-1.0058 5.1742 9.0951
-0.9607 5.1837 9.0951
-0.9136 5.1811 9.0951
-0.8665 5.1780 9.0951
-0.8211 5.1844 9.0951
-0.7742 5.1805 9.0951
-0.7294 5.1900 9.0951
-0.6832 5.1892 9.0951
-0.6380 5.1960 9.0951
-0.5902 5.1805 9.0951
-0.5793 5.5116 9.0951
-2.9987 5.1533 9.0951
-2.8607 5.1416 9.0951
-2.7241 5.1285 9.0951
-2.6251 5.1426 9.0951
-2.5155 5.1466 9.0951
-2.4109 5.1529 9.0951
-2.2830 5.1378 9.0951
-2.1763 5.1384 9.0951
-2.0731 5.1402 9.0951
-1.8491 5.0333 9.0951
-1.8681 5.1396 9.0951
-1.7552 5.1271 9.0951
-1.5764 5.0509 9.0951
-1.4169 5.0766 9.0951
-1.3127 5.1527 9.0951
-1.2164 5.1454 9.0951
-1.1435 5.1605 9.0951
-1.0411 5.1436 9.0951
-0.9394 5.1253 9.0951
-0.8662 5.1359 9.0951
-0.7957 5.1485 9.0951
-0.7221 5.1566 9.0951
-0.6527 5.1683 9.0951
-2.7821 2.8810 9.5498
-2.7403 2.8877 9.5498
-2.6741 2.8676 9.5498
-2.6213 2.8606 9.5498
-2.5695 2.8537 9.5498
-2.5173 2.8453 9.5498
-2.4766 2.8490 9.5498
-2.4322 2.8477 9.5498
-2.3790 2.8351 9.5498
-2.3389 2.8373 9.5498
-2.2976 2.8374 9.5498
-2.2579 2.8385 9.5498
-2.2133 2.8329 9.5498
-2.1733 2.8323 9.5498
-2.1376 2.8368 9.5498
-2.0979 2.8352 9.5498
-2.0590 2.8340 9.5498
-2.0197 2.8315 9.5498
-1.9806 2.8285 9.5498
-1.9490 2.8358 9.5498
-1.9029 2.8212 9.5498
-1.8667 2.8202 9.5498
-1.8284 2.8154 9.5498
-1.7967 2.8203 9.5498
-1.7583 2.8138 9.5498
-1.7274 2.8188 9.5498
-1.6955 2.8218 9.5498
-1.6581 2.8149 9.5498
-1.6275 2.8189 9.5498
-1.5910 2.8121 9.5498
-1.5606 2.8154 9.5498
-1.5302 2.8184 9.5498
-1.4971 2.8157 9.5498
-1.4637 2.8118 9.5498
-1.4332 2.8129 9.5498
-1.4091 2.8262 9.5498
-1.3734 2.8159 9.5498
-1.3471 2.8242 9.5498
-1.3139 2.8177 9.5498
-1.2897 2.8300 9.5498
-1.2601 2.8302 9.5498
-1.2301 2.8291 9.5498
-1.2015 2.8306 9.5498
-1.1764 2.8400 9.5498
-1.1426 2.8279 9.5498
-1.1178 2.8378 9.5498
-1.0891 2.8372 9.5498
-1.0611 2.8381 9.5498
-1.0370 2.8491 9.5498
-1.0098 2.8515 9.5498
-0.9809 2.8488 9.5498
-0.9551 2.8545 9.5498
-0.9320 2.8684 9.5498
-0.9166 2.9069 9.5498
-0.8990 2.9406 9.5498
-0.8844 2.9858 9.5498
-0.8699 3.0337 9.5498
-0.8557 3.0855 9.5498
-0.8378 3.1267 9.5498
-0.8217 3.1775 9.5498
-0.8092 3.2456 9.5498
-0.7996 3.3304 9.5498
-0.7871 3.4093 9.5498
-0.7759 3.5000 9.5498
-0.7637 3.5927 9.5498
-0.7526 3.6992 9.5498
-0.7434 3.8244 9.5498
-0.7320 3.9497 9.5498
-0.7302 4.1411 9.5498
-0.7260 4.3387 9.5498
-0.7288 4.6016 9.5498
-0.7090 4.7443 9.5498
-0.6675 4.7493 9.5498
-0.6268 4.7609 9.5498
-0.5951 4.8466 9.5498
-0.5801 5.0911 9.5498
-2.8042 2.8203 9.5498
-2.5565 2.7813 9.5498
-2.5064 2.8256 9.5498
-2.8910 3.0675 9.5498
-2.9265 3.1553 9.5498
-2.9357 3.2318 9.5498
-2.9477 3.3106 9.5498
-2.0782 2.9507 9.5498
-1.8544 2.9015 9.5498
-1.5938 2.8287 9.5498
-1.4762 2.8267 9.5498
-1.2290 2.7523 9.5498
-1.1654 2.7746 9.5498
-1.1062 2.7984 9.5498
-1.0028 2.7960 9.5498
-2.9936 4.0253 9.5498
-2.9990 4.1910 9.5498
-2.9457 4.5770 9.5498
-3.0258 4.7187 9.5498
-2.9500 4.7544 9.5498
-2.7891 2.8881 10.0046
-2.7555 2.9037 10.0046
-2.6891 2.8837 10.0046
-2.6382 2.8791 10.0046
-2.5828 2.8685 10.0046
-2.5418 2.8730 10.0046
-2.4937 2.8687 10.0046
-2.4445 2.8622 10.0046
-2.4027 2.8635 10.0046
-2.3548 2.8566 10.0046
-2.3216 2.8669 10.0046
-2.2828 2.8698 10.0046
-2.2422 2.8699 10.0046
-2.2019 2.8696 10.0046
-2.1677 2.8767 10.0046
-2.1283 2.8762 10.0046
-2.0884 2.8744 10.0046
-2.0493 2.8730 10.0046
-2.0087 2.8687 10.0046
-1.9688 2.8647 10.0046
-1.9337 2.8668 10.0046
-1.8970 2.8661 10.0046
-1.8643 2.8708 10.0046
-1.8274 2.8684 10.0046
-1.7874 2.8605 10.0046
-1.7525 2.8598 10.0046
-1.7218 2.8655 10.0046
-1.6840 2.8589 10.0046
-1.6520 2.8613 10.0046
-1.6147 2.8539 10.0046
-1.5839 2.8574 10.0046
-1.5532 2.8605 10.0046
-1.5164 2.8519 10.0046
-1.4859 2.8544 10.0046
-1.4541 2.8539 10.0046
-1.4140 2.8360 10.0046
-1.3844 2.8384 10.0046
-1.3492 2.8287 10.0046
-1.3241 2.8395 10.0046
-1.2947 2.8409 10.0046
-1.2654 2.8420 10.0046
-1.2357 2.8420 10.0046
-1.2085 2.8471 10.0046
-1.1817 2.8529 10.0046
-1.1515 2.8502 10.0046
-1.1230 2.8508 10.0046
-1.0977 2.8596 10.0046
-1.0692 2.8597 10.0046
-1.0384 2.8529 10.0046
-1.0141 2.8637 10.0046
-0.9832 2.8555 10.0046
-0.9589 2.8658 10.0046
-0.9342 2.8750 10.0046
-0.9147 2.9012 10.0046
-0.8996 2.9425 10.0046
-0.8822 2.9781 10.0046
-0.8674 3.0251 10.0046
-0.8533 3.0769 10.0046
-0.8383 3.1286 10.0046
-0.8222 3.1794 10.0046
-0.8066 3.2350 10.0046
-0.7944 3.3090 10.0046
-0.7851 3.4006 10.0046
-0.8092 4.1631 10.0046
-0.7444 4.0166 10.0046
-0.7269 4.1224 10.0046
-0.7267 4.3426 10.0046
-0.7280 4.5967 10.0046
-0.7090 4.7443 10.0046
-0.6679 4.7523 10.0046
-0.6276 4.7669 10.0046
-0.5940 4.8377 10.0046
-0.6157 5.4040 10.0046
-0.6012 5.7205 10.0046
-2.8033 2.8199 10.0046
-2.5813 2.7920 10.0046
-2.4041 2.7800 10.0046
-2.2203 2.7619 10.0046
-2.0854 2.7631 10.0046
-1.9474 2.7604 10.0046
-1.8341 2.7674 10.0046
-1.6880 2.7562 10.0046
-1.5693 2.7562 10.0046
-1.4776 2.7682 10.0046
-1.3870 2.7793 10.0046
-1.2607 2.7694 10.0046
-1.1978 2.7925 10.0046
-1.1027 2.7965 10.0046
-0.9993 2.7940 10.0046
-2.9910 4.0238 10.0046
-2.9948 4.1883 10.0046
-2.9770 4.5121 10.0046
-2.9895 4.6938 10.0046
-3.0679 4.8370 10.0046
-3.0933 5.1303 10.0046
-2.7761 2.9254 10.4593
-2.7294 2.9269 10.4593
-2.6672 2.9108 10.4593
-2.6130 2.9020 10.4593
-2.5650 2.8992 10.4593
-2.5173 2.8958 10.4593
-2.4718 2.8941 10.4593
-2.4188 2.8826 10.4593
-2.3777 2.8843 10.4593
-2.3379 2.8871 10.4593
-2.3083 2.9019 10.4593
-2.2502 2.8802 10.4593
-2.1928 2.8577 10.4593
-2.1605 2.8671 10.4593
-2.1164 2.8601 10.4593
-2.0766 2.8583 10.4593
-2.0348 2.8527 10.4593
-2.0024 2.8597 10.4593
-1.9660 2.8605 10.4593
-1.9264 2.8560 10.4593
-1.8843 2.8469 10.4593
-1.8545 2.8557 10.4593
-1.8236 2.8625 10.4593
-1.7869 2.8596 10.4593
-1.7514 2.8580 10.4593
-1.7140 2.8527 10.4593
-1.6871 2.8641 10.4593
-1.6460 2.8510 10.4593
-1.6142 2.8530 10.4593
-1.5771 2.8451 10.4593
-1.5493 2.8535 10.4593
-1.5155 2.8502 10.4593
-1.4882 2.8588 10.4593
-1.4727 2.8904 10.4593
-1.4363 2.8808 10.4593
-1.3953 2.8609 10.4593
-1.3647 2.8612 10.4593
-1.3351 2.8630 10.4593
-1.3100 2.8746 10.4593
-1.2751 2.8640 10.4593
-1.2481 2.8704 10.4593
-1.2230 2.8812 10.4593
-1.1955 2.8862 10.4593
-1.1609 2.8733 10.4593
-1.1362 2.8843 10.4593
-1.1059 2.8810 10.4593
-1.0776 2.8821 10.4593
-1.0517 2.8896 10.4593
-1.0248 2.8939 10.4593
-0.9998 2.9037 10.4593
-0.9694 2.8971 10.4593
-0.9431 2.9026 10.4593
-0.9211 2.9212 10.4593
-0.9052 2.9607 10.4593
-0.8870 2.9944 10.4593
-0.8702 3.0347 10.4593
-0.8546 3.0817 10.4593
-0.8417 3.1412 10.4593
-0.8230 3.1823 10.4593
-0.8095 3.2466 10.4593
-0.7981 3.3245 10.4593
-0.7754 3.3587 10.4593
-0.7491 3.3790 10.4593
-0.7221 3.3971 10.4593
-0.6934 3.4082 10.4593
-0.6627 3.4092 10.4593
-0.6358 3.4306 10.4593
-0.6097 3.4577 10.4593
-0.6547 3.9126 10.4593
-0.7291 4.6036 10.4593
-0.7225 4.8343 10.4593
-0.6819 4.8523 10.4593
-0.6415 4.8730 10.4593
-0.6044 4.9220 10.4593
-0.5890 5.1696 10.4593
-2.6069 2.8032 10.4593
-2.4552 2.8028 10.4593
-2.3523 2.8220 10.4593
-2.1389 2.7880 10.4593
-2.0024 2.7867 10.4593
-1.8602 2.7801 10.4593
-1.7166 2.7704 10.4593
-1.5978 2.7707 10.4593
-1.5424 2.8019 10.4593
-1.4162 2.7948 10.4593
-1.2897 2.7852 10.4593
-1.2284 2.8095 10.4593
-1.1315 2.8127 10.4593
-1.0704 2.8350 10.4593
-1.0015 2.8519 10.4593
-0.9319 2.8672 10.4593
-3.0016 4.1925 10.4593
-3.0075 4.3623 10.4593
-2.9829 4.6893 10.4593
-3.0712 4.8393 10.4593
-3.0235 5.4595 10.4593
-3.0517 5.5808 10.4593
-2.7652 3.0177 10.9141
-2.7133 3.0135 10.9141
-2.6598 3.0063 10.9141
-2.6072 2.9992 10.9141
-2.5595 2.9968 10.9141
-2.5114 2.9929 10.9141
-2.4623 2.9870 10.9141
-2.4128 2.9796 10.9141
-2.3712 2.9810 10.9141
-2.3235 2.9740 10.9141
-2.2798 2.9711 10.9141
-2.2388 2.9709 10.9141
-2.1985 2.9711 10.9141
-2.1583 2.9707 10.9141
-2.1114 2.9601 10.9141
-2.0786 2.9686 10.9141
-2.0379 2.9652 10.9141
-1.9986 2.9630 10.9141
-1.9588 2.9595 10.9141
-1.9258 2.9655 10.9141
-1.8918 2.9696 10.9141
-1.8547 2.9682 10.9141
-1.8152 2.9621 10.9141
-1.7831 2.9675 10.9141
-1.7505 2.9718 10.9141
-1.7105 2.9627 10.9141
-1.6797 2.9688 10.9141
-1.6411 2.9606 10.9141
-1.6152 2.9748 10.9141
-1.5737 2.9596 10.9141
-1.5418 2.9617 10.9141
-1.5104 2.9644 10.9141
-1.4845 2.9774 10.9141
-1.4475 2.9678 10.9141
-1.4160 2.9686 10.9141
-1.3904 2.9818 10.9141
-1.3598 2.9838 10.9141
-1.3227 2.9708 10.9141
-1.2975 2.9841 10.9141
-1.2668 2.9843 10.9141
-1.2399 2.9934 10.9141
-1.2089 2.9920 10.9141
-1.1798 2.9950 10.9141
-1.1525 3.0024 10.9141
-1.1252 3.0095 10.9141
-1.0951 3.0089 10.9141
-1.0668 3.0127 10.9141
-1.0389 3.0171 10.9141
-1.0122 3.0252 10.9141
-0.9848 3.0310 10.9141
-0.9590 3.0414 10.9141
-0.9324 3.0497 10.9141
-0.9088 3.0682 10.9141
-0.8873 3.0943 10.9141
-0.8675 3.1279 10.9141
-0.8492 3.1692 10.9141
-0.8323 3.2181 10.9141
-0.8196 3.2874 10.9141
-0.8024 3.3420 10.9141
-0.7779 3.3694 10.9141
-0.7519 3.3917 10.9141
-0.7248 3.4098 10.9141
-0.6980 3.4307 10.9141
-0.6676 3.4347 10.9141
-0.6375 3.4394 10.9141
-0.6055 3.4340 10.9141
-0.5773 3.4500 10.9141
-0.5528 3.4905 10.9141
-0.5280 3.5328 10.9141
-0.4970 3.5362 10.9141
-0.4732 3.5940 10.9141
-0.4519 3.6804 10.9141
-0.4330 3.8004 10.9141
-0.4122 3.9214 10.9141
-2.7326 2.8578 10.9141
-2.5566 2.8480 10.9141
-2.3769 2.8332 10.9141
-2.2187 2.8252 10.9141
-2.1107 2.8384 10.9141
-1.9716 2.8345 10.9141
-1.8026 2.8133 10.9141
-1.7136 2.8297 10.9141
-1.5947 2.8291 10.9141
-1.5045 2.8417 10.9141
-1.3494 2.8176 10.9141
-1.2879 2.8424 10.9141
-1.1915 2.8467 10.9141
-1.0929 2.8480 10.9141
-1.0273 2.8671 10.9141
-0.9619 2.8852 10.9141
-2.9690 4.2547 10.9141
-2.9918 4.4366 10.9141
-2.9587 4.8495 10.9141
-3.0253 4.9879 10.9141
-2.9510 5.0251 10.9141
-3.0487 5.2859 10.9141
-3.0696 5.5953 10.9141
-2.4237 4.2839 11.3688
-2.3736 4.2821 11.3688
-2.3056 4.2464 11.3688
-2.4572 4.6213 11.3688
-2.4570 4.7198 11.3688
-2.3748 4.6609 11.3688
-2.2671 4.5472 11.3688
-2.2107 4.5326 11.3688
-2.1685 4.5463 11.3688
-2.0983 4.4998 11.3688
-2.0461 4.4897 11.3688
-1.9938 4.4782 11.3688
-1.9335 4.4468 11.3688
-1.8673 4.3991 11.3688
-1.8774 4.5326 11.3688
-1.9446 4.8130 11.3688
-1.8175 4.6139 11.3688
-1.7754 4.6250 11.3688
-1.7784 4.7564 11.3688
-1.7460 4.7971 11.3688
-1.7538 4.9526 11.3688
-1.7017 4.9422 11.3688
-1.6351 4.8867 11.3688
-1.6288 5.0130 11.3688
-1.6100 5.1062 11.3688
-1.5607 5.1048 11.3688
-1.5394 5.1968 11.3688
-1.4752 5.1447 11.3688
-0.9498 3.4247 11.3688
-0.9185 3.4281 11.3688
-0.8919 3.4485 11.3688
-0.8668 3.4766 11.3688
-0.8404 3.5005 11.3688
-0.8130 3.5214 11.3688
-0.7987 3.6025 11.3688
-1.1433 5.3788 11.3688
-1.0987 5.4004 11.3688
-1.0630 5.4686 11.3688
-1.0535 5.6842 11.3688
-1.0511 5.9610 11.3688
-2.7284 3.2036 11.3688
-2.6268 3.2242 11.3688
-2.4362 3.1979 11.3688
-2.2724 3.1819 11.3688
-2.1331 3.1760 11.3688
-2.0200 3.1817 11.3688
-1.9334 3.2002 11.3688
-1.8469 3.2175 11.3688
-1.7277 3.2145 11.3688
-1.6107 3.2107 11.3688
-1.4847 3.2630 11.3688
-1.4238 3.2892 11.3688
-1.1436 3.1749 11.3688
-1.0478 3.1742 11.3688
-0.9832 3.1924 11.3688
-2.9630 4.9427 11.3688
-2.9716 5.1329 11.3688
-2.9525 5.6996 11.3688
