-2.8841 4.1965 0.0000
-2.8776 4.2662 0.0000
-2.8800 4.3512 0.0000
-2.8888 4.4483 0.0000
-2.8579 4.4860 0.0000
-2.8144 4.5040 0.0000
-2.7431 4.4764 0.0000
-2.6885 4.4744 0.0000
-2.6143 4.4383 0.0000
-2.5650 4.4427 0.0000
-2.5173 4.4493 0.0000
-2.4638 4.4448 0.0000
-2.4144 4.4468 0.0000
-2.3582 4.4350 0.0000
-2.3074 4.4324 0.0000
-2.2572 4.4301 0.0000
-2.2073 4.4272 0.0000
-2.1651 4.4391 0.0000
-2.1160 4.4362 0.0000
-2.0028 4.2950 0.0000
-1.8649 4.0921 0.0000
-1.8230 4.0945 0.0000
-1.7804 4.0947 0.0000
-1.7368 4.0916 0.0000
-1.6922 4.0854 0.0000
-1.6513 4.0870 0.0000
-1.6111 4.0901 0.0000
-1.5682 4.0853 0.0000
-1.5273 4.0848 0.0000
-1.4827 4.0736 0.0000
-1.4387 4.0628 0.0000
-1.3977 4.0591 0.0000
-1.4184 4.2390 0.0000
-1.4088 4.3359 0.0000
-1.3724 4.3528 0.0000
-1.3391 4.3799 0.0000
-1.2934 4.3665 0.0000
-1.2517 4.3651 0.0000
-1.2101 4.3633 0.0000
-1.1657 4.3505 0.0000
-1.1252 4.3509 0.0000
-1.0809 4.3353 0.0000
-1.0400 4.3319 0.0000
-1.0022 4.3408 0.0000
-0.9586 4.3240 0.0000
-0.9196 4.3263 0.0000
-0.8798 4.3244 0.0000
-0.8401 4.3221 0.0000
-0.7982 4.3067 0.0000
-0.7597 4.3085 0.0000
-0.7201 4.3032 0.0000
-0.4436 2.8011 0.0000
-0.3924 2.6258 0.0000
-0.3702 2.6341 0.0000
-0.3713 2.8207 0.0000
-0.3415 2.7811 0.0000
-0.4844 4.2515 0.0000
-0.4468 4.2506 0.0000
-0.3924 4.0752 0.0000
-0.4262 4.8714 0.0000
-0.4027 2.6000 0.0000
-2.9053 4.4646 0.0000
-2.8321 4.5004 0.0000
-2.7588 4.5352 0.0000
-2.6370 4.5353 0.0000
-2.5052 4.5260 0.0000
-2.3781 4.5177 0.0000
-2.2814 4.5296 0.0000
-2.1538 4.5166 0.0000
-2.0570 4.5249 0.0000
-1.9590 4.5307 0.0000
-1.8316 4.5114 0.0000
-1.7321 4.5122 0.0000
-1.6354 4.5136 0.0000
-1.5369 4.5117 0.0000
-1.4380 4.5078 0.0000
-1.3698 4.5288 0.0000
-1.2709 4.5217 0.0000
-1.1718 4.5126 0.0000
-1.1020 4.5285 0.0000
-1.0045 4.5176 0.0000
-0.9351 4.5314 0.0000
-0.8379 4.5174 0.0000
-0.7683 4.5286 0.0000
-0.6685 4.5085 0.0000
-0.4257 4.3408 0.0000
-0.2602 4.4745 0.0000
-2.9158 2.9671 0.4192
-2.9037 3.0068 0.4192
-2.8642 3.0183 0.4192
-2.8412 3.0468 0.4192
-2.7922 3.0472 0.4192
-2.7388 3.0417 0.4192
-2.6916 3.0423 0.4192
-2.6426 3.0400 0.4192
-2.5958 3.0393 0.4192
-2.5512 3.0404 0.4192
-2.5042 3.0379 0.4192
-2.4550 3.0316 0.4192
-2.4079 3.0271 0.4192
-2.3654 3.0275 0.4192
-2.3206 3.0243 0.4192
-2.2719 3.0148 0.4192
-2.2336 3.0185 0.4192
-2.1936 3.0193 0.4192
-2.1405 3.0008 0.4192
-2.0987 2.9973 0.4192
-2.0589 2.9957 0.4192
-2.0187 2.9928 0.4192
-1.9754 2.9845 0.4192
-1.9395 2.9865 0.4192
-1.8977 2.9789 0.4192
-1.8579 2.9733 0.4192
-1.8214 2.9723 0.4192
-1.7795 2.9615 0.4192
-1.7439 2.9606 0.4192
-1.7090 2.9601 0.4192
-1.6737 2.9583 0.4192
-1.6338 2.9475 0.4192
-1.6013 2.9493 0.4192
-1.5671 2.9473 0.4192
-1.5330 2.9449 0.4192
-1.5000 2.9439 0.4192
-1.4675 2.9434 0.4192
-1.4357 2.9436 0.4192
-1.4060 2.9478 0.4192
-1.3697 2.9373 0.4192
-1.3382 2.9364 0.4192
-1.3085 2.9389 0.4192
-1.2744 2.9309 0.4192
-1.2449 2.9327 0.4192
-1.2139 2.9305 0.4192
-1.1834 2.9290 0.4192
-1.1515 2.9234 0.4192
-1.1210 2.9202 0.4192
-1.0951 2.9290 0.4192
-1.0644 2.9243 0.4192
-1.0351 2.9231 0.4192
-1.0031 2.9131 0.4192
-0.9754 2.9151 0.4192
-0.9474 2.9159 0.4192
-0.9214 2.9222 0.4192
-0.8906 2.9129 0.4192
-0.8626 2.9119 0.4192
-0.8385 2.9242 0.4192
-0.8087 2.9159 0.4192
-0.7822 2.9190 0.4192
-0.7569 2.9267 0.4192
-0.7294 2.9254 0.4192
-0.7015 2.9220 0.4192
-0.6735 2.9173 0.4192
-0.6478 2.9221 0.4192
-0.6194 2.9139 0.4192
-0.5925 2.9123 0.4192
-0.5646 2.9046 0.4192
-0.5400 2.9134 0.4192
-0.5142 2.9160 0.4192
-0.4399 2.6285 0.4192
-0.4108 2.5937 0.4192
-0.3876 2.5932 0.4192
-0.3657 2.6024 0.4192
-0.3420 2.5976 0.4192
-0.3204 2.6094 0.4192
-0.3028 2.6578 0.4192
-0.3879 3.6907 0.4192
-0.3911 4.0612 0.4192
-0.3770 4.3095 0.4192
-2.9288 2.9432 0.4192
-2.7705 3.5892 0.4192
-2.6610 3.6036 0.4192
-2.9192 3.8242 0.4192
-2.8743 3.8765 0.4192
-2.9212 3.9827 0.4192
-0.3987 2.5469 0.4192
-0.4718 2.6423 0.4192
-0.4698 2.6930 0.4192
-1.6690 3.5096 0.4192
-1.5778 3.5184 0.4192
-1.4852 3.5247 0.4192
-1.4227 3.5498 0.4192
-0.7156 3.3098 0.4192
-0.6166 3.2977 0.4192
-0.5509 3.3088 0.4192
-0.7154 3.4955 0.4192
-0.7155 3.5591 0.4192
-0.7156 3.6237 0.4192
-2.7991 5.4728 0.4192
-2.8790 2.7321 0.8385
-2.8860 2.7870 0.8385
-2.8887 2.8387 0.8385
-2.8907 2.8907 0.8385
-2.8779 2.9286 0.8385
-2.8675 2.9694 0.8385
-2.8388 2.9914 0.8385
-2.8317 3.0366 0.8385
-2.8422 3.1017 0.8385
-2.8431 3.1576 0.8385
-2.8864 3.2625 0.8385
-2.8749 3.3071 0.8385
-2.8673 3.3572 0.8385
-2.8636 3.4127 0.8385
-2.8674 3.4785 0.8385
-2.8703 3.5446 0.8385
-2.8654 3.6023 0.8385
-2.8702 3.6737 0.8385
-2.8673 3.7367 0.8385
-2.8610 3.7967 0.8385
-2.8563 3.8601 0.8385
-2.8525 3.9262 0.8385
-2.8559 4.0038 0.8385
-2.8512 4.0720 0.8385
-2.8507 4.1478 0.8385
-2.8558 4.2339 0.8385
-2.8513 4.3079 0.8385
-2.8577 4.4005 0.8385
-2.8552 4.4818 0.8385
-2.8250 4.5209 0.8385
-2.7964 4.5633 0.8385
-2.7585 4.5910 0.8385
-2.7092 4.5994 0.8385
-2.6570 4.6021 0.8385
-2.6074 4.6085 0.8385
-2.5486 4.5979 0.8385
-2.4922 4.5901 0.8385
-2.4408 4.5904 0.8385
-2.3923 4.5956 0.8385
-2.3417 4.5958 0.8385
-2.2859 4.5847 0.8385
-2.2348 4.5821 0.8385
-2.1844 4.5797 0.8385
-2.1368 4.5823 0.8385
-2.0867 4.5789 0.8385
-2.0426 4.5878 0.8385
-1.9933 4.5844 0.8385
-1.9466 4.5860 0.8385
-1.8977 4.5815 0.8385
-1.8528 4.5859 0.8385
-1.8072 4.5879 0.8385
-1.7596 4.5839 0.8385
-1.7118 4.5785 0.8385
-1.6656 4.5763 0.8385
-1.6203 4.5756 0.8385
-1.5780 4.5829 0.8385
-1.5272 4.5643 0.8385
-1.4854 4.5717 0.8385
-1.4434 4.5778 0.8385
-1.4002 4.5797 0.8385
-1.3570 4.5812 0.8385
-1.3112 4.5727 0.8385
-1.2683 4.5734 0.8385
-1.2268 4.5785 0.8385
-1.1825 4.5726 0.8385
-1.1382 4.5652 0.8385
-1.0970 4.5692 0.8385
-1.0541 4.5659 0.8385
-1.0132 4.5700 0.8385
-0.9716 4.5709 0.8385
-0.9295 4.5684 0.8385
-0.8878 4.5675 0.8385
-0.4975 2.6843 0.8385
-0.4572 2.5930 0.8385
-0.4339 2.5929 0.8385
-0.4131 2.6085 0.8385
-0.3892 2.6041 0.8385
-0.3655 2.6004 0.8385
-0.3424 2.6006 0.8385
-0.3194 2.6015 0.8385
-0.3311 2.9062 0.8385
-0.3952 3.7603 0.8385
-0.3918 4.0692 0.8385
-0.3844 4.3932 0.8385
-0.4365 5.5468 0.8385
-0.4191 5.9934 0.8385
-2.4829 2.6839 0.8385
-2.3043 2.6716 0.8385
-2.0414 2.6186 0.8385
-1.8764 2.6051 0.8385
-1.7338 2.5991 0.8385
-1.5854 2.5878 0.8385
-1.4961 2.6026 0.8385
-1.4034 2.6143 0.8385
-1.2744 2.6059 0.8385
-1.1805 2.6135 0.8385
-1.0798 2.6159 0.8385
-0.9821 2.6182 0.8385
-0.9171 2.6369 0.8385
-0.8138 2.6330 0.8385
-0.7473 2.6485 0.8385
-0.5009 2.5570 0.8385
-0.4064 2.5515 0.8385
-0.5351 2.7339 0.8385
-0.4368 2.7246 0.8385
-2.9278 4.4795 0.8385
-2.8835 4.9751 0.8385
-2.8322 5.5002 0.8385
-2.8790 2.7321 1.2577
-2.8989 2.7995 1.2577
-2.8944 2.8443 1.2577
-2.8892 2.8892 1.2577
-2.8962 2.9472 1.2577
-2.8655 2.9673 1.2577
-2.8333 2.9856 1.2577
-2.8364 3.0417 1.2577
-2.8361 3.0951 1.2577
-2.8666 3.1836 1.2577
-2.8831 3.2587 1.2577
-2.8735 3.3056 1.2577
-2.8706 3.3610 1.2577
-2.8668 3.4166 1.2577
-2.8763 3.4893 1.2577
-2.8684 3.5422 1.2577
-2.8766 3.6164 1.2577
-2.8727 3.6769 1.2577
-2.8660 3.7351 1.2577
-2.8664 3.8039 1.2577
-2.8629 3.8690 1.2577
-2.8572 3.9326 1.2577
-2.8559 4.0038 1.2577
-2.8535 4.0753 1.2577
-2.8558 4.1552 1.2577
-2.8491 4.2239 1.2577
-2.8546 4.3129 1.2577
-2.8517 4.3913 1.2577
-2.8606 4.4902 1.2577
-2.8319 4.5320 1.2577
-2.7912 4.5548 1.2577
-2.7570 4.5884 1.2577
-2.7133 4.6063 1.2577
-2.6540 4.5969 1.2577
-2.5995 4.5946 1.2577
-2.5453 4.5918 1.2577
-2.4951 4.5953 1.2577
-2.4403 4.5896 1.2577
-2.3895 4.5903 1.2577
-2.3376 4.5878 1.2577
-2.2903 4.5937 1.2577
-2.2410 4.5946 1.2577
-2.1896 4.5905 1.2577
-2.1355 4.5796 1.2577
-2.0888 4.5835 1.2577
-2.0418 4.5860 1.2577
-1.9902 4.5770 1.2577
-1.9419 4.5749 1.2577
-1.8981 4.5824 1.2577
-1.8506 4.5803 1.2577
-1.8043 4.5804 1.2577
-1.7564 4.5755 1.2577
-1.7129 4.5813 1.2577
-1.6660 4.5772 1.2577
-1.6226 4.5822 1.2577
-1.5757 4.5763 1.2577
-1.5313 4.5766 1.2577
-1.4892 4.5831 1.2577
-1.4428 4.5759 1.2577
-1.3990 4.5759 1.2577
-1.3570 4.5812 1.2577
-1.3093 4.5660 1.2577
-1.2683 4.5734 1.2577
-1.2258 4.5746 1.2577
-1.1828 4.5735 1.2577
-1.1402 4.5730 1.2577
-1.0963 4.5662 1.2577
-1.0548 4.5688 1.2577
-1.0138 4.5730 1.2577
-0.9722 4.5738 1.2577
-0.9293 4.5674 1.2577
-0.8884 4.5705 1.2577
-0.5117 2.7610 1.2577
-0.4572 2.5930 1.2577
-0.4347 2.5979 1.2577
-0.4119 2.6006 1.2577
-0.3899 2.6090 1.2577
-0.3673 2.6133 1.2577
-0.3434 2.6085 1.2577
-0.3205 2.6104 1.2577
-0.3816 3.3493 1.2577
-0.3951 3.7593 1.2577
-0.3905 4.0552 1.2577
-0.3844 4.3942 1.2577
-0.4333 5.5060 1.2577
-0.4162 5.9515 1.2577
-2.9139 2.6604 1.2577
-2.9155 2.7294 1.2577
-2.8489 2.7706 1.2577
-2.9285 2.8730 1.2577
-2.9297 2.9436 1.2577
-2.9696 3.0318 1.2577
-2.9348 3.2314 1.2577
-2.9257 3.3733 1.2577
-2.9450 3.4571 1.2577
-2.9393 3.6046 1.2577
-2.9392 3.7578 1.2577
-2.9427 3.9160 1.2577
-0.4725 2.5402 1.2577
-0.3653 2.5268 1.2577
-2.9146 4.1392 1.2577
-0.4655 2.6904 1.2577
-0.4613 2.7402 1.2577
-0.4607 2.7929 1.2577
-0.4570 2.8441 1.2577
-0.5232 2.9430 1.2577
-0.5221 2.9980 1.2577
-0.5195 3.0526 1.2577
-0.4842 3.1417 1.2577
-0.4847 3.2001 1.2577
-0.4838 3.2582 1.2577
-0.4838 3.3177 1.2577
-0.4838 3.3781 1.2577
-0.4823 3.4381 1.2577
-0.4825 3.5003 1.2577
-0.4826 3.5633 1.2577
-0.4828 3.6273 1.2577
-0.4837 3.6928 1.2577
-0.4845 3.7592 1.2577
-1.2724 4.5230 1.2577
-0.4517 3.8642 1.2577
-1.1034 4.5298 1.2577
-0.4530 4.0033 1.2577
-0.4542 4.0751 1.2577
-0.4552 4.1478 1.2577
-0.4573 4.2230 1.2577
-0.4592 4.2992 1.2577
-0.4608 4.3765 1.2577
-0.4592 4.4520 1.2577
-2.8747 2.7279 1.6770
-2.8730 2.7745 1.6770
-2.8951 2.8450 1.6770
-2.8949 2.8949 1.6770
-2.8891 2.9400 1.6770
-2.8710 2.9730 1.6770
-2.8388 2.9914 1.6770
-2.8357 3.0410 1.6770
-2.8287 3.0870 1.6770
-2.8579 3.1740 1.6770
-2.8764 3.2512 1.6770
-2.8788 3.3117 1.6770
-2.8732 3.3640 1.6770
-2.8700 3.4204 1.6770
-2.8738 3.4862 1.6770
-2.8684 3.5422 1.6770
-2.8692 3.6070 1.6770
-2.8733 3.6776 1.6770
-2.8721 3.7430 1.6770
-2.8634 3.7999 1.6770
-2.8665 3.8738 1.6770
-2.8555 3.9302 1.6770
-2.8588 4.0079 1.6770
-2.8512 4.0720 1.6770
-2.8507 4.1478 1.6770
-2.8519 4.2281 1.6770
-2.8513 4.3079 1.6770
-2.8496 4.3879 1.6770
-2.8590 4.4877 1.6770
-2.8261 4.5226 1.6770
-2.7943 4.5599 1.6770
-2.7642 4.6004 1.6770
-2.7087 4.5985 1.6770
-2.6575 4.6029 1.6770
-2.6049 4.6042 1.6770
-2.5501 4.6005 1.6770
-2.4912 4.5883 1.6770
-2.4389 4.5869 1.6770
-2.3900 4.5912 1.6770
-2.3340 4.5807 1.6770
-2.2836 4.5803 1.6770
-2.2366 4.5856 1.6770
-2.1853 4.5815 1.6770
-2.1355 4.5796 1.6770
-2.0838 4.5726 1.6770
-2.0341 4.5686 1.6770
-1.9925 4.5825 1.6770
-1.9455 4.5832 1.6770
-1.8958 4.5769 1.6770
-1.8528 4.5859 1.6770
-1.8058 4.5842 1.6770
-1.7567 4.5764 1.6770
-1.7090 4.5710 1.6770
-1.6660 4.5772 1.6770
-1.6236 4.5850 1.6770
-1.5744 4.5725 1.6770
-1.5291 4.5700 1.6770
-1.4833 4.5651 1.6770
-1.4404 4.5683 1.6770
-1.3990 4.5759 1.6770
-1.3528 4.5669 1.6770
-1.3131 4.5795 1.6770
-1.2713 4.5840 1.6770
-1.2265 4.5775 1.6770
-1.1833 4.5755 1.6770
-1.1411 4.5769 1.6770
-1.0988 4.5769 1.6770
-1.0568 4.5776 1.6770
-1.0147 4.5769 1.6770
-0.9709 4.5679 1.6770
-0.9310 4.5762 1.6770
-0.8886 4.5714 1.6770
-0.5401 2.9144 1.6770
-0.4581 2.5979 1.6770
-0.4370 2.6117 1.6770
-0.4142 2.6154 1.6770
-0.3920 2.6229 1.6770
-0.3696 2.6302 1.6770
-0.3469 2.6353 1.6770
-0.3245 2.6432 1.6770
-0.3009 2.6409 1.6770
-0.3095 2.9448 1.6770
-0.3911 4.0612 1.6770
-0.3847 4.3972 1.6770
-2.9381 2.6700 1.6770
-2.8914 2.7196 1.6770
-2.9200 2.8001 1.6770
-2.9285 2.8730 1.6770
-2.9582 2.9559 1.6770
-2.9438 3.0915 1.6770
-2.9357 3.2318 1.6770
-2.9549 3.3141 1.6770
-2.9459 3.4576 1.6770
-2.9410 3.6055 1.6770
-2.9383 3.7573 1.6770
-2.9384 3.9135 1.6770
-0.5017 2.5575 1.6770
-0.4398 2.5716 1.6770
-0.3635 2.5759 1.6770
-0.4621 2.6883 1.6770
-0.4605 2.7397 1.6770
-0.4590 2.7918 1.6770
-0.4578 2.8447 1.6770
-0.5241 2.9436 1.6770
-0.5229 2.9986 1.6770
-0.5203 3.0531 1.6770
-0.4850 3.1423 1.6770
-0.4839 3.1996 1.6770
-2.1825 4.5383 1.6770
-0.4536 3.2946 1.6770
-0.4830 3.3775 1.6770
-0.4823 3.4381 1.6770
-0.4825 3.5003 1.6770
-0.4834 3.5639 1.6770
-0.4828 3.6273 1.6770
-0.4837 3.6928 1.6770
-0.4845 3.7592 1.6770
-0.4852 3.8266 1.6770
-1.1718 4.5126 1.6770
-0.4524 3.9333 1.6770
-0.4530 4.0033 1.6770
-0.4535 4.0744 1.6770
-0.4552 4.1478 1.6770
-0.4566 4.2223 1.6770
-0.4585 4.2985 1.6770
-0.4615 4.3772 1.6770
-0.4599 4.4527 1.6770
-2.8689 2.7224 2.0962
-2.8939 2.7946 2.0962
-2.8894 2.8394 2.0962
-2.8949 2.8949 2.0962
-2.8962 2.9472 2.0962
-2.8655 2.9673 2.0962
-2.8367 2.9893 2.0962
-2.8310 3.0358 2.0962
-2.8253 3.0833 2.0962
-2.8465 3.1613 2.0962
-2.8725 3.2467 2.0962
-2.8742 3.3064 2.0962
-2.8771 3.3686 2.0962
-2.8662 3.4158 2.0962
-2.8674 3.4785 2.0962
-2.8722 3.5469 2.0962
-2.8760 3.6156 2.0962
-2.8653 3.6674 2.0962
-2.8685 3.7383 2.0962
-2.8616 3.7975 2.0962
-2.8623 3.8682 2.0962
-2.8590 3.9351 2.0962
-2.8588 4.0079 2.0962
-2.8541 4.0761 2.0962
-2.8564 4.1561 2.0962
-2.8508 4.2264 2.0962
-2.8513 4.3079 2.0962
-2.8528 4.3930 2.0962
-2.8633 4.4944 2.0962
-2.8303 4.5294 2.0962
-2.8001 4.5693 2.0962
-2.7632 4.5987 2.0962
-2.7153 4.6097 2.0962
-2.6570 4.6021 2.0962
-2.6044 4.6033 2.0962
-2.5482 4.5970 2.0962
-2.4994 4.6032 2.0962
-2.4427 4.5940 2.0962
-2.3914 4.5938 2.0962
-2.3426 4.5976 2.0962
-2.2899 4.5928 2.0962
-2.2423 4.5973 2.0962
-2.1883 4.5878 2.0962
-2.1401 4.5895 2.0962
-2.0909 4.5880 2.0962
-2.0443 4.5915 2.0962
-1.9941 4.5862 2.0962
-1.9490 4.5915 2.0962
-1.9019 4.5917 2.0962
-1.8524 4.5849 2.0962
-1.8083 4.5907 2.0962
-1.7621 4.5904 2.0962
-1.7146 4.5859 2.0962
-1.6680 4.5829 2.0962
-1.6210 4.5775 2.0962
-1.5797 4.5877 2.0962
-1.5351 4.5880 2.0962
-1.4864 4.5746 2.0962
-1.4449 4.5826 2.0962
-1.4002 4.5797 2.0962
-1.3573 4.5822 2.0962
-1.3148 4.5852 2.0962
-1.2696 4.5782 2.0962
-1.2263 4.5766 2.0962
-1.1858 4.5851 2.0962
-1.1424 4.5817 2.0962
-1.0993 4.5789 2.0962
-1.0579 4.5825 2.0962
-1.0160 4.5827 2.0962
-0.9745 4.5846 2.0962
-0.9297 4.5694 2.0962
-0.8896 4.5763 2.0962
-0.5381 2.9036 2.0962
-0.4616 2.6176 2.0962
-0.4352 2.6008 2.0962
-0.4113 2.5966 2.0962
-0.3902 2.6110 2.0962
-0.3680 2.6183 2.0962
-0.3460 2.6283 2.0962
-0.3255 2.6511 2.0962
-0.3040 2.6677 2.0962
-0.2824 2.6872 2.0962
-0.3900 4.0503 2.0962
-0.3849 4.3992 2.0962
-0.4379 5.5638 2.0962
-2.8914 2.7196 2.0962
-2.9191 2.7997 2.0962
-2.9266 2.8723 2.0962
-2.9297 2.9436 2.0962
-2.9438 3.0915 2.0962
-2.7461 3.0712 2.0962
-2.9366 3.2323 2.0962
-2.9522 3.3128 2.0962
-2.9477 3.4585 2.0962
-2.9393 3.6046 2.0962
-2.9374 3.7568 2.0962
-2.9427 3.9160 2.0962
-0.4398 2.5716 2.0962
-2.9129 4.1382 2.0962
-0.4638 2.6893 2.0962
-0.4621 2.7408 2.0962
-0.4599 2.7924 2.0962
-0.4603 2.8463 2.0962
-0.4627 2.9022 2.0962
-0.5237 2.9991 2.0962
-0.5236 3.0554 2.0962
-0.4834 3.1411 2.0962
-0.4839 3.1996 2.0962
-0.4838 3.2582 2.0962
-0.4830 3.3171 2.0962
-0.4830 3.3775 2.0962
-0.4831 3.4388 2.0962
-0.4825 3.5003 2.0962
-0.4826 3.5633 2.0962
-0.4828 3.6273 2.0962
-1.4692 4.5344 2.0962
-0.4513 3.7304 2.0962
-0.4515 3.7968 2.0962
-1.1733 4.5140 2.0962
-0.4524 3.9333 2.0962
-0.4530 4.0033 2.0962
-0.4535 4.0744 2.0962
-0.4552 4.1478 2.0962
-0.4566 4.2223 2.0962
-0.4585 4.2985 2.0962
-0.4622 4.3779 2.0962
-0.4599 4.4527 2.0962
-2.8674 2.7211 2.5155
-2.8910 2.7918 2.5155
-2.8986 2.8485 2.5155
-2.8970 2.8970 2.5155
-2.8913 2.9422 2.5155
-2.8717 2.9738 2.5155
-2.8525 3.0060 2.5155
-2.8276 3.0322 2.5155
-2.8294 3.0877 2.5155
-2.8645 3.1814 2.5155
-2.8864 3.2625 2.5155
-2.8650 3.2958 2.5155
-2.8725 3.3633 2.5155
-2.8739 3.4250 2.5155
-2.8719 3.4839 2.5155
-2.8716 3.5461 2.5155
-2.8692 3.6070 2.5155
-2.8634 3.6650 2.5155
-2.8660 3.7351 2.5155
-2.8658 3.8031 2.5155
-2.8599 3.8649 2.5155
-2.8555 3.9302 2.5155
-2.8600 4.0095 2.5155
-2.8535 4.0753 2.5155
-2.8547 4.1536 2.5155
-2.8496 4.2248 2.5155
-2.8574 4.3170 2.5155
-2.8539 4.3946 2.5155
-2.8536 4.4793 2.5155
-2.8282 4.5260 2.5155
-2.8016 4.5719 2.5155
-2.7621 4.5970 2.5155
-2.7148 4.6089 2.5155
-2.6590 4.6055 2.5155
-2.6138 4.6198 2.5155
-2.5506 4.6014 2.5155
-2.4951 4.5953 2.5155
-2.4450 4.5984 2.5155
-2.3937 4.5983 2.5155
-2.3421 4.5967 2.5155
-2.2935 4.6000 2.5155
-2.2392 4.5910 2.5155
-2.1922 4.5960 2.5155
-2.1406 4.5904 2.5155
-2.0925 4.5917 2.5155
-2.0398 4.5814 2.5155
-1.9993 4.5981 2.5155
-1.9517 4.5979 2.5155
-1.9012 4.5898 2.5155
-1.8558 4.5933 2.5155
-1.8101 4.5953 2.5155
-1.7621 4.5904 2.5155
-1.7157 4.5888 2.5155
-1.6701 4.5885 2.5155
-1.6253 4.5897 2.5155
-1.5793 4.5867 2.5155
-1.5342 4.5851 2.5155
-1.4916 4.5907 2.5155
-1.4482 4.5931 2.5155
-1.4022 4.5864 2.5155
-1.3587 4.5870 2.5155
-1.3162 4.5900 2.5155
-1.2731 4.5907 2.5155
-1.2273 4.5804 2.5155
-1.1840 4.5784 2.5155
-1.1445 4.5905 2.5155
-1.1021 4.5906 2.5155
-1.0575 4.5805 2.5155
-1.0149 4.5779 2.5155
-0.9743 4.5836 2.5155
-0.9316 4.5792 2.5155
-0.8918 4.5881 2.5155
-0.5917 3.1926 2.5155
-0.4616 2.6176 2.5155
-0.4370 2.6117 2.5155
-0.4131 2.6085 2.5155
-0.3918 2.6219 2.5155
-0.3689 2.6252 2.5155
-0.3486 2.6481 2.5155
-0.3250 2.6471 2.5155
-0.3042 2.6697 2.5155
-0.2820 2.6832 2.5155
-0.3906 4.0562 2.5155
-0.3846 4.3962 2.5155
-0.4449 5.6525 2.5155
-2.9148 2.6608 2.5155
-2.9155 2.7294 2.5155
-2.9191 2.7997 2.5155
-2.9266 2.8723 2.5155
-2.9307 2.9440 2.5155
-2.9447 3.0920 2.5155
-2.7425 3.0695 2.5155
-2.9366 3.2323 2.5155
-2.9540 3.3136 2.5155
-2.9459 3.4576 2.5155
-2.9419 3.6060 2.5155
-2.9409 3.7587 2.5155
-2.9418 3.9155 2.5155
-0.4356 2.5690 2.5155
-2.9138 4.1387 2.5155
-0.4613 2.6878 2.5155
-0.4596 2.7392 2.5155
-0.4599 2.7924 2.5155
-0.4587 2.8452 2.5155
-0.4619 2.9017 2.5155
-0.5246 2.9997 2.5155
-0.5236 3.0554 2.5155
-0.4550 3.1781 2.5155
-0.4846 3.2588 2.5155
-0.4838 3.3177 2.5155
-0.4830 3.3775 2.5155
-0.4823 3.4381 2.5155
-0.4833 3.5009 2.5155
-0.4826 3.5633 2.5155
-0.4828 3.6273 2.5155
-0.4837 3.6928 2.5155
-1.3720 4.5307 2.5155
-0.4515 3.7968 2.5155
-1.2037 4.5414 2.5155
-0.4524 3.9333 2.5155
-0.4530 4.0033 2.5155
-0.4542 4.0751 2.5155
-0.4552 4.1478 2.5155
-0.4566 4.2223 2.5155
-0.4585 4.2985 2.5155
-0.4622 4.3779 2.5155
-0.4599 4.4527 2.5155
-2.8812 2.7341 2.9347
-2.8910 2.7918 2.9347
-2.9029 2.8527 2.9347
-2.9013 2.9013 2.9347
-2.8997 2.9507 2.9347
-2.8738 2.9759 2.9347
-2.8450 2.9980 2.9347
-2.8289 3.0337 2.9347
-2.8375 3.0966 2.9347
-2.8538 3.1695 2.9347
-2.8791 3.2542 2.9347
-2.8696 3.3011 2.9347
-2.8725 3.3633 2.9347
-2.8688 3.4189 2.9347
-2.8674 3.4785 2.9347
-2.8691 3.5430 2.9347
-2.8661 3.6031 2.9347
-2.8684 3.6713 2.9347
-2.8660 3.7351 2.9347
-2.8652 3.8023 2.9347
-2.8581 3.8625 2.9347
-2.8508 3.9237 2.9347
-2.8553 4.0030 2.9347
-2.8570 4.0802 2.9347
-2.8541 4.1528 2.9347
-2.8519 4.2281 2.9347
-2.8513 4.3079 2.9347
-2.8517 4.3913 2.9347
-2.8627 4.4936 2.9347
-2.8335 4.5345 2.9347
-2.8032 4.5744 2.9347
-2.7668 4.6047 2.9347
-2.7174 4.6132 2.9347
-2.6595 4.6064 2.9347
-2.6069 4.6077 2.9347
-2.5540 4.6075 2.9347
-2.5027 4.6094 2.9347
-2.4469 4.6019 2.9347
-2.3965 4.6036 2.9347
-2.3476 4.6074 2.9347
-2.2948 4.6026 2.9347
-2.2418 4.5964 2.9347
-2.1935 4.5987 2.9347
-2.1452 4.6004 2.9347
-2.0954 4.5980 2.9347
-2.0426 4.5878 2.9347
-1.9957 4.5899 2.9347
-1.9517 4.5979 2.9347
-1.9039 4.5963 2.9347
-1.8569 4.5961 2.9347
-1.8098 4.5944 2.9347
-1.7639 4.5951 2.9347
-1.7157 4.5888 2.9347
-1.6725 4.5951 2.9347
-1.6273 4.5954 2.9347
-1.5803 4.5895 2.9347
-1.5358 4.5899 2.9347
-1.4907 4.5879 2.9347
-1.4506 4.6007 2.9347
-1.4013 4.5836 2.9347
-1.3579 4.5841 2.9347
-1.3142 4.5833 2.9347
-1.2713 4.5840 2.9347
-1.2299 4.5901 2.9347
-1.1881 4.5939 2.9347
-1.1433 4.5856 2.9347
-1.1021 4.5906 2.9347
-1.0597 4.5903 2.9347
-1.0177 4.5905 2.9347
-0.9747 4.5856 2.9347
-0.9330 4.5860 2.9347
-0.8917 4.5871 2.9347
-0.8499 4.5859 2.9347
-0.4631 2.6265 2.9347
-0.4359 2.6048 2.9347
-0.4128 2.6065 2.9347
-0.3908 2.6150 2.9347
-0.3684 2.6212 2.9347
-0.3463 2.6303 2.9347
-0.3250 2.6471 2.9347
-0.3051 2.6777 2.9347
-0.2830 2.6922 2.9347
-0.3890 4.0403 2.9347
-0.3847 4.3972 2.9347
-2.8914 2.7196 2.9347
-2.9191 2.7997 2.9347
-2.9248 2.8715 2.9347
-2.9307 2.9440 2.9347
-2.7663 3.0107 2.9347
-2.9366 3.2323 2.9347
-2.9540 3.3136 2.9347
-2.9468 3.4580 2.9347
-2.9410 3.6055 2.9347
-2.9401 3.7582 2.9347
-2.9401 3.9145 2.9347
-0.4364 2.5695 2.9347
-2.9138 4.1387 2.9347
-0.4352 2.7236 2.9347
-0.4582 2.7913 2.9347
-0.4578 2.8447 2.9347
-0.4627 2.9022 2.9347
-0.5254 3.0003 2.9347
-0.5228 3.0549 2.9347
-0.4558 3.1787 2.9347
-0.4830 3.2576 2.9347
-0.4822 3.3165 2.9347
-0.4822 3.3769 2.9347
-0.4831 3.4388 2.9347
-1.7648 4.5387 2.9347
-0.4518 3.5379 2.9347
-1.5698 4.5394 2.9347
-0.4510 3.6648 2.9347
-0.4513 3.7304 2.9347
-1.3031 4.5502 2.9347
-0.4517 3.8642 2.9347
-0.4524 3.9333 2.9347
-0.4530 4.0033 2.9347
-0.4535 4.0744 2.9347
-0.4559 4.1485 2.9347
-0.4566 4.2223 2.9347
-0.4585 4.2985 2.9347
-0.4615 4.3772 2.9347
-0.4606 4.4534 2.9347
-2.8790 2.7321 3.3540
-2.8961 2.7967 3.3540
-2.8929 2.8429 3.3540
-2.8963 2.8963 3.3540
-2.8983 2.9493 3.3540
-2.8814 2.9838 3.3540
-2.8463 2.9994 3.3540
-2.8255 3.0300 3.3540
-2.8327 3.0914 3.3540
-2.8438 3.1584 3.3540
-2.8705 3.2445 3.3540
-2.8703 3.3019 3.3540
-2.8673 3.3572 3.3540
-2.8752 3.4265 3.3540
-2.8751 3.4877 3.3540
-2.8691 3.5430 3.3540
-2.8661 3.6031 3.3540
-2.8702 3.6737 3.3540
-2.8673 3.7367 3.3540
-2.8616 3.7975 3.3540
-2.8557 3.8593 3.3540
-2.8555 3.9302 3.3540
-2.8483 3.9932 3.3540
-2.8512 4.0720 3.3540
-2.8479 4.1437 3.3540
-2.8541 4.2314 3.3540
-2.8458 4.2995 3.3540
-2.8506 4.3896 3.3540
-2.8482 4.4708 3.3540
-2.8308 4.5303 3.3540
-2.7990 4.5676 3.3540
-2.7642 4.6004 3.3540
-2.7163 4.6114 3.3540
-2.6660 4.6176 3.3540
-2.6079 4.6094 3.3540
-2.5530 4.6057 3.3540
-2.5003 4.6050 3.3540
-2.4511 4.6099 3.3540
-2.3979 4.6062 3.3540
-2.3462 4.6047 3.3540
-2.2939 4.6009 3.3540
-2.2467 4.6063 3.3540
-2.1965 4.6050 3.3540
-2.1452 4.6004 3.3540
-2.0950 4.5971 3.3540
-2.0443 4.5915 3.3540
-2.0013 4.6027 3.3540
-1.9529 4.6007 3.3540
-1.9042 4.5972 3.3540
-1.8584 4.5998 3.3540
-1.8123 4.6009 3.3540
-1.7660 4.6007 3.3540
-1.7216 4.6047 3.3540
-1.6776 4.6092 3.3540
-1.6326 4.6105 3.3540
-1.5852 4.6037 3.3540
-1.5370 4.5937 3.3540
-1.4947 4.6003 3.3540
-1.4518 4.6045 3.3540
-1.4069 4.6017 3.3540
-1.3616 4.5966 3.3540
-1.3203 4.6044 3.3540
-1.2755 4.5994 3.3540
-1.2320 4.5978 3.3540
-1.1888 4.5968 3.3540
-1.1460 4.5963 3.3540
-1.1051 4.6032 3.3540
-1.0602 4.5922 3.3540
-1.0170 4.5876 3.3540
-0.9768 4.5953 3.3540
-0.9352 4.5968 3.3540
-0.8917 4.5871 3.3540
-0.8516 4.5948 3.3540
-0.4841 2.7456 3.3540
-0.4364 2.6077 3.3540
-0.4135 2.6105 3.3540
-0.3904 2.6120 3.3540
-0.3680 2.6183 3.3540
-0.3467 2.6333 3.3540
-0.3254 2.6501 3.3540
-0.3036 2.6648 3.3540
-0.2825 2.6882 3.3540
-0.3885 4.0343 3.3540
-0.3849 4.3992 3.3540
-0.4150 5.2727 3.3540
-0.4152 5.9375 3.3540
-2.8914 2.7196 3.3540
-2.9191 2.7997 3.3540
-2.9307 2.9440 3.3540
-2.7663 3.0107 3.3540
-2.9357 3.2318 3.3540
-2.9540 3.3136 3.3540
-2.9468 3.4580 3.3540
-2.9437 3.6070 3.3540
-2.9401 3.7582 3.3540
-2.9401 3.9145 3.3540
-0.4356 2.5690 3.3540
-2.9146 4.1392 3.3540
-0.4655 2.6904 3.3540
-0.4596 2.7392 3.3540
-0.4582 2.7913 3.3540
-0.4562 2.8436 3.3540
-0.4610 2.9011 3.3540
-0.5221 2.9980 3.3540
-0.5220 3.0543 3.3540
-0.4550 3.1781 3.3540
-0.4830 3.2576 3.3540
-0.4830 3.3171 3.3540
-0.4822 3.3769 3.3540
-0.4823 3.4381 3.3540
-0.4825 3.5003 3.3540
-0.4826 3.5633 3.3540
-0.4828 3.6273 3.3540
-1.4714 4.5364 3.3540
-0.4513 3.7304 3.3540
-0.4515 3.7968 3.3540
-0.4517 3.8642 3.3540
-0.4524 3.9333 3.3540
-0.4530 4.0033 3.3540
-0.4542 4.0751 3.3540
-0.4552 4.1478 3.3540
-0.4566 4.2223 3.3540
-0.4585 4.2985 3.3540
-0.4615 4.3772 3.3540
-0.4613 4.4542 3.3540
-2.8703 2.7238 3.7732
-2.8608 2.7627 3.7732
-2.8908 2.8408 3.7732
-2.8977 2.8977 3.7732
-2.8997 2.9507 3.7732
-2.8752 2.9773 3.7732
-2.8484 3.0016 3.7732
-2.8242 3.0285 3.7732
-2.8287 3.0870 3.7732
-2.8291 3.1420 3.7732
-2.8751 3.2497 3.7732
-2.8689 3.3003 3.7732
-2.8621 3.3511 3.7732
-2.8688 3.4189 3.7732
-2.8592 3.4685 3.7732
-2.8703 3.5446 3.7732
-2.8654 3.6023 3.7732
-2.8647 3.6666 3.7732
-2.8600 3.7272 3.7732
-2.8628 3.7991 3.7732
-2.8623 3.8682 3.7732
-2.8525 3.9262 3.7732
-2.8553 4.0030 3.7732
-2.8512 4.0720 3.7732
-2.8485 4.1445 3.7732
-2.8491 4.2239 3.7732
-2.8474 4.3020 3.7732
-2.8528 4.3930 3.7732
-2.8509 4.4750 3.7732
-2.8345 4.5362 3.7732
-2.8016 4.5719 3.7732
-2.7709 4.6116 3.7732
-2.7260 4.6278 3.7732
-2.6730 4.6298 3.7732
-2.6162 4.6242 3.7732
-2.5627 4.6232 3.7732
-2.5137 4.6296 3.7732
-2.4577 4.6222 3.7732
-2.4016 4.6133 3.7732
-2.3508 4.6136 3.7732
-2.3001 4.6134 3.7732
-2.2484 4.6099 3.7732
-2.2012 4.6149 3.7732
-2.1528 4.6167 3.7732
-2.1013 4.6108 3.7732
-2.0512 4.6070 3.7732
-2.0025 4.6055 3.7732
-1.9521 4.5988 3.7732
-1.9088 4.6083 3.7732
-1.8588 4.6007 3.7732
-1.8131 4.6028 3.7732
-1.7693 4.6091 3.7732
-1.7209 4.6028 3.7732
-1.6762 4.6054 3.7732
-1.6296 4.6020 3.7732
-1.5875 4.6103 3.7732
-1.5389 4.5994 3.7732
-1.4947 4.6003 3.7732
-1.4497 4.5979 3.7732
-1.4063 4.5998 3.7732
-1.3641 4.6052 3.7732
-1.3173 4.5939 3.7732
-1.2734 4.5917 3.7732
-1.2312 4.5949 3.7732
-1.1876 4.5919 3.7732
-1.1426 4.5827 3.7732
-1.1012 4.5867 3.7732
-1.0593 4.5883 3.7732
-1.0170 4.5876 3.7732
-0.9745 4.5846 3.7732
-0.9324 4.5831 3.7732
-0.8918 4.5881 3.7732
-0.8514 4.5938 3.7732
-0.4744 2.6905 3.7732
-0.4379 2.6166 3.7732
-0.4125 2.6045 3.7732
-0.3902 2.6110 3.7732
-0.3673 2.6133 3.7732
-0.3451 2.6214 3.7732
-0.3241 2.6392 3.7732
-0.3028 2.6578 3.7732
-0.2798 2.6623 3.7732
-0.3892 4.0423 3.7732
-0.3850 4.4002 3.7732
-0.4260 5.4123 3.7732
-0.4088 5.8457 3.7732
-2.8914 2.7196 3.7732
-2.9200 2.8001 3.7732
-2.9248 2.8715 3.7732
-2.9316 2.9444 3.7732
-2.9438 3.0915 3.7732
-2.9375 3.2327 3.7732
-2.6796 3.2506 3.7732
-2.9486 3.4590 3.7732
-2.9419 3.6060 3.7732
-2.9453 3.7612 3.7732
-2.9418 3.9155 3.7732
-0.4373 2.5700 3.7732
-0.4744 2.6438 3.7732
-0.4681 2.6920 3.7732
-0.4605 2.7397 3.7732
-0.4599 2.7924 3.7732
-0.4578 2.8447 3.7732
-0.4602 2.9005 3.7732
-0.5237 2.9991 3.7732
-0.5220 3.0543 3.7732
-0.4542 3.1775 3.7732
-0.4830 3.2576 3.7732
-2.0919 4.5517 3.7732
-0.4531 3.3541 3.7732
-0.4823 3.4381 3.7732
-1.7966 4.5645 3.7732
-0.4510 3.5372 3.7732
-0.4836 3.6279 3.7732
-0.4837 3.6928 3.7732
-0.4845 3.7592 3.7732
-1.3061 4.5529 3.7732
-0.4517 3.8642 3.7732
-0.4524 3.9333 3.7732
-0.4530 4.0033 3.7732
-0.4542 4.0751 3.7732
-0.4552 4.1478 3.7732
-0.4566 4.2223 3.7732
-0.4585 4.2985 3.7732
-0.4615 4.3772 3.7732
-0.4613 4.4542 3.7732
-2.8543 2.7564 4.1925
-2.8844 2.8345 4.1925
-2.8836 2.8836 4.1925
-2.8884 2.9393 4.1925
-2.8821 2.9845 4.1925
-2.8463 2.9994 4.1925
-2.8173 3.0212 4.1925
-2.8253 3.0833 4.1925
-2.8244 3.1368 4.1925
-2.8665 3.2400 4.1925
-2.8624 3.2928 4.1925
-2.8654 3.3549 4.1925
-2.8623 3.4112 4.1925
-2.8611 3.4708 4.1925
-2.8615 3.5337 4.1925
-2.8661 3.6031 4.1925
-2.8665 3.6690 4.1925
-2.8648 3.7335 4.1925
-2.8610 3.7967 4.1925
-2.8551 3.8585 4.1925
-2.8484 3.9205 4.1925
-2.8489 3.9941 4.1925
-2.8507 4.0712 4.1925
-2.8490 4.1454 4.1925
-2.8491 4.2239 4.1925
-2.8480 4.3029 4.1925
-2.8501 4.3888 4.1925
-2.8466 4.4683 4.1925
-2.8382 4.5421 4.1925
-2.8042 4.5761 4.1925
-2.7699 4.6098 4.1925
-2.7290 4.6330 4.1925
-2.6715 4.6272 4.1925
-2.6222 4.6346 4.1925
-2.5671 4.6311 4.1925
-2.5094 4.6217 4.1925
-2.4591 4.6249 4.1925
-2.4039 4.6178 4.1925
-2.3503 4.6127 4.1925
-2.2975 4.6080 4.1925
-2.2488 4.6108 4.1925
-2.2012 4.6149 4.1925
-2.1520 4.6149 4.1925
-2.0988 4.6053 4.1925
-2.0552 4.6161 4.1925
-2.0037 4.6082 4.1925
-1.9548 4.6053 4.1925
-1.9084 4.6074 4.1925
-1.8618 4.6081 4.1925
-1.8145 4.6065 4.1925
-1.7693 4.6091 4.1925
-1.7241 4.6112 4.1925
-1.6752 4.6026 4.1925
-1.6316 4.6076 4.1925
-1.5845 4.6018 4.1925
-1.5418 4.6079 4.1925
-1.4960 4.6041 4.1925
-1.4539 4.6112 4.1925
-1.4072 4.6027 4.1925
-1.3633 4.6023 4.1925
-1.3189 4.5996 4.1925
-1.2771 4.6052 4.1925
-1.2309 4.5939 4.1925
-1.1878 4.5929 4.1925
-1.1440 4.5885 4.1925
-1.1051 4.6032 4.1925
-1.0588 4.5864 4.1925
-1.0160 4.5827 4.1925
-0.9753 4.5885 4.1925
-0.9348 4.5949 4.1925
-0.8926 4.5921 4.1925
-0.8514 4.5938 4.1925
-0.4888 2.7722 4.1925
-0.4382 2.6186 4.1925
-0.4133 2.6095 4.1925
-0.3913 2.6179 4.1925
-0.3684 2.6212 4.1925
-0.3455 2.6244 4.1925
-0.3233 2.6332 4.1925
-0.3007 2.6389 4.1925
-0.2782 2.6464 4.1925
-0.3907 4.0572 4.1925
-0.3841 4.3902 4.1925
-2.8923 2.7200 4.1925
-2.8470 2.7699 4.1925
-2.9257 2.8719 4.1925
-2.9316 2.9444 4.1925
-2.9358 3.0168 4.1925
-2.9456 3.0924 4.1925
-2.9402 3.2340 4.1925
-2.9293 3.3750 4.1925
-2.9486 3.4590 4.1925
-2.9446 3.6074 4.1925
-2.9436 3.7602 4.1925
-2.9453 3.9175 4.1925
-0.4356 2.5690 4.1925
-0.3627 2.5754 4.1925
-0.4630 2.6888 4.1925
-0.4605 2.7397 4.1925
-0.4590 2.7918 4.1925
-0.4570 2.8441 4.1925
-0.4602 2.9005 4.1925
-0.5221 2.9980 4.1925
-0.5228 3.0549 4.1925
-0.4834 3.1411 4.1925
-0.4839 3.1996 4.1925
-0.4846 3.2588 4.1925
-0.4822 3.3165 4.1925
-0.4830 3.3775 4.1925
-0.4831 3.4388 4.1925
-0.4825 3.5003 4.1925
-0.4826 3.5633 4.1925
-0.4836 3.6279 4.1925
-0.4837 3.6928 4.1925
-1.4060 4.5603 4.1925
-0.4515 3.7968 4.1925
-0.4517 3.8642 4.1925
-0.4524 3.9333 4.1925
-0.4530 4.0033 4.1925
-0.4542 4.0751 4.1925
-0.4559 4.1485 4.1925
-0.4573 4.2230 4.1925
-0.4585 4.2985 4.1925
-0.4615 4.3772 4.1925
-0.4613 4.4542 4.1925
-2.8400 2.7425 4.6117
-2.8780 2.8282 4.6117
-2.8765 2.8765 4.6117
-2.8835 2.9343 4.6117
-2.8766 2.9788 4.6117
-2.8457 2.9987 4.6117
-2.8201 3.0241 4.6117
-2.8246 3.0826 4.6117
-2.8197 3.1316 4.6117
-2.8652 3.2385 4.6117
-2.8630 3.2936 4.6117
-2.8654 3.3549 4.6117
-2.8636 3.4127 4.6117
-2.8662 3.4769 4.6117
-2.8678 3.5415 4.6117
-2.8692 3.6070 4.6117
-2.8653 3.6674 4.6117
-2.8606 3.7280 4.6117
-2.8616 3.7975 4.6117
-2.8605 3.8657 4.6117
-2.8484 3.9205 4.6117
-2.8466 3.9908 4.6117
-2.8449 4.0630 4.6117
-2.8519 4.1495 4.6117
-2.8491 4.2239 4.6117
-2.8452 4.2987 4.6117
-2.8474 4.3846 4.6117
-2.8450 4.4658 4.6117
-2.8356 4.5379 4.6117
-2.7969 4.5642 4.6117
-2.7663 4.6038 4.6117
-2.7336 4.6407 4.6117
-2.6715 4.6272 4.6117
-2.6202 4.6312 4.6117
-2.5666 4.6302 4.6117
-2.5151 4.6322 4.6117
-2.4619 4.6302 4.6117
-2.4029 4.6160 4.6117
-2.3553 4.6225 4.6117
-2.3051 4.6232 4.6117
-2.2488 4.6108 4.6117
-2.2003 4.6131 4.6117
-2.1549 4.6213 4.6117
-2.1008 4.6099 4.6117
-2.0512 4.6070 4.6117
-2.0033 4.6073 4.6117
-1.9564 4.6090 4.6117
-1.9119 4.6157 4.6117
-1.8644 4.6146 4.6117
-1.8156 4.6093 4.6117
-1.7696 4.6100 4.6117
-1.7269 4.6187 4.6117
-1.6759 4.6045 4.6117
-1.6310 4.6057 4.6117
-1.5865 4.6075 4.6117
-1.5427 4.6107 4.6117
-1.4960 4.6041 4.6117
-1.4542 4.6122 4.6117
-1.4072 4.6027 4.6117
-1.3661 4.6119 4.6117
-1.3198 4.6025 4.6117
-1.2769 4.6042 4.6117
-1.2340 4.6055 4.6117
-1.1913 4.6064 4.6117
-1.1484 4.6060 4.6117
-1.1030 4.5944 4.6117
-1.0611 4.5961 4.6117
-1.0199 4.6003 4.6117
-0.9753 4.5885 4.6117
-0.9336 4.5890 4.6117
-0.8951 4.6048 4.6117
-0.8549 4.6124 4.6117
-0.4760 2.6994 4.6117
-0.4412 2.6363 4.6117
-0.4174 2.6352 4.6117
-0.3920 2.6229 4.6117
-0.3673 2.6133 4.6117
-0.3430 2.6055 4.6117
-0.3219 2.6213 4.6117
-0.2989 2.6230 4.6117
-0.3894 3.7046 4.6117
-0.3896 4.0463 4.6117
-0.3844 4.3942 4.6117
-0.4192 5.3265 4.6117
-2.8691 2.7107 4.6117
-2.9228 2.8012 4.6117
-2.9285 2.8730 4.6117
-2.9307 2.9440 4.6117
-2.9358 3.0168 4.6117
-2.9483 3.0936 4.6117
-2.9402 3.2340 4.6117
-2.9311 3.3759 4.6117
-2.9199 3.5190 4.6117
-2.9155 3.6679 4.6117
-2.9453 3.7612 4.6117
-2.9134 3.9781 4.6117
-0.4681 2.5886 4.6117
-0.3635 2.5759 4.6117
-0.4715 2.6941 4.6117
-0.4942 2.7612 4.6117
-0.4917 2.8131 4.6117
-0.4895 2.8657 4.6117
-0.4926 2.9223 4.6117
-0.5221 2.9980 4.6117
-0.5236 3.0554 4.6117
-0.4558 3.1787 4.6117
-0.4838 3.2582 4.6117
-0.4838 3.3177 4.6117
-0.4838 3.3781 4.6117
-0.4831 3.4388 4.6117
-0.4825 3.5003 4.6117
-0.4826 3.5633 4.6117
-0.4836 3.6279 4.6117
-0.4837 3.6928 4.6117
-1.4067 4.5609 4.6117
-0.4515 3.7968 4.6117
-0.4517 3.8642 4.6117
-0.4524 3.9333 4.6117
-0.4530 4.0033 4.6117
-0.4535 4.0744 4.6117
-0.4552 4.1478 4.6117
-0.4573 4.2230 4.6117
-0.4585 4.2985 4.6117
-0.4615 4.3772 4.6117
-0.4620 4.4549 4.6117
-2.8443 2.7467 5.0310
-2.8801 2.8303 5.0310
-2.8737 2.8737 5.0310
-2.8856 2.9365 5.0310
-2.8807 2.9831 5.0310
-2.8525 3.0060 5.0310
-2.8146 3.0183 5.0310
-2.8132 3.0700 5.0310
-2.8224 3.1346 5.0310
-2.8751 3.2497 5.0310
-2.8624 3.2928 5.0310
-2.8654 3.3549 5.0310
-2.8688 3.4189 5.0310
-2.8674 3.4785 5.0310
-2.8621 3.5345 5.0310
-2.8642 3.6008 5.0310
-2.8641 3.6658 5.0310
-2.8612 3.7288 5.0310
-2.8520 3.7847 5.0310
-2.8587 3.8633 5.0310
-2.8496 3.9221 5.0310
-2.8536 4.0006 5.0310
-2.8495 4.0695 5.0310
-2.8422 4.1355 5.0310
-2.8452 4.2181 5.0310
-2.8502 4.3062 5.0310
-2.8468 4.3837 5.0310
-2.8450 4.4658 5.0310
-2.8356 4.5379 5.0310
-2.8053 4.5778 5.0310
-2.7719 4.6133 5.0310
-2.7280 4.6313 5.0310
-2.6715 4.6272 5.0310
-2.6251 4.6399 5.0310
-2.5632 4.6241 5.0310
-2.5122 4.6270 5.0310
-2.4619 4.6302 5.0310
-2.4117 4.6329 5.0310
-2.3585 4.6288 5.0310
-2.3060 4.6250 5.0310
-2.2537 4.6207 5.0310
-2.2064 4.6257 5.0310
-2.1545 4.6204 5.0310
-2.1050 4.6190 5.0310
-2.0556 4.6171 5.0310
-2.0065 4.6146 5.0310
-1.9599 4.6173 5.0310
-1.9123 4.6166 5.0310
-1.8648 4.6155 5.0310
-1.8266 4.6372 5.0310
-1.7786 4.6334 5.0310
-1.7279 4.6215 5.0310
-1.6800 4.6158 5.0310
-1.6367 4.6218 5.0310
-1.5881 4.6122 5.0310
-1.5450 4.6174 5.0310
-1.4981 4.6107 5.0310
-1.4575 4.6227 5.0310
-1.4110 4.6151 5.0310
-1.3658 4.6110 5.0310
-1.3236 4.6160 5.0310
-1.2771 4.6052 5.0310
-1.2361 4.6133 5.0310
-1.1921 4.6094 5.0310
-1.1496 4.6108 5.0310
-1.1100 4.6236 5.0310
-1.0647 4.6117 5.0310
-1.0222 4.6110 5.0310
-0.9782 4.6022 5.0310
-0.9384 4.6125 5.0310
-0.8941 4.5999 5.0310
-0.8552 4.6144 5.0310
-0.4850 2.7506 5.0310
-0.4428 2.6462 5.0310
-0.4171 2.6332 5.0310
-0.3924 2.6258 5.0310
-0.3691 2.6262 5.0310
-0.3477 2.6412 5.0310
-0.3256 2.6521 5.0310
-0.3029 2.6588 5.0310
-0.2795 2.6594 5.0310
-0.2684 2.7871 5.0310
-0.3846 4.3962 5.0310
-0.4046 5.1411 5.0310
-2.8691 2.7107 5.0310
-2.8951 2.7898 5.0310
-2.9050 2.9328 5.0310
-2.9358 3.0168 5.0310
-2.9492 3.0940 5.0310
-2.9420 3.2349 5.0310
-2.9302 3.3755 5.0310
-2.9217 3.5199 5.0310
-2.9172 3.6689 5.0310
-2.9131 3.8207 5.0310
-2.9126 3.9776 5.0310
-0.4656 2.5870 5.0310
-0.3644 2.5764 5.0310
-0.4723 2.6946 5.0310
-0.4638 2.7418 5.0310
-0.4615 2.7935 5.0310
-0.4578 2.8447 5.0310
-0.4586 2.8994 5.0310
-0.5237 2.9991 5.0310
-0.5244 3.0560 5.0310
-0.4842 3.1417 5.0310
-0.4847 3.2001 5.0310
-0.4846 3.2588 5.0310
-0.4830 3.3171 5.0310
-0.4830 3.3775 5.0310
-0.4831 3.4388 5.0310
-0.4825 3.5003 5.0310
-1.7010 4.5677 5.0310
-0.4514 3.6009 5.0310
-1.5049 4.5650 5.0310
-0.4513 3.7304 5.0310
-0.4515 3.7968 5.0310
-0.4517 3.8642 5.0310
-0.4524 3.9333 5.0310
-0.4530 4.0033 5.0310
-0.4542 4.0751 5.0310
-0.4552 4.1478 5.0310
-0.4573 4.2230 5.0310
-0.4592 4.2992 5.0310
-0.4615 4.3772 5.0310
-0.4627 4.4556 5.0310
-2.8536 2.7557 5.4502
-2.8715 2.8219 5.4502
-2.8666 2.8666 5.4502
-2.8730 2.9236 5.4502
-2.8717 2.9738 5.4502
-2.8484 3.0016 5.4502
-2.8146 3.0183 5.4502
-2.8206 3.0781 5.4502
-2.8150 3.1264 5.4502
-2.8685 3.2422 5.4502
-2.8650 3.2958 5.4502
-2.8693 3.3595 5.4502
-2.8662 3.4158 5.4502
-2.8655 3.4762 5.4502
-2.8621 3.5345 5.4502
-2.8729 3.6117 5.4502
-2.8678 3.6706 5.4502
-2.8630 3.7311 5.4502
-2.8598 3.7951 5.4502
-2.8605 3.8657 5.4502
-2.8543 3.9286 5.4502
-2.8466 3.9908 5.4502
-2.8455 4.0638 5.4502
-2.8490 4.1454 5.4502
-2.8508 4.2264 5.4502
-2.8441 4.2970 5.4502
-2.8474 4.3846 5.4502
-2.8488 4.4717 5.4502
-2.8398 4.5447 5.4502
-2.8058 4.5787 5.4502
-2.7724 4.6141 5.4502
-2.7300 4.6347 5.4502
-2.6790 4.6402 5.4502
-2.6197 4.6303 5.4502
-2.5671 4.6311 5.4502
-2.5170 4.6358 5.4502
-2.4610 4.6284 5.4502
-2.4062 4.6222 5.4502
-2.3567 4.6252 5.4502
-2.3042 4.6214 5.4502
-2.2563 4.6261 5.4502
-2.2003 4.6131 5.4502
-2.1499 4.6104 5.4502
-2.1050 4.6190 5.4502
-2.0544 4.6143 5.4502
-2.0029 4.6064 5.4502
-1.9568 4.6099 5.4502
-1.9100 4.6111 5.4502
-1.8633 4.6118 5.4502
-1.8167 4.6121 5.4502
-1.7696 4.6100 5.4502
-1.7248 4.6131 5.4502
-1.6793 4.6139 5.4502
-1.6323 4.6095 5.4502
-1.5852 4.6037 5.4502
-1.5418 4.6079 5.4502
-1.4963 4.6050 5.4502
-1.4527 4.6074 5.4502
-1.4057 4.5979 5.4502
-1.3633 4.6023 5.4502
-1.3173 4.5939 5.4502
-1.2763 4.6023 5.4502
-1.2338 4.6046 5.4502
-1.1893 4.5987 5.4502
-1.1470 4.6002 5.4502
-1.1070 4.6110 5.4502
-1.0636 4.6068 5.4502
-1.0216 4.6081 5.4502
-0.9795 4.6081 5.4502
-0.9364 4.6027 5.4502
-0.8958 4.6087 5.4502
-0.8545 4.6105 5.4502
-0.5038 2.8569 5.4502
-0.4422 2.6423 5.4502
-0.4174 2.6352 5.4502
-0.3957 2.6476 5.4502
-0.3701 2.6331 5.4502
-0.3475 2.6392 5.4502
-0.3256 2.6521 5.4502
-0.3042 2.6697 5.4502
-0.2814 2.6773 5.4502
-0.2614 2.7144 5.4502
-0.3829 4.3763 5.4502
-0.3895 4.9497 5.4502
-2.8923 2.7200 5.4502
-2.8470 2.7699 5.4502
-2.9059 2.9332 5.4502
-2.9367 3.0172 5.4502
-2.9483 3.0936 5.4502
-2.9411 3.2344 5.4502
-2.9329 3.3768 5.4502
-2.9217 3.5199 5.4502
-2.9163 3.6684 5.4502
-2.9148 3.8217 5.4502
-2.9143 3.9786 5.4502
-0.3993 2.5979 5.4502
-0.4706 2.6936 5.4502
-0.4630 2.7413 5.4502
-0.4607 2.7929 5.4502
-0.4578 2.8447 5.4502
-0.4586 2.8994 5.4502
-0.5229 2.9986 5.4502
-0.5244 3.0560 5.4502
-0.4842 3.1417 5.4502
-0.4839 3.1996 5.4502
-0.4838 3.2582 5.4502
-0.4822 3.3165 5.4502
-0.4822 3.3769 5.4502
-0.4831 3.4388 5.4502
-0.4825 3.5003 5.4502
-1.7034 4.5696 5.4502
-0.4514 3.6009 5.4502
-1.5057 4.5656 5.4502
-0.4513 3.7304 5.4502
-0.4515 3.7968 5.4502
-0.4517 3.8642 5.4502
-1.1410 4.5643 5.4502
-0.4530 4.0033 5.4502
-0.4542 4.0751 5.4502
-0.4552 4.1478 5.4502
-0.4566 4.2223 5.4502
-0.4585 4.2985 5.4502
-0.4608 4.3765 5.4502
-0.4627 4.4556 5.4502
-2.8464 2.7488 5.8695
-2.8837 2.8338 5.8695
-2.8779 2.8779 5.8695
-2.8814 2.9322 5.8695
-2.8787 2.9809 5.8695
-2.8546 3.0081 5.8695
-2.8201 3.0241 5.8695
-2.8192 3.0767 5.8695
-2.8124 3.1234 5.8695
-2.8731 3.2475 5.8695
-2.8650 3.2958 5.8695
-2.8654 3.3549 5.8695
-2.8617 3.4104 5.8695
-2.8706 3.4823 5.8695
-2.8659 3.5391 5.8695
-2.8685 3.6063 5.8695
-2.8622 3.6635 5.8695
-2.8660 3.7351 5.8695
-2.8616 3.7975 5.8695
-2.8569 3.8609 5.8695
-2.8608 3.9375 5.8695
-2.8501 3.9957 5.8695
-2.8530 4.0745 5.8695
-2.8468 4.1421 5.8695
-2.8491 4.2239 5.8695
-2.8513 4.3079 5.8695
-2.8490 4.3871 5.8695
-2.8450 4.4658 5.8695
-2.8367 4.5396 5.8695
-2.8095 4.5846 5.8695
-2.7755 4.6193 5.8695
-2.7326 4.6390 5.8695
-2.6765 4.6358 5.8695
-2.6266 4.6425 5.8695
-2.5729 4.6416 5.8695
-2.5146 4.6314 5.8695
-2.4624 4.6311 5.8695
-2.4117 4.6329 5.8695
-2.3585 4.6288 5.8695
-2.3055 4.6241 5.8695
-2.2545 4.6225 5.8695
-2.2064 4.6257 5.8695
-2.1592 4.6303 5.8695
-2.1029 4.6144 5.8695
-2.0540 4.6134 5.8695
-2.0093 4.6211 5.8695
-1.9615 4.6209 5.8695
-1.9130 4.6185 5.8695
-1.8678 4.6229 5.8695
-1.8204 4.6214 5.8695
-1.7757 4.6259 5.8695
-1.7258 4.6159 5.8695
-1.6855 4.6308 5.8695
-1.6350 4.6171 5.8695
-1.5904 4.6189 5.8695
-1.5440 4.6145 5.8695
-1.5012 4.6202 5.8695
-1.4569 4.6208 5.8695
-1.4104 4.6132 5.8695
-1.3661 4.6119 5.8695
-1.3220 4.6102 5.8695
-1.2793 4.6129 5.8695
-1.2387 4.6229 5.8695
-1.1948 4.6200 5.8695
-1.1508 4.6157 5.8695
-1.1093 4.6207 5.8695
-1.0665 4.6195 5.8695
-1.0222 4.6110 5.8695
-0.9803 4.6120 5.8695
-0.9388 4.6145 5.8695
-0.8981 4.6205 5.8695
-0.8543 4.6095 5.8695
-0.5234 2.9682 5.8695
-0.4450 2.6590 5.8695
-0.4216 2.6618 5.8695
-0.3955 2.6466 5.8695
-0.3720 2.6470 5.8695
-0.3492 2.6521 5.8695
-0.3276 2.6680 5.8695
-0.3046 2.6737 5.8695
-0.2819 2.6822 5.8695
-0.2616 2.7164 5.8695
-0.3839 4.3882 5.8695
-0.3863 4.9078 5.8695
-2.8932 2.7204 5.8695
-2.8480 2.7702 5.8695
-2.9059 2.9332 5.8695
-2.9376 3.0176 5.8695
-2.9483 3.0936 5.8695
-2.9411 3.2344 5.8695
-2.9311 3.3759 5.8695
-2.9199 3.5190 5.8695
-2.9463 3.6084 5.8695
-2.9453 3.7612 5.8695
-2.9126 3.9776 5.8695
-0.4377 2.6214 5.8695
-0.3697 2.6305 5.8695
-0.4630 2.7413 5.8695
-0.4582 2.7913 5.8695
-0.4570 2.8441 5.8695
-0.4586 2.8994 5.8695
-0.5229 2.9986 5.8695
-0.5220 3.0543 5.8695
-0.4558 3.1787 5.8695
-0.4830 3.2576 5.8695
-0.4822 3.3165 5.8695
-0.4822 3.3769 5.8695
-0.4831 3.4388 5.8695
-0.4825 3.5003 5.8695
-1.7034 4.5696 5.8695
-0.4514 3.6009 5.8695
-0.4837 3.6928 5.8695
-1.4067 4.5609 5.8695
-0.4515 3.7968 5.8695
-0.4517 3.8642 5.8695
-0.4524 3.9333 5.8695
-0.4530 4.0033 5.8695
-0.4535 4.0744 5.8695
-0.4552 4.1478 5.8695
-0.4573 4.2230 5.8695
-0.4592 4.2992 5.8695
-0.4615 4.3772 5.8695
-0.4627 4.4556 5.8695
-2.8946 2.7953 6.2887
-2.8901 2.8401 6.2887
-2.8822 2.8822 6.2887
-2.8856 2.9365 6.2887
-2.8891 2.9917 6.2887
-2.8477 3.0009 6.2887
-2.8194 3.0234 6.2887
-2.8179 3.0752 6.2887
-2.8184 3.1301 6.2887
-2.8685 3.2422 6.2887
-2.8598 3.2898 6.2887
-2.8582 3.3465 6.2887
-2.8668 3.4166 6.2887
-2.8630 3.4731 6.2887
-2.8640 3.5368 6.2887
-2.8685 3.6063 6.2887
-2.8665 3.6690 6.2887
-2.8587 3.7256 6.2887
-2.8664 3.8039 6.2887
-2.8581 3.8625 6.2887
-2.8608 3.9375 6.2887
-2.8617 4.0120 6.2887
-2.8495 4.0695 6.2887
-2.8519 4.1495 6.2887
-2.8552 4.2331 6.2887
-2.8530 4.3104 6.2887
-2.8545 4.3955 6.2887
-2.8423 4.4615 6.2887
-2.8430 4.5498 6.2887
-2.8079 4.5821 6.2887
-2.7740 4.6167 6.2887
-2.7346 4.6425 6.2887
-2.6810 4.6436 6.2887
-2.6241 4.6381 6.2887
-2.5695 4.6355 6.2887
-2.5161 4.6340 6.2887
-2.4694 4.6443 6.2887
-2.4094 4.6284 6.2887
-2.3553 4.6225 6.2887
-2.3077 4.6286 6.2887
-2.2567 4.6270 6.2887
-2.2034 4.6194 6.2887
-2.1558 4.6231 6.2887
-2.1050 4.6190 6.2887
-2.0577 4.6216 6.2887
-2.0065 4.6146 6.2887
-1.9576 4.6117 6.2887
-1.9088 4.6083 6.2887
-1.8685 4.6248 6.2887
-1.8186 4.6167 6.2887
-1.7696 4.6100 6.2887
-1.7269 4.6187 6.2887
-1.6810 4.6186 6.2887
-1.6326 4.6105 6.2887
-1.5855 4.6047 6.2887
-1.5431 4.6117 6.2887
-1.4972 4.6079 6.2887
-1.4548 4.6141 6.2887
-1.4101 4.6123 6.2887
-1.3644 4.6062 6.2887
-1.3217 4.6092 6.2887
-1.2771 4.6052 6.2887
-1.2338 4.6046 6.2887
-1.1916 4.6074 6.2887
-1.1513 4.6176 6.2887
-1.1070 4.6110 6.2887
-1.0651 4.6136 6.2887
-1.0227 4.6130 6.2887
-0.9811 4.6159 6.2887
-0.9382 4.6115 6.2887
-0.8960 4.6097 6.2887
-0.8543 4.6095 6.2887
-0.4834 2.7417 6.2887
-0.4479 2.6768 6.2887
-0.4222 2.6658 6.2887
-0.3986 2.6674 6.2887
-0.3756 2.6727 6.2887
-0.3507 2.6640 6.2887
-0.3282 2.6729 6.2887
-0.3054 2.6807 6.2887
-0.2835 2.6971 6.2887
-0.2610 2.7105 6.2887
-0.3807 4.3514 6.2887
-0.3810 4.8410 6.2887
-2.8932 2.7204 6.2887
-2.9219 2.8009 6.2887
-2.9050 2.9328 6.2887
-2.7869 2.9505 6.2887
-2.9465 3.0928 6.2887
-2.9420 3.2349 6.2887
-2.9320 3.3764 6.2887
-2.9199 3.5190 6.2887
-2.9463 3.6084 6.2887
-2.9444 3.7607 6.2887
-2.9126 3.9776 6.2887
-0.4283 2.6156 6.2887
-0.3655 2.6279 6.2887
-0.4613 2.7402 6.2887
-0.4615 2.7935 6.2887
-0.4578 2.8447 6.2887
-0.4569 2.8983 6.2887
-0.5229 2.9986 6.2887
-0.5220 3.0543 6.2887
-0.4842 3.1417 6.2887
-0.4543 3.2360 6.2887
-2.0935 4.5529 6.2887
-0.4531 3.3541 6.2887
-0.4823 3.4381 6.2887
-0.4825 3.5003 6.2887
-1.7010 4.5677 6.2887
-0.4514 3.6009 6.2887
-0.4837 3.6928 6.2887
-1.4067 4.5609 6.2887
-0.4515 3.7968 6.2887
-0.4517 3.8642 6.2887
-0.4524 3.9333 6.2887
-0.4530 4.0033 6.2887
-0.4535 4.0744 6.2887
-0.4559 4.1485 6.2887
-0.4573 4.2230 6.2887
-0.4585 4.2985 6.2887
-0.4615 4.3772 6.2887
-0.4627 4.4556 6.2887
-2.8906 2.7431 6.7080
-2.9047 2.8050 6.7080
-2.8958 2.8457 6.7080
-2.8921 2.8921 6.7080
-2.8821 2.9329 6.7080
-2.8780 2.9802 6.7080
-2.8553 3.0089 6.7080
-2.8173 3.0212 6.7080
-2.8192 3.0767 6.7080
-2.8150 3.1264 6.7080
-2.8698 3.2437 6.7080
-2.8611 3.2913 6.7080
-2.8615 3.3503 6.7080
-2.8623 3.4112 6.7080
-2.8617 3.4715 6.7080
-2.8666 3.5399 6.7080
-2.8654 3.6023 6.7080
-2.8684 3.6713 6.7080
-2.8691 3.7391 6.7080
-2.8634 3.7999 6.7080
-2.8504 3.8521 6.7080
-2.8484 3.9205 6.7080
-2.8495 3.9949 6.7080
-2.8461 4.0646 6.7080
-2.8547 4.1536 6.7080
-2.8463 4.2198 6.7080
-2.8480 4.3029 6.7080
-2.8436 4.3787 6.7080
-2.8434 4.4632 6.7080
-2.8393 4.5438 6.7080
-2.8126 4.5898 6.7080
-2.7755 4.6193 6.7080
-2.7397 4.6511 6.7080
-2.6765 4.6358 6.7080
-2.6286 4.6460 6.7080
-2.5719 4.6399 6.7080
-2.5194 4.6402 6.7080
-2.4628 4.6319 6.7080
-2.4163 4.6417 6.7080
-2.3630 4.6377 6.7080
-2.3100 4.6331 6.7080
-2.2559 4.6252 6.7080
-2.2072 4.6276 6.7080
-2.1566 4.6249 6.7080
-2.1091 4.6281 6.7080
-2.0601 4.6271 6.7080
-2.0117 4.6266 6.7080
-1.9662 4.6320 6.7080
-1.9195 4.6342 6.7080
-1.8723 4.6341 6.7080
-1.8263 4.6363 6.7080
-1.7807 4.6390 6.7080
-1.7314 4.6309 6.7080
-1.6848 4.6289 6.7080
-1.6403 4.6321 6.7080
-1.5930 4.6264 6.7080
-1.5526 4.6401 6.7080
-1.5031 4.6259 6.7080
-1.4605 4.6322 6.7080
-1.4177 4.6371 6.7080
-1.3704 4.6263 6.7080
-1.3291 4.6352 6.7080
-1.2822 4.6235 6.7080
-1.2426 4.6374 6.7080
-1.1953 4.6219 6.7080
-1.1542 4.6293 6.7080
-1.1100 4.6236 6.7080
-1.0672 4.6224 6.7080
-1.0257 4.6267 6.7080
-0.9822 4.6208 6.7080
-0.9408 4.6243 6.7080
-0.5726 2.9459 6.7080
-0.5088 2.7452 6.7080
-0.4853 2.7525 6.7080
-0.4516 2.6985 6.7080
-0.4272 2.6974 6.7080
-0.4037 2.7010 6.7080
-0.3790 2.6965 6.7080
-0.3541 2.6898 6.7080
-0.3310 2.6958 6.7080
-0.3067 2.6916 6.7080
-0.2842 2.7041 6.7080
-0.2624 2.7254 6.7080
-0.3825 4.3723 6.7080
-0.3816 4.8490 6.7080
-0.4194 5.9984 6.7080
-2.9164 2.7298 6.7080
-2.8711 2.7798 6.7080
-2.9050 2.9328 6.7080
-2.9376 3.0176 6.7080
-2.9483 3.0936 6.7080
-2.9429 3.2353 6.7080
-2.9320 3.3764 6.7080
-2.9208 3.5194 6.7080
-2.9463 3.6084 6.7080
-2.9140 3.8212 6.7080
-2.9134 3.9781 6.7080
-0.4624 2.6365 6.7080
-0.4681 2.6920 6.7080
-0.3289 2.6559 6.7080
-0.4637 2.8485 6.7080
-0.4561 2.8977 6.7080
-0.5221 2.9980 6.7080
-0.5228 3.0549 6.7080
-0.4842 3.1417 6.7080
-0.4543 3.2360 6.7080
-2.1236 4.5761 6.7080
-0.4523 3.3535 6.7080
-1.8996 4.5655 6.7080
-0.4514 3.4751 6.7080
-1.7034 4.5696 6.7080
-0.4506 3.6003 6.7080
-1.5064 4.5663 6.7080
-0.4513 3.7304 6.7080
-0.4515 3.7968 6.7080
-0.4517 3.8642 6.7080
-0.4524 3.9333 6.7080
-0.4530 4.0033 6.7080
-0.4535 4.0744 6.7080
-0.4559 4.1485 6.7080
-0.4573 4.2230 6.7080
-0.4585 4.2985 6.7080
-0.4608 4.3765 6.7080
-0.4627 4.4556 6.7080
-2.9856 2.8333 7.1272
-2.8968 2.7974 7.1272
-2.8929 2.8429 7.1272
-2.8808 2.8808 7.1272
-2.8842 2.9350 7.1272
-2.8745 2.9766 7.1272
-2.8512 3.0045 7.1272
-2.8235 3.0278 7.1272
-2.8253 3.0833 7.1272
-2.8184 3.1301 7.1272
-2.8612 3.2340 7.1272
-2.8630 3.2936 7.1272
-2.8634 3.3526 7.1272
-2.8655 3.4150 7.1272
-2.8630 3.4731 7.1272
-2.8621 3.5345 7.1272
-2.8661 3.6031 7.1272
-2.8671 3.6698 7.1272
-2.8636 3.7319 7.1272
-2.8598 3.7951 7.1272
-2.8599 3.8649 7.1272
-2.8519 3.9254 7.1272
-2.8478 3.9924 7.1272
-2.8438 4.0614 7.1272
-2.8485 4.1445 7.1272
-2.8413 4.2123 7.1272
-2.8480 4.3029 7.1272
-2.8490 4.3871 7.1272
-2.8461 4.4674 7.1272
-2.8441 4.5515 7.1272
-2.8063 4.5795 7.1272
-2.7724 4.6141 7.1272
-2.7336 4.6407 7.1272
-2.6765 4.6358 7.1272
-2.6271 4.6433 7.1272
-2.5724 4.6407 7.1272
-2.5189 4.6393 7.1272
-2.4666 4.6390 7.1272
-2.4136 4.6364 7.1272
-2.3612 4.6341 7.1272
-2.3086 4.6304 7.1272
-2.2602 4.6342 7.1272
-2.2090 4.6312 7.1272
-2.1558 4.6231 7.1272
-2.1095 4.6290 7.1272
-2.0597 4.6262 7.1272
-2.0093 4.6211 7.1272
-1.9619 4.6219 7.1272
-1.9165 4.6268 7.1272
-1.8727 4.6350 7.1272
-1.8241 4.6307 7.1272
-1.7771 4.6296 7.1272
-1.7332 4.6356 7.1272
-1.6848 4.6289 7.1272
-1.6387 4.6274 7.1272
-1.5924 4.6245 7.1272
-1.5481 4.6269 7.1272
-1.5021 4.6231 7.1272
-1.4623 4.6379 7.1272
-1.4154 4.6295 7.1272
-1.3718 4.6311 7.1272
-1.3258 4.6237 7.1272
-1.2846 4.6322 7.1272
-1.2408 4.6306 7.1272
-1.1966 4.6268 7.1272
-1.1549 4.6322 7.1272
-1.1112 4.6285 7.1272
-1.0676 4.6244 7.1272
-1.0264 4.6296 7.1272
-0.9820 4.6198 7.1272
-0.9414 4.6272 7.1272
-0.8991 4.6254 7.1272
-0.5243 2.8288 7.1272
-0.4820 2.7338 7.1272
-0.4507 2.6935 7.1272
-0.4244 2.6796 7.1272
-0.4020 2.6901 7.1272
-0.3776 2.6866 7.1272
-0.3520 2.6739 7.1272
-0.3306 2.6928 7.1272
-0.3081 2.7045 7.1272
-0.2868 2.7290 7.1272
-0.2643 2.7453 7.1272
-0.2686 3.0703 7.1272
-0.3796 4.8231 7.1272
-0.3677 5.2582 7.1272
-2.9164 2.7298 7.1272
-2.9068 2.9336 7.1272
-2.9385 3.0180 7.1272
-2.9492 3.0940 7.1272
-2.9429 3.2353 7.1272
-2.9311 3.3759 7.1272
-2.9243 3.5213 7.1272
-2.9163 3.6684 7.1272
-2.9157 3.8222 7.1272
-2.9143 3.9786 7.1272
-2.9223 4.1439 7.1272
-0.3960 2.6469 7.1272
-0.4647 2.7424 7.1272
-2.9320 4.4823 7.1272
-0.4561 2.8977 7.1272
-0.5213 2.9974 7.1272
-0.5228 3.0549 7.1272
-0.4866 3.1435 7.1272
-0.4543 3.2360 7.1272
-0.4822 3.3165 7.1272
-0.4822 3.3769 7.1272
-0.4823 3.4381 7.1272
-0.4825 3.5003 7.1272
-1.7041 4.5702 7.1272
-0.4506 3.6003 7.1272
-0.4510 3.6648 7.1272
-1.4415 4.5911 7.1272
-0.4515 3.7968 7.1272
-0.4517 3.8642 7.1272
-0.4524 3.9333 7.1272
-0.4538 4.0040 7.1272
-0.4542 4.0751 7.1272
-0.4559 4.1485 7.1272
-0.4573 4.2230 7.1272
-0.4592 4.2992 7.1272
-0.4601 4.3758 7.1272
-0.4634 4.4563 7.1272
-2.8637 2.7654 7.5465
-2.8894 2.8394 7.5465
-2.8885 2.8885 7.5465
-2.8835 2.9343 7.5465
-2.8787 2.9809 7.5465
-2.8594 3.0132 7.5465
-2.8221 3.0263 7.5465
-2.8179 3.0752 7.5465
-2.8130 3.1242 7.5465
-2.8619 3.2347 7.5465
-2.8545 3.2837 7.5465
-2.8602 3.3488 7.5465
-2.8604 3.4089 7.5465
-2.8630 3.4731 7.5465
-2.8609 3.5329 7.5465
-2.8586 3.5937 7.5465
-2.8622 3.6635 7.5465
-2.8612 3.7288 7.5465
-2.8580 3.7927 7.5465
-2.8611 3.8666 7.5465
-2.8602 3.9367 7.5465
-2.8536 4.0006 7.5465
-2.8512 4.0720 7.5465
-2.8439 4.1379 7.5465
-2.8446 4.2173 7.5465
-2.8480 4.3029 7.5465
-2.8441 4.3795 7.5465
-2.8423 4.4615 7.5465
-2.8382 4.5421 7.5465
-2.8074 4.5812 7.5465
-2.7668 4.6047 7.5465
-2.7280 4.6313 7.5465
-2.6805 4.6428 7.5465
-2.6290 4.6468 7.5465
-2.5748 4.6451 7.5465
-2.5213 4.6437 7.5465
-2.4633 4.6328 7.5465
-2.4154 4.6400 7.5465
-2.3594 4.6306 7.5465
-2.3095 4.6322 7.5465
-2.2576 4.6288 7.5465
-2.2085 4.6303 7.5465
-2.1524 4.6158 7.5465
-2.1083 4.6262 7.5465
-2.0548 4.6152 7.5465
-2.0097 4.6220 7.5465
-1.9615 4.6209 7.5465
-1.9142 4.6212 7.5465
-1.8644 4.6146 7.5465
-1.8233 4.6288 7.5465
-1.7750 4.6240 7.5465
-1.7279 4.6215 7.5465
-1.6821 4.6214 7.5465
-1.6367 4.6218 7.5465
-1.5888 4.6141 7.5465
-1.5450 4.6174 7.5465
-1.4990 4.6136 7.5465
-1.4569 4.6208 7.5465
-1.4089 4.6084 7.5465
-1.3650 4.6081 7.5465
-1.3203 4.6044 7.5465
-1.2785 4.6100 7.5465
-1.2343 4.6065 7.5465
-1.1926 4.6113 7.5465
-1.1506 4.6147 7.5465
-1.1075 4.6129 7.5465
-1.0647 4.6117 7.5465
-1.0246 4.6218 7.5465
-0.9809 4.6149 7.5465
-0.9400 4.6203 7.5465
-0.8989 4.6244 7.5465
-0.8565 4.6213 7.5465
-0.4881 2.7683 7.5465
-0.4517 2.6995 7.5465
-0.4239 2.6766 7.5465
-0.4007 2.6812 7.5465
-0.3762 2.6767 7.5465
-0.3528 2.6799 7.5465
-0.3301 2.6888 7.5465
-0.3078 2.7015 7.5465
-0.2844 2.7061 7.5465
-0.2612 2.7125 7.5465
-0.3803 4.3464 7.5465
-0.3744 4.7573 7.5465
-0.3901 5.5794 7.5465
-2.8932 2.7204 7.5465
-2.9219 2.8009 7.5465
-2.9050 2.9328 7.5465
-2.9367 3.0172 7.5465
-2.9501 3.0944 7.5465
-2.9153 3.2948 7.5465
-2.9329 3.3768 7.5465
-2.9243 3.5213 7.5465
-2.9181 3.6694 7.5465
-2.9148 3.8217 7.5465
-2.9160 3.9796 7.5465
-0.4633 2.6371 7.5465
-0.3968 2.6475 7.5465
-0.4689 2.7451 7.5465
-0.4624 2.7940 7.5465
-0.4587 2.8452 7.5465
-0.4577 2.8989 7.5465
-0.5213 2.9974 7.5465
-0.5220 3.0543 7.5465
-0.4874 3.1441 7.5465
-0.4543 3.2360 7.5465
-0.4830 3.3171 7.5465
-1.9968 4.5602 7.5465
-0.4526 3.4145 7.5465
-1.8013 4.5682 7.5465
-0.4518 3.5379 7.5465
-0.4514 3.6009 7.5465
-0.4510 3.6648 7.5465
-0.4513 3.7304 7.5465
-0.4515 3.7968 7.5465
-0.4517 3.8642 7.5465
-0.4524 3.9333 7.5465
-0.4530 4.0033 7.5465
-0.4542 4.0751 7.5465
-0.4559 4.1485 7.5465
-0.4573 4.2230 7.5465
-0.4592 4.2992 7.5465
-0.4615 4.3772 7.5465
-0.4641 4.4570 7.5465
-2.8543 2.7564 7.9657
-2.8815 2.8317 7.9657
-2.8822 2.8822 7.9657
-2.8927 2.9436 7.9657
-2.8801 2.9824 7.9657
-2.8498 3.0030 7.9657
-2.8262 3.0307 7.9657
-2.8246 3.0826 7.9657
-2.8184 3.1301 7.9657
-2.8513 3.2228 7.9657
-2.8663 3.2973 7.9657
-2.8537 3.3412 7.9657
-2.8565 3.4043 7.9657
-2.8579 3.4669 7.9657
-2.8603 3.5321 7.9657
-2.8673 3.6047 7.9657
-2.8610 3.6619 7.9657
-2.8545 3.7200 7.9657
-2.8568 3.7911 7.9657
-2.8540 3.8569 7.9657
-2.8525 3.9262 7.9657
-2.8478 3.9924 7.9657
-2.8472 4.0663 7.9657
-2.8507 4.1478 7.9657
-2.8435 4.2157 7.9657
-2.8463 4.3003 7.9657
-2.8436 4.3787 7.9657
-2.8466 4.4683 7.9657
-2.8361 4.5388 7.9657
-2.8032 4.5744 7.9657
-2.7694 4.6090 7.9657
-2.7300 4.6347 7.9657
-2.6855 4.6514 7.9657
-2.6251 4.6399 7.9657
-2.5729 4.6416 7.9657
-2.5223 4.6454 7.9657
-2.4694 4.6443 7.9657
-2.4131 4.6355 7.9657
-2.3630 4.6377 7.9657
-2.3126 4.6384 7.9657
-2.2580 4.6297 7.9657
-2.2046 4.6221 7.9657
-2.1596 4.6312 7.9657
-2.1116 4.6335 7.9657
-2.0626 4.6326 7.9657
-2.0097 4.6220 7.9657
-1.9646 4.6283 7.9657
-1.9180 4.6305 7.9657
-1.8682 4.6239 7.9657
-1.8211 4.6232 7.9657
-1.7750 4.6240 7.9657
-1.7314 4.6309 7.9657
-1.6862 4.6327 7.9657
-1.6357 4.6189 7.9657
-1.5920 4.6236 7.9657
-1.5450 4.6174 7.9657
-1.5012 4.6202 7.9657
-1.4548 4.6141 7.9657
-1.4104 4.6132 7.9657
-1.3670 4.6148 7.9657
-1.3247 4.6198 7.9657
-1.2793 4.6129 7.9657
-1.2351 4.6094 7.9657
-1.1943 4.6181 7.9657
-1.1479 4.6041 7.9657
-1.1061 4.6071 7.9657
-1.0636 4.6068 7.9657
-1.0233 4.6159 7.9657
-0.9805 4.6129 7.9657
-0.9388 4.6145 7.9657
-0.8964 4.6117 7.9657
-0.8545 4.6105 7.9657
-0.5255 2.9800 7.9657
-0.4555 2.7221 7.9657
-0.4247 2.6816 7.9657
-0.4015 2.6862 7.9657
-0.3779 2.6886 7.9657
-0.3532 2.6828 7.9657
-0.3262 2.6570 7.9657
-0.3036 2.6648 7.9657
-0.2803 2.6673 7.9657
-0.3827 3.9746 7.9657
-0.3797 4.3404 7.9657
-0.3702 4.7035 7.9657
-0.3745 5.3559 7.9657
-0.3527 5.7662 7.9657
-2.8932 2.7204 7.9657
-2.9219 2.8009 7.9657
-2.9285 2.8730 7.9657
-2.9334 2.9452 7.9657
-2.9376 3.0176 7.9657
-2.7627 3.0090 7.9657
-2.9429 3.2353 7.9657
-2.9338 3.3773 7.9657
-2.9261 3.5222 7.9657
-2.9190 3.6698 7.9657
-2.9174 3.8232 7.9657
-2.9160 3.9796 7.9657
-0.4633 2.6371 7.9657
-0.3943 2.6459 7.9657
-0.3280 2.6553 7.9657
-0.4590 2.7918 7.9657
-0.4578 2.8447 7.9657
-0.4884 2.9195 7.9657
-0.4273 2.9329 7.9657
-0.4933 3.0342 7.9657
-0.4907 3.1464 7.9657
-0.4839 3.1996 7.9657
-0.4822 3.2570 7.9657
-2.1260 4.5779 7.9657
-0.4531 3.3541 7.9657
-0.4518 3.4139 7.9657
-0.4825 3.5003 7.9657
-1.7041 4.5702 7.9657
-0.4514 3.6009 7.9657
-0.4510 3.6648 7.9657
-0.4513 3.7304 7.9657
-0.4515 3.7968 7.9657
-0.4517 3.8642 7.9657
-0.4524 3.9333 7.9657
-0.4530 4.0033 7.9657
-0.4549 4.0757 7.9657
-0.4552 4.1478 7.9657
-0.4573 4.2230 7.9657
-0.4599 4.2999 7.9657
-0.4622 4.3779 7.9657
-0.4641 4.4570 7.9657
-2.8572 2.7592 8.3850
-2.8858 2.8359 8.3850
-2.8779 2.8779 8.3850
-2.8793 2.9300 8.3850
-2.8821 2.9845 8.3850
-2.8505 3.0038 8.3850
-2.8201 3.0241 8.3850
-2.8159 3.0730 8.3850
-2.8190 3.1309 8.3850
-2.8473 3.2183 8.3850
-2.8683 3.2996 8.3850
-2.8673 3.3572 8.3850
-2.8668 3.4166 8.3850
-2.8554 3.4638 8.3850
-2.8603 3.5321 8.3850
-2.8480 3.5804 8.3850
-2.8364 3.6304 8.3850
-2.8180 3.6724 8.3850
-2.8008 3.7168 8.3850
-2.7808 3.7580 8.3850
-2.7696 3.8121 8.3850
-2.7537 3.8605 8.3850
-2.7360 3.9074 8.3850
-2.7261 3.9665 8.3850
-2.6931 3.9926 8.3850
-2.6305 3.9743 8.3850
-2.5772 3.9686 8.3850
-2.5221 3.9589 8.3850
-2.4710 3.9544 8.3850
-2.4218 3.9520 8.3850
-2.3192 3.8598 8.3850
-2.3032 3.9101 8.3850
-2.2195 3.8443 8.3850
-2.2085 3.9035 8.3850
-2.1976 3.9647 8.3850
-2.1534 3.9661 8.3850
-2.1060 3.9609 8.3850
-2.0654 3.9676 8.3850
-2.0153 3.9552 8.3850
-1.9624 3.9359 8.3850
-1.9227 3.9421 8.3850
-1.8757 3.9326 8.3850
-1.8291 3.9225 8.3850
-1.7848 3.9165 8.3850
-1.7490 3.9282 8.3850
-1.7039 3.9186 8.3850
-1.6633 3.9186 8.3850
-1.6199 3.9108 8.3850
-1.5835 3.9192 8.3850
-1.5389 3.9068 8.3850
-1.4987 3.9042 8.3850
-1.4611 3.9078 8.3850
-1.4218 3.9063 8.3850
-1.3830 3.9054 8.3850
-1.3430 3.9003 8.3850
-1.3051 3.9005 8.3850
-1.2676 3.9012 8.3850
-1.2311 3.9045 8.3850
-1.1914 3.8969 8.3850
-1.1511 3.8861 8.3850
-1.1139 3.8845 8.3850
-1.0746 3.8748 8.3850
-1.0327 3.8540 8.3850
-0.9965 3.8532 8.3850
-0.9573 3.8395 8.3850
-0.9205 3.8341 8.3850
-0.8841 3.8293 8.3850
-0.8471 3.8212 8.3850
-0.8123 3.8216 8.3850
-0.7753 3.8109 8.3850
-0.7405 3.8097 8.3850
-0.7067 3.8131 8.3850
-0.6670 3.7826 8.3850
-0.4577 2.7350 8.3850
-0.4214 2.6608 8.3850
-0.3978 2.6614 8.3850
-0.3741 2.6618 8.3850
-0.3520 2.6739 8.3850
-0.3280 2.6709 8.3850
-0.3061 2.6866 8.3850
-0.2834 2.6961 8.3850
-0.3137 3.2579 8.3850
-0.4560 5.2121 8.3850
-0.4234 5.3794 8.3850
-2.8932 2.7204 8.3850
-2.9219 2.8009 8.3850
-2.8059 2.8897 8.3850
-2.9367 3.0172 8.3850
-2.9501 3.0944 8.3850
-2.9438 3.2357 8.3850
-2.9329 3.3768 8.3850
-2.9252 3.5218 8.3850
-2.9163 3.6684 8.3850
-2.9166 3.8227 8.3850
-2.9178 3.9806 8.3850
-0.4300 2.6167 8.3850
-0.3663 2.6284 8.3850
-0.4621 2.7408 8.3850
-0.4607 2.7929 8.3850
-0.4595 2.8458 8.3850
-0.4561 2.8977 8.3850
-0.4603 2.9555 8.3850
-0.4919 3.0899 8.3850
-0.4874 3.1441 8.3850
-2.2106 4.4772 8.3850
-0.4543 3.2360 8.3850
-0.4528 3.2940 8.3850
-0.4531 3.3541 8.3850
-0.4518 3.4139 8.3850
-0.4514 3.4751 8.3850
-0.4510 3.5372 8.3850
-0.4506 3.6003 8.3850
-0.4510 3.6648 8.3850
-0.4513 3.7304 8.3850
-0.4515 3.7968 8.3850
-0.4517 3.8642 8.3850
-0.4517 3.9326 8.3850
-0.4867 4.0347 8.3850
-0.5217 4.1391 8.3850
-0.5580 4.2471 8.3850
-0.5921 4.3555 8.3850
-2.6787 3.3676 8.8042
-2.6326 3.3695 8.8042
-2.6110 3.4027 8.8042
-2.6131 3.4677 8.8042
-2.6059 3.5217 8.8042
-2.5774 3.5475 8.8042
-2.5493 3.5740 8.8042
-2.6293 3.7550 8.8042
-2.5907 3.7696 8.8042
-2.5494 3.7796 8.8042
-2.5058 3.7858 8.8042
-2.5108 3.8663 8.8042
-2.5334 3.9766 8.8042
-2.5696 4.1122 8.8042
-2.5843 4.2172 8.8042
-2.5397 4.2267 8.8042
-2.3971 4.0695 8.8042
-2.2960 3.9768 8.8042
-2.1785 3.8505 8.8042
-2.1637 3.9034 8.8042
-2.1348 3.9318 8.8042
-2.1244 3.9953 8.8042
-2.1148 4.0625 8.8042
-1.7143 3.3644 8.8042
-1.6362 3.2817 8.8042
-1.6154 3.3121 8.8042
-1.5912 3.3360 8.8042
-1.5785 3.3851 8.8042
-1.5584 3.4196 8.8042
-1.5440 3.4678 8.8042
-1.5324 3.5243 8.8042
-1.5289 3.6019 8.8042
-1.5254 3.6826 8.8042
-1.4996 3.7115 8.8042
-1.4814 3.7607 8.8042
-1.4844 3.8669 8.8042
-1.4891 3.9827 8.8042
-1.9700 5.4126 8.8042
-1.6574 4.6802 8.8042
-1.7545 5.0954 8.8042
-1.7376 5.1930 8.8042
-1.6523 5.0853 8.8042
-1.6933 5.3704 8.8042
-1.6215 5.3037 8.8042
-1.6842 5.6858 8.8042
-1.5193 5.2985 8.8042
-1.1804 4.2564 8.8042
-1.1059 4.1274 8.8042
-1.0661 4.1224 8.8042
-1.0437 4.1859 8.8042
-1.0127 4.2181 8.8042
-0.9752 4.2239 8.8042
-0.9372 4.2274 8.8042
-0.8973 4.2217 8.8042
-0.8567 4.2107 8.8042
-0.8205 4.2210 8.8042
-0.7814 4.2162 8.8042
-0.6845 3.8821 8.8042
-0.6995 4.1799 8.8042
-0.8099 5.1133 8.8042
-0.7707 5.1567 8.8042
-0.7191 5.1167 8.8042
-0.3593 2.7294 8.8042
-0.3339 2.7196 8.8042
-0.5346 5.0860 8.8042
-0.4906 5.0954 8.8042
-0.4531 5.1792 8.8042
-0.4209 5.3475 8.8042
-2.8932 2.7204 8.8042
-2.9200 2.8001 8.8042
-2.9285 2.8730 8.8042
-2.8078 2.8905 8.8042
-2.2241 2.6999 8.8042
-2.0629 2.6901 8.8042
-1.9241 2.6879 8.8042
-1.8120 2.6959 8.8042
-1.6678 2.6863 8.8042
-1.5475 2.6861 8.8042
-1.4882 2.7149 8.8042
-1.4262 2.7414 8.8042
-1.3623 2.7661 8.8042
-1.2589 2.7685 8.8042
-1.1663 2.8324 8.8042
-1.1007 2.8525 8.8042
-1.0334 2.8706 8.8042
-0.9293 2.8657 8.8042
-0.4658 2.6386 8.8042
-0.4028 2.6512 8.8042
-0.4343 2.7230 8.8042
-0.6653 2.9258 8.8042
-0.5587 2.9115 8.8042
-0.4586 2.8994 8.8042
-2.7233 5.1278 8.8042
-2.6142 5.1339 8.8042
-2.4813 5.1189 8.8042
-2.4794 4.1264 9.2234
-2.4575 4.1720 9.2234
-2.4575 4.2565 9.2234
-2.4188 4.2752 9.2234
-2.3746 4.2839 9.2234
-2.3195 4.2719 9.2234
-2.2774 4.2832 9.2234
-2.2293 4.2825 9.2234
-2.1764 4.2715 9.2234
-2.1194 4.2509 9.2234
-2.0792 4.2630 9.2234
-2.0238 4.2431 9.2234
-1.9812 4.2488 9.2234
-1.9399 4.2568 9.2234
-1.8982 4.2635 9.2234
-1.8478 4.2497 9.2234
-1.8103 4.2647 9.2234
-1.7688 4.2702 9.2234
-1.7254 4.2706 9.2234
-1.6753 4.2529 9.2234
-1.6370 4.2646 9.2234
-1.5885 4.2487 9.2234
-1.5459 4.2474 9.2234
-1.5015 4.2400 9.2234
-1.4638 4.2511 9.2234
-1.3933 4.1641 9.2234
-1.3445 4.1380 9.2234
-1.3069 4.1449 9.2234
-1.2730 4.1638 9.2234
-1.2372 4.1766 9.2234
-1.2015 4.1901 9.2234
-1.1665 4.2062 9.2234
-1.1347 4.2346 9.2234
-0.8991 3.4766 9.2234
-0.8305 3.3310 9.2234
-0.8150 3.3945 9.2234
-0.9272 4.0164 9.2234
-0.8865 3.9989 9.2234
-0.8680 4.0838 9.2234
-0.8539 4.1970 9.2234
-0.8375 4.3084 9.2234
-0.8017 4.3253 9.2234
-0.8580 4.8659 9.2234
-0.8655 5.1721 9.2234
-0.8189 5.1705 9.2234
-0.7723 5.1676 9.2234
-0.7275 5.1761 9.2234
-0.6808 5.1714 9.2234
-0.6347 5.1692 9.2234
-0.5892 5.1715 9.2234
-0.5437 5.1725 9.2234
-0.4987 5.1790 9.2234
-0.4561 5.2131 9.2234
-0.4217 5.3584 9.2234
-1.5160 3.5451 9.2234
-2.4250 4.2258 9.2234
-2.3014 4.2209 9.2234
-2.1742 4.2112 9.2234
-2.0802 4.2229 9.2234
-1.3312 3.7571 9.2234
-1.7267 4.1191 9.2234
-1.6642 4.1477 9.2234
-1.6080 4.1804 9.2234
-1.5114 4.1810 9.2234
-1.4152 4.1802 9.2234
-0.7490 3.7161 9.2234
-1.2520 4.1975 9.2234
-1.1531 4.1897 9.2234
-0.9886 4.1975 9.2234
-0.7870 4.0937 9.2234
-0.8225 4.1981 9.2234
-0.6588 4.3444 9.2234
-2.7308 5.2458 9.6427
-2.6645 5.2293 9.6427
-2.6036 5.2219 9.6427
-2.5456 5.2193 9.6427
-2.4896 5.2197 9.6427
-2.4406 5.2339 9.6427
-2.3812 5.2250 9.6427
-2.3229 5.2173 9.6427
-2.2653 5.2098 9.6427
-2.2111 5.2091 9.6427
-2.1537 5.1996 9.6427
-2.1083 5.2182 9.6427
-2.0136 5.1117 9.6427
-1.9291 5.0255 9.6427
-1.9566 5.2332 9.6427
-1.6417 4.5105 9.6427
-1.6664 4.7057 9.6427
-1.8398 5.3431 9.6427
-1.7912 5.3533 9.6427
-1.7215 5.2983 9.6427
-1.5898 5.0423 9.6427
-1.6066 5.2549 9.6427
-1.6186 5.4643 9.6427
-1.5709 5.4782 9.6427
-1.5863 5.7201 9.6427
-1.4403 5.3754 9.6427
-1.3954 5.3955 9.6427
-1.3458 5.3978 9.6427
-1.2424 5.1750 9.6427
-1.1999 5.1973 9.6427
-1.1904 5.3696 9.6427
-1.4236 3.3533 9.6427
-1.9854 3.7831 9.6427
-1.9247 3.8155 9.6427
-1.3597 3.5073 9.6427
-1.9355 3.9694 9.6427
-1.8130 3.9583 9.6427
-1.4631 3.8529 9.6427
-1.6027 4.1014 9.6427
-1.6040 4.1773 9.6427
-2.6756 5.2762 9.6427
-2.6278 5.3316 9.6427
-1.9651 4.8710 9.6427
-2.3657 5.3001 9.6427
-1.7667 4.8739 9.6427
-1.7045 4.9054 9.6427
-1.8993 5.1677 9.6427
-1.5823 5.0563 9.6427
-1.4810 5.1384 9.6427
-1.6203 5.4603 9.6427
-1.3558 5.2873 9.6427
-2.8837 2.8338 10.0619
-2.8892 2.8892 10.0619
-2.9039 2.9550 10.0619
-2.9051 3.0083 10.0619
-2.8980 3.0538 10.0619
-2.9149 3.1258 10.0619
-2.9185 3.1850 10.0619
-2.9167 3.2394 10.0619
-2.7142 5.2138 10.0619
-2.6722 5.2445 10.0619
-2.6098 5.2345 10.0619
-2.5526 5.2337 10.0619
-2.5030 5.2476 10.0619
-2.4292 5.2095 10.0619
-2.3758 5.2132 10.0619
-2.3184 5.2072 10.0619
-2.2657 5.2107 10.0619
-2.2119 5.2110 10.0619
-2.1606 5.2162 10.0619
-2.0813 5.1514 10.0619
-2.0370 5.1713 10.0619
-1.9918 5.1888 10.0619
-1.9643 5.2538 10.0619
-1.8921 5.1984 10.0619
-1.8553 5.2392 10.0619
-1.8554 5.3885 10.0619
-1.8518 5.5344 10.0619
-1.7259 5.3117 10.0619
-1.6602 5.2655 10.0619
-1.5706 5.1373 10.0619
-1.4689 4.9590 10.0619
-1.5259 5.3215 10.0619
-1.4663 5.2874 10.0619
-1.4377 5.3657 10.0619
-1.4014 5.4187 10.0619
-1.4264 5.7209 10.0619
-0.6219 2.5904 10.0619
-0.5480 2.3736 10.0619
-0.5262 2.3734 10.0619
-0.5115 2.4062 10.0619
-0.4958 2.4371 10.0619
-0.5024 2.5846 10.0619
-0.4847 2.6155 10.0619
-0.4772 2.7063 10.0619
-0.4679 2.7961 10.0619
-0.4602 2.9058 10.0619
-0.4492 3.0056 10.0619
-0.4387 3.1213 10.0619
-2.8006 5.1882 10.0619
-2.6588 5.1694 10.0619
-2.5194 5.1497 10.0619
-2.4179 5.1586 10.0619
-1.6349 4.5940 10.0619
-2.2083 5.1657 10.0619
-2.0762 5.1428 10.0619
-1.8903 5.0697 10.0619
-1.8009 5.1689 10.0619
-1.8872 5.3407 10.0619
-1.5118 5.0787 10.0619
-1.5968 5.2502 10.0619
-1.3425 5.0928 10.0619
-1.2872 5.1272 10.0619
-1.2157 5.1447 10.0619
-1.3408 5.3648 10.0619
-2.6738 2.3656 10.4812
-2.6181 2.3573 10.4812
-2.5724 2.3571 10.4812
-2.5224 2.3522 10.4812
-2.4757 2.3494 10.4812
-2.4350 2.3514 10.4812
-2.3837 2.3424 10.4812
-2.3419 2.3419 10.4812
-2.2997 2.3402 10.4812
-2.2576 2.3379 10.4812
-2.2206 2.3401 10.4812
-2.1749 2.3323 10.4812
-2.1416 2.3372 10.4812
-2.1011 2.3335 10.4812
-2.0654 2.3345 10.4812
-2.0272 2.3321 10.4812
-1.9990 2.3405 10.4812
-1.9624 2.3387 10.4812
-1.9260 2.3365 10.4812
-1.8892 2.3330 10.4812
-1.8532 2.3298 10.4812
-1.8248 2.3357 10.4812
-1.7891 2.3317 10.4812
-1.7615 2.3376 10.4812
-1.7262 2.3328 10.4812
-1.6911 2.3275 10.4812
-1.6585 2.3251 10.4812
-1.6278 2.3248 10.4812
-1.5973 2.3240 10.4812
-1.5691 2.3263 10.4812
-1.5410 2.3282 10.4812
-1.5076 2.3214 10.4812
-1.4797 2.3227 10.4812
-1.4525 2.3245 10.4812
-1.4264 2.3277 10.4812
-1.3927 2.3178 10.4812
-1.3663 2.3195 10.4812
-1.3395 2.3201 10.4812
-1.3192 2.3317 10.4812
-1.2867 2.3212 10.4812
-1.2602 2.3210 10.4812
-1.2342 2.3213 10.4812
-1.2089 2.3222 10.4812
-1.1831 2.3220 10.4812
-1.1574 2.3215 10.4812
-1.1363 2.3297 10.4812
-1.1111 2.3296 10.4812
-1.0832 2.3229 10.4812
-1.0595 2.3250 10.4812
-1.0360 2.3268 10.4812
-1.0104 2.3238 10.4812
-0.9897 2.3316 10.4812
-0.9602 2.3180 10.4812
-0.9395 2.3254 10.4812
-0.9170 2.3279 10.4812
-0.8905 2.3199 10.4812
-0.8703 2.3276 10.4812
-0.8455 2.3229 10.4812
-0.8255 2.3312 10.4812
-0.8012 2.3269 10.4812
-0.7774 2.3234 10.4812
-0.7611 2.3425 10.4812
-0.7406 2.3490 10.4812
-0.7192 2.3525 10.4812
-0.6992 2.3606 10.4812
-0.6828 2.3810 10.4812
-0.6652 2.3985 10.4812
-0.6478 2.4177 10.4812
-0.6362 2.4601 10.4812
-0.6213 2.4917 10.4812
-0.6261 2.6079 10.4812
-0.6051 2.6211 10.4812
-0.5857 2.6419 10.4812
-0.5711 2.6870 10.4812
-0.5630 2.7673 10.4812
-0.5484 2.8212 10.4812
-0.5330 2.8760 10.4812
-0.5157 2.9249 10.4812
-0.4998 2.9865 10.4812
-0.4851 3.0628 10.4812
-0.4845 3.2420 10.4812
-0.4885 3.4758 10.4812
-0.4750 3.6079 10.4812
-0.4596 3.7429 10.4812
-0.4461 3.9157 10.4812
-0.4347 4.1362 10.4812
-0.4213 4.3758 10.4812
-0.4003 4.5755 10.4812
-0.3810 4.8410 10.4812
-0.3847 5.5016 10.4812
-2.5577 2.2655 10.4812
-2.4428 2.2867 10.4812
-2.8426 2.5652 10.4812
-2.8888 2.6505 10.4812
-2.8951 2.7898 10.4812
-2.8990 2.8605 10.4812
-2.9111 3.0058 10.4812
-1.0620 2.2340 10.4812
-0.9616 2.2390 10.4812
-0.8571 2.2404 10.4812
-0.7897 2.2580 10.4812
-0.7116 2.2694 10.4812
-1.3619 3.2505 10.4812
-1.2364 3.2340 10.4812
-1.1744 3.2564 10.4812
-0.5279 2.8910 10.4812
-0.5241 2.9436 10.4812
-0.5213 2.9974 10.4812
-1.3936 3.6646 10.4812
-0.4903 3.0888 10.4812
-0.4890 3.1452 10.4812
-2.6414 5.0638 10.4812
-2.5390 5.0741 10.4812
-2.4689 5.1088 10.4812
-2.4017 5.1452 10.4812
-2.7542 5.6320 10.4812
-2.8784 5.8402 10.4812
-0.7282 5.0734 10.4812
-0.6264 5.1381 10.4812
-2.5659 2.4778 10.9004
-2.5278 2.4840 10.9004
-2.4812 2.4812 10.9004
-2.4371 2.4800 10.9004
-2.3827 2.4673 10.9004
-2.3377 2.4634 10.9004
-2.3011 2.4676 10.9004
-2.2544 2.4603 10.9004
-2.2128 2.4576 10.9004
-2.1714 2.4543 10.9004
-2.1388 2.4604 10.9004
-2.0958 2.4538 10.9004
-2.0543 2.4483 10.9004
-2.0170 2.4468 10.9004
-1.9887 2.4558 10.9004
-1.9516 2.4535 10.9004
-1.9147 2.4507 10.9004
-1.8817 2.4523 10.9004
-1.8488 2.4534 10.9004
-1.8130 2.4502 10.9004
-1.7845 2.4562 10.9004
-1.7479 2.4505 10.9004
-1.7196 2.4558 10.9004
-1.6834 2.4493 10.9004
-1.6507 2.4473 10.9004
-1.6199 2.4475 10.9004
-1.5931 2.4531 10.9004
-1.5630 2.4534 10.9004
-1.5272 2.4441 10.9004
-1.4954 2.4403 10.9004
-1.4668 2.4412 10.9004
-1.4389 2.4427 10.9004
-1.4100 2.4422 10.9004
-1.3827 2.4440 10.9004
-1.3555 2.4454 10.9004
-1.3289 2.4475 10.9004
-1.2962 2.4378 10.9004
-1.2721 2.4437 10.9004
-1.2489 2.4512 10.9004
-1.2217 2.4503 10.9004
-1.1893 2.4384 10.9004
-1.1688 2.4505 10.9004
-1.1415 2.4479 10.9004
-1.1155 2.4478 10.9004
-1.0892 2.4465 10.9004
-1.0631 2.4449 10.9004
-1.0413 2.4531 10.9004
-1.0153 2.4511 10.9004
-0.9938 2.4598 10.9004
-0.9672 2.4554 10.9004
-0.9454 2.4628 10.9004
-0.9235 2.4700 10.9004
-0.8975 2.4658 10.9004
-0.8756 2.4725 10.9004
-0.8533 2.4782 10.9004
-0.8307 2.4827 10.9004
-0.8056 2.4794 10.9004
-0.7866 2.4949 10.9004
-0.7657 2.5046 10.9004
-0.7489 2.5284 10.9004
-0.7285 2.5406 10.9004
-0.7133 2.5719 10.9004
-0.6918 2.5819 10.9004
-0.6693 2.5879 10.9004
-0.6532 2.6198 10.9004
-0.6345 2.6429 10.9004
-0.6134 2.6571 10.9004
-0.5920 2.6702 10.9004
-0.5753 2.7065 10.9004
-0.5606 2.7555 10.9004
-0.5467 2.8124 10.9004
-0.5319 2.8701 10.9004
-0.5159 2.9259 10.9004
-0.4991 2.9825 10.9004
-0.4851 3.0628 10.9004
-0.4770 3.1916 10.9004
-0.4835 3.4402 10.9004
-0.4682 3.5563 10.9004
-0.4552 3.7072 10.9004
-0.4416 3.8759 10.9004
-0.4303 4.0944 10.9004
-0.4149 4.3091 10.9004
-0.4007 4.5795 10.9004
-0.3869 4.9158 10.9004
-2.6636 2.3671 10.9004
-2.4320 2.3450 10.9004
-2.2339 2.3315 10.9004
-2.0495 2.3200 10.9004
-1.9132 2.3244 10.9004
-1.7735 2.3252 10.9004
-1.6563 2.3331 10.9004
-1.5046 2.3239 10.9004
-1.3800 2.3241 10.9004
-1.2831 2.3347 10.9004
-1.1510 2.3274 10.9004
-1.0493 2.3321 10.9004
-0.9470 2.3348 10.9004
-0.8799 2.3532 10.9004
-0.8128 2.3707 10.9004
-2.8702 3.4931 10.9004
-2.8863 3.5764 10.9004
-2.8736 3.7214 10.9004
-2.8948 3.8104 10.9004
-2.8842 3.9608 10.9004
-2.8839 4.1204 10.9004
-2.8911 4.2882 10.9004
-2.8936 4.4569 10.9004
-2.8948 4.6287 10.9004
-2.9072 4.9021 10.9004
-2.8995 5.1714 10.9004
-2.6382 2.6382 11.3197
-2.5990 2.6447 11.3197
-2.5723 2.6637 11.3197
-2.5242 2.6599 11.3197
-2.4722 2.6512 11.3197
-2.4314 2.6535 11.3197
-2.3855 2.6493 11.3197
-2.3397 2.6446 11.3197
-2.2969 2.6422 11.3197
-2.0841 2.4401 11.3197
-2.0177 2.4046 11.3197
-1.9782 2.3998 11.3197
-2.0403 2.5195 11.3197
-1.9136 2.4057 11.3197
-1.9430 2.4870 11.3197
-1.8853 2.4570 11.3197
-1.8422 2.4446 11.3197
-1.7750 2.3987 11.3197
-1.7410 2.3963 11.3197
-1.7078 2.3943 11.3197
-1.6754 2.3927 11.3197
-1.6471 2.3966 11.3197
-1.6189 2.4001 11.3197
-1.5785 2.3849 11.3197
-1.5517 2.3894 11.3197
-1.5168 2.3809 11.3197
-1.4960 2.3940 11.3197
-1.4609 2.3840 11.3197
-1.4339 2.3864 11.3197
-1.4069 2.3884 11.3197
-1.3800 2.3902 11.3197
-1.3596 2.4031 11.3197
-1.3400 2.4174 11.3197
-1.3160 2.4238 11.3197
-1.2990 2.4431 11.3197
-1.2837 2.4659 11.3197
-1.2739 2.5002 11.3197
-1.2636 2.5345 11.3197
-1.2629 2.5894 11.3197
-1.2403 2.6003 11.3197
-1.2104 2.5957 11.3197
-1.1823 2.5943 11.3197
-1.1645 2.6155 11.3197
-1.1392 2.6200 11.3197
-1.1112 2.6179 11.3197
-1.0861 2.6220 11.3197
-1.0613 2.6267 11.3197
-1.0335 2.6238 11.3197
-1.0067 2.6224 11.3197
-0.9788 2.6180 11.3197
-0.9566 2.6283 11.3197
-0.9293 2.6243 11.3197
-0.9074 2.6352 11.3197
-0.8783 2.6250 11.3197
-0.8554 2.6325 11.3197
-0.8284 2.6275 11.3197
-0.8029 2.6260 11.3197
-0.7711 2.6032 11.3197
-0.7467 2.6041 11.3197
-0.7226 2.6057 11.3197
-0.7024 2.6215 11.3197
-0.6815 2.6353 11.3197
-0.6636 2.6615 11.3197
-0.6452 2.6876 11.3197
-0.6269 2.7156 11.3197
-0.6112 2.7571 11.3197
-0.5898 2.7750 11.3197
-0.5694 2.7987 11.3197
-0.5554 2.8575 11.3197
-0.5381 2.9036 11.3197
-0.5222 2.9613 11.3197
-0.5027 3.0042 11.3197
-0.4885 3.0846 11.3197
-0.4734 3.1678 11.3197
-0.4931 3.5085 11.3197
-0.4625 3.5127 11.3197
-0.4282 3.4878 11.3197
-0.3952 3.4686 11.3197
-0.3630 3.4540 11.3197
-0.4069 4.2255 11.3197
-0.3987 4.5576 11.3197
-0.3963 5.0354 11.3197
-0.3871 5.5365 11.3197
-2.5855 2.5311 11.3197
-2.4157 2.5275 11.3197
-2.2382 2.5177 11.3197
-2.0531 2.5015 11.3197
-1.8925 2.4926 11.3197
-1.7198 2.4754 11.3197
-1.6016 2.4799 11.3197
-1.4800 2.4808 11.3197
-1.3860 2.4927 11.3197
-1.3254 2.5193 11.3197
-1.1895 2.5076 11.3197
-1.0962 2.5151 11.3197
-0.9924 2.5156 11.3197
-0.8926 2.5164 11.3197
-0.7870 2.5122 11.3197
-2.8745 3.7219 11.3197
-2.8674 3.8725 11.3197
-2.8842 3.9608 11.3197
-2.8805 4.1183 11.3197
-2.8869 4.2855 11.3197
-2.8928 4.4563 11.3197
-2.8964 4.6298 11.3197
-2.8819 4.9739 11.3197
-2.8551 5.4216 11.3197
-2.8700 5.5313 11.3197
-2.8459 5.9152 11.3197
-2.6598 2.8028 11.7389
-2.6189 2.8084 11.7389
-2.5814 2.8171 11.7389
-2.5300 2.8098 11.7389
-2.4822 2.8056 11.7389
-2.4432 2.8105 11.7389
-2.3958 2.8051 11.7389
-2.3487 2.7991 11.7389
-2.3077 2.7995 11.7389
-2.2750 2.8094 11.7389
-2.2199 2.7908 11.7389
-2.0077 2.5697 11.7389
-1.9687 2.5657 11.7389
-1.9378 2.5716 11.7389
-1.8939 2.5595 11.7389
-1.8645 2.5662 11.7389
-1.8275 2.5620 11.7389
-1.7982 2.5680 11.7389
-1.7604 2.5614 11.7389
-1.7301 2.5650 11.7389
-1.7016 2.5709 11.7389
-1.6655 2.5647 11.7389
-1.6323 2.5622 11.7389
-1.6004 2.5611 11.7389
-1.5706 2.5630 11.7389
-1.5405 2.5638 11.7389
-1.5114 2.5659 11.7389
-1.4795 2.5626 11.7389
-1.4477 2.5588 11.7389
-1.4239 2.5688 11.7389
-1.3938 2.5670 11.7389
-1.3817 2.5985 11.7389
-1.3686 2.6291 11.7389
-1.3611 2.6712 11.7389
-1.3431 2.6938 11.7389
-1.3160 2.6982 11.7389
-1.2898 2.7041 11.7389
-1.2670 2.7171 11.7389
-1.2582 2.7608 11.7389
-1.2316 2.7662 11.7389
-1.2086 2.7796 11.7389
-1.1870 2.7965 11.7389
-1.1572 2.7938 11.7389
-1.1287 2.7936 11.7389
-1.1002 2.7931 11.7389
-1.0712 2.7905 11.7389
-1.0426 2.7885 11.7389
-1.0158 2.7909 11.7389
-0.9894 2.7940 11.7389
-0.9650 2.8025 11.7389
-0.9370 2.8004 11.7389
-0.9085 2.7961 11.7389
-0.8841 2.8039 11.7389
-0.8564 2.8010 11.7389
-0.8285 2.7969 11.7389
-0.8024 2.7982 11.7389
-0.7785 2.8071 11.7389
-0.7462 2.7848 11.7389
-0.7191 2.7805 11.7389
-0.6948 2.7867 11.7389
-0.6726 2.8014 11.7389
-0.6533 2.8296 11.7389
-0.6296 2.8400 11.7389
-0.6106 2.8728 11.7389
-0.5903 2.9016 11.7389
-0.5726 2.9459 11.7389
-0.5549 2.9940 11.7389
-0.5361 3.0401 11.7389
-0.5131 3.0664 11.7389
-0.4986 3.1478 11.7389
-0.4955 3.3152 11.7389
-0.4902 3.4877 11.7389
-0.4752 3.6099 11.7389
-0.4641 3.7796 11.7389
-0.4547 3.9912 11.7389
-0.4298 4.0895 11.7389
-0.4203 4.3648 11.7389
-0.4075 4.6572 11.7389
-0.3927 4.9896 11.7389
-0.3757 5.3729 11.7389
-2.0876 2.4553 11.7389
-1.9224 2.4460 11.7389
-1.6990 2.4084 11.7389
-1.6120 2.4274 11.7389
-1.5452 2.4542 11.7389
-1.4256 2.4554 11.7389
-1.3670 2.4836 11.7389
-1.2930 2.5035 11.7389
-2.8348 3.4747 11.7389
-2.8545 3.5595 11.7389
-1.0427 2.6511 11.7389
-0.9783 2.6708 11.7389
-0.8773 2.6689 11.7389
-0.7820 2.6685 11.7389
-2.8936 3.9664 11.7389
-2.8831 4.1199 11.7389
-2.8894 4.2871 11.7389
-2.9036 4.4635 11.7389
-2.9096 4.6389 11.7389
-2.8867 4.9775 11.7389
-2.8346 5.5021 11.7389
-2.8049 3.1703 12.1582
-2.8283 3.2536 12.1582
-2.7796 3.2545 12.1582
-2.6817 3.1959 12.1582
-2.6162 3.1737 12.1582
-2.5664 3.1692 12.1582
-2.5168 3.1641 12.1582
-2.4676 3.1583 12.1582
-2.4271 3.1631 12.1582
-2.3790 3.1570 12.1582
-2.3365 3.1575 12.1582
-2.2871 3.1479 12.1582
-2.2456 3.1482 12.1582
-2.2037 3.1472 12.1582
-2.1682 3.1548 12.1582
-2.1272 3.1537 12.1582
-2.0819 3.1454 12.1582
-2.0424 3.1450 12.1582
-2.0014 3.1416 12.1582
-1.9676 3.1488 12.1582
-1.9265 3.1437 12.1582
-1.8871 3.1407 12.1582
-1.8530 3.1458 12.1582
-1.8175 3.1480 12.1582
-1.7786 3.1437 12.1582
-1.7395 3.1381 12.1582
-1.7092 3.1479 12.1582
-1.6784 3.1565 12.1582
-1.6392 3.1489 12.1582
-1.6039 3.1479 12.1582
-1.5733 3.1555 12.1582
-1.5409 3.1593 12.1582
-1.5021 3.1491 12.1582
-1.4703 3.1530 12.1582
-1.4394 3.1585 12.1582
-1.4085 3.1636 12.1582
-1.3721 3.1556 12.1582
-1.3406 3.1583 12.1582
-1.3076 3.1569 12.1582
-1.2748 3.1552 12.1582
-1.2421 3.1532 12.1582
-1.2127 3.1592 12.1582
-1.1809 3.1585 12.1582
-1.1533 3.1686 12.1582
-1.1213 3.1663 12.1582
-1.0887 3.1618 12.1582
-1.0573 3.1598 12.1582
-1.0303 3.1708 12.1582
-0.9974 3.1635 12.1582
-0.9695 3.1711 12.1582
-0.9398 3.1727 12.1582
-0.9129 3.1837 12.1582
-0.8822 3.1809 12.1582
-0.8582 3.2030 12.1582
-0.8303 3.2104 12.1582
-0.8061 3.2330 12.1582
-0.7781 3.2409 12.1582
-0.7432 3.2193 12.1582
-0.7036 3.1739 12.1582
-0.6653 3.1301 12.1582
-0.6364 3.1279 12.1582
-0.6083 3.1294 12.1582
-0.5888 3.1769 12.1582
-0.5590 3.1701 12.1582
-0.5339 3.1906 12.1582
-0.5073 3.2031 12.1582
-0.4842 3.2400 12.1582
-0.4675 3.3263 12.1582
-0.4794 3.6416 12.1582
-0.4680 3.8114 12.1582
-0.4580 4.0200 12.1582
-0.4487 4.2695 12.1582
-0.4265 4.4295 12.1582
-0.3048 3.4837 12.1582
-0.2747 3.4902 12.1582
-0.2466 3.5264 12.1582
-0.2209 3.6113 12.1582
-0.1943 3.7079 12.1582
-2.6845 2.9049 12.1582
-2.5325 2.9041 12.1582
-2.4026 2.9110 12.1582
-2.2705 2.9146 12.1582
-2.1073 2.9007 12.1582
-1.9699 2.8967 12.1582
-1.8259 2.8869 12.1582
-1.7109 2.8896 12.1582
-1.5901 2.8873 12.1582
-1.4681 2.8820 12.1582
-1.4060 2.9079 12.1582
-1.3125 2.9151 12.1582
-1.2176 2.9200 12.1582
-1.1213 2.9224 12.1582
-1.0236 2.9223 12.1582
-0.9595 2.9411 12.1582
-0.8963 2.9596 12.1582
-0.7927 2.9514 12.1582
-0.7308 2.9683 12.1582
-2.5218 3.2415 12.5774
-2.3850 3.2406 12.5774
-2.2753 3.2516 12.5774
-2.1351 3.2442 12.5774
-2.0208 3.2487 12.5774
-1.9043 3.2500 12.5774
-1.7874 3.2490 12.5774
-1.6977 3.2619 12.5774
-1.6082 3.2736 12.5774
-1.4856 3.2635 12.5774
-1.3925 3.2696 12.5774
-1.2996 3.2743 12.5774
-1.2038 3.2755 12.5774
-1.1083 3.2752 12.5774
-1.0115 3.2724 12.5774
-0.9482 3.2908 12.5774
-0.8824 3.3067 12.5774
-0.8167 3.3216 12.5774
-2.8312 4.9364 12.5774
-0.6835 3.4087 12.5774
-0.5508 3.4305 12.5774
-2.8353 5.5027 12.5774
