-2.8047 2.7085 0.0000
-2.7446 2.6971 0.0000
-2.7287 2.7287 0.0000
-1.1366 2.7439 0.0000
-1.1264 2.7880 0.0000
-1.1120 2.8229 0.0000
-1.1761 4.3892 0.0000
-1.1092 4.2889 0.0000
-1.0843 4.3489 0.0000
-0.3596 2.5589 0.0000
-0.3335 2.5331 0.0000
-0.3111 2.5340 0.0000
-0.2898 2.5435 0.0000
-0.2677 2.5470 0.0000
-0.2455 2.5492 0.0000
-0.2240 2.5602 0.0000
-0.2027 2.5760 0.0000
-0.2051 2.9328 0.0000
-0.2828 4.6244 0.0000
-0.3621 2.6257 0.0000
-2.8018 2.7057 0.4470
-2.7531 2.7055 0.4470
-2.7330 2.7330 0.4470
-2.7055 2.7531 0.4470
-2.7759 2.8745 0.4470
-2.7844 2.9341 0.4470
-2.7798 2.9810 0.4470
-2.7774 3.0309 0.4470
-2.7809 3.0885 0.4470
-2.7843 3.1471 0.4470
-2.7869 3.2060 0.4470
-2.7803 3.2553 0.4470
-2.7826 3.3162 0.4470
-2.7784 3.3705 0.4470
-2.7829 3.4365 0.4470
-2.7777 3.4920 0.4470
-2.7779 3.5555 0.4470
-2.7784 3.6209 0.4470
-2.7774 3.6857 0.4470
-2.7760 3.7516 0.4470
-2.7743 3.8186 0.4470
-2.7752 3.8907 0.4470
-2.7750 3.9631 0.4470
-2.7748 4.0374 0.4470
-2.7691 4.1054 0.4470
-2.7635 4.1753 0.4470
-2.7673 4.2613 0.4470
-2.7639 4.3384 0.4470
-2.7672 4.4285 0.4470
-2.7593 4.5028 0.4470
-2.6947 4.4847 0.4470
-2.6290 4.4632 0.4470
-2.5650 4.4427 0.4470
-2.5104 4.4371 0.4470
-2.4473 4.4151 0.4470
-2.3853 4.3932 0.4470
-2.3286 4.3794 0.4470
-2.2755 4.3712 0.4470
-2.2214 4.3597 0.4470
-2.1690 4.3503 0.4470
-2.1090 4.3241 0.4470
-2.0510 4.2999 0.4470
-2.0024 4.2941 0.4470
-1.9474 4.2732 0.4470
-1.8942 4.2544 0.4470
-1.8458 4.2451 0.4470
-1.7997 4.2398 0.4470
-1.7477 4.2194 0.4470
-1.6981 4.2029 0.4470
-1.6548 4.2008 0.4470
-1.6076 4.1880 0.4470
-1.5644 4.1841 0.4470
-1.5199 4.1760 0.4470
-1.4764 4.1693 0.4470
-1.4400 4.1820 0.4470
-1.3946 4.1679 0.4470
-1.3535 4.1656 0.4470
-1.3132 4.1649 0.4470
-1.2739 4.1666 0.4470
-1.2318 4.1584 0.4470
-1.1880 4.1430 0.4470
-1.1510 4.1504 0.4470
-1.1127 4.1525 0.4470
-1.0739 4.1524 0.4470
-1.0354 4.1529 0.4470
-0.9966 4.1510 0.4470
-0.9583 4.1508 0.4470
-0.9190 4.1454 0.4470
-0.8847 4.1620 0.4470
-0.8451 4.1539 0.4470
-0.8107 4.1709 0.4470
-0.7740 4.1759 0.4470
-0.7359 4.1736 0.4470
-0.6993 4.1789 0.4470
-0.6623 4.1819 0.4470
-0.6246 4.1796 0.4470
-0.3599 2.5608 0.4470
-0.3361 2.5530 0.4470
-0.3143 2.5598 0.4470
-0.2916 2.5594 0.4470
-0.2674 2.5440 0.4470
-0.2457 2.5512 0.4470
-0.2240 2.5602 0.4470
-0.2031 2.5810 0.4470
-0.1819 2.6016 0.4470
-0.2635 4.3079 0.4470
-0.2586 4.9352 0.4470
-2.8209 2.6238 0.4470
-2.7736 2.6721 0.4470
-2.7269 2.7201 0.4470
-2.8298 2.9001 0.4470
-2.8362 2.9724 0.4470
-2.8446 3.0463 0.4470
-2.8283 3.1806 0.4470
-2.8398 3.2580 0.4470
-2.8505 3.3358 0.4470
-2.8392 3.4770 0.4470
-2.8276 3.6202 0.4470
-2.8191 3.7675 0.4470
-2.8457 3.8600 0.4470
-0.2941 2.4840 0.4470
-0.3595 2.6242 0.4470
-0.3964 2.6989 0.4470
-0.3903 2.7472 0.4470
-2.8169 4.4061 0.4470
-0.3533 2.8284 0.4470
-0.3523 2.8813 0.4470
-0.3516 2.9350 0.4470
-0.3519 2.9900 0.4470
-0.3507 3.0447 0.4470
-0.3505 3.1008 0.4470
-0.3496 3.1571 0.4470
-0.3497 3.2149 0.4470
-0.3483 3.2722 0.4470
-0.3485 3.3317 0.4470
-0.3496 3.3927 0.4470
-0.3484 3.4526 0.4470
-0.3495 3.5154 0.4470
-0.3491 3.5778 0.4470
-0.3494 3.6418 0.4470
-0.3504 3.7074 0.4470
-0.3513 3.7739 0.4470
-0.3514 3.8407 0.4470
-0.6578 4.1943 0.4470
-0.3186 3.9463 0.4470
-0.5235 4.2138 0.4470
-0.3197 4.0877 0.4470
-0.3206 4.1606 0.4470
-2.8004 2.7043 0.8940
-2.7710 2.7230 0.8940
-2.7605 2.7605 0.8940
-2.7595 2.8081 0.8940
-2.7918 2.8910 0.8940
-2.7920 2.9421 0.8940
-2.7873 2.9890 0.8940
-2.7888 3.0435 0.8940
-2.7896 3.0982 0.8940
-2.7890 3.1524 0.8940
-2.7876 3.2068 0.8940
-2.7926 3.2697 0.8940
-2.7955 3.3315 0.8940
-2.7892 3.3836 0.8940
-2.7822 3.4358 0.8940
-2.7845 3.5006 0.8940
-2.7797 3.5579 0.8940
-2.7839 3.6280 0.8940
-2.7822 3.6921 0.8940
-2.7784 3.7548 0.8940
-2.7761 3.8210 0.8940
-2.7821 3.9004 0.8940
-2.7727 3.9598 0.8940
-2.7771 4.0407 0.8940
-2.7753 4.1145 0.8940
-2.7641 4.1761 0.8940
-2.7662 4.2596 0.8940
-2.7574 4.3283 0.8940
-2.6904 4.3055 0.8940
-2.6271 4.2871 0.8940
-2.5649 4.2687 0.8940
-2.4986 4.2418 0.8940
-2.4375 4.2219 0.8940
-2.3769 4.2012 0.8940
-2.3179 4.1816 0.8940
-2.2622 4.1665 0.8940
-2.2112 4.1587 0.8940
-2.1554 4.1406 0.8940
-2.1079 4.1369 0.8940
-2.0552 4.1221 0.8940
-2.0082 4.1174 0.8940
-1.9584 4.1059 0.8940
-1.9047 4.0847 0.8940
-1.8562 4.0730 0.8940
-1.8128 4.0717 0.8940
-1.7645 4.0580 0.8940
-1.7165 4.0438 0.8940
-1.6742 4.0420 0.8940
-1.6325 4.0407 0.8940
-1.5859 4.0259 0.8940
-1.5431 4.0200 0.8940
-1.5010 4.0146 0.8940
-1.4591 4.0087 0.8940
-1.4160 3.9987 0.8940
-1.3742 3.9910 0.8940
-1.3359 3.9924 0.8940
-1.2960 3.9887 0.8940
-1.2533 3.9751 0.8940
-1.2148 3.9734 0.8940
-1.1804 3.9849 0.8940
-1.1400 3.9758 0.8940
-1.1029 3.9769 0.8940
-1.0661 3.9786 0.8940
-1.0278 3.9742 0.8940
-0.9943 3.9879 0.8940
-0.9550 3.9780 0.8940
-0.9176 3.9745 0.8940
-0.8837 3.9862 0.8940
-0.8466 3.9830 0.8940
-0.8134 3.9981 0.8940
-0.7764 3.9942 0.8940
-0.7412 3.9989 0.8940
-0.7081 4.0160 0.8940
-0.4456 2.6630 0.8940
-0.4239 2.6766 0.8940
-0.4492 3.0056 0.8940
-0.3617 2.5737 0.8940
-0.3373 2.5619 0.8940
-0.3126 2.5459 0.8940
-0.2909 2.5535 0.8940
-0.2696 2.5649 0.8940
-0.2471 2.5661 0.8940
-0.2249 2.5702 0.8940
-0.2031 2.5810 0.8940
-0.1809 2.5877 0.8940
-0.2645 4.3239 0.8940
-0.2660 5.0760 0.8940
-2.8209 2.6238 0.8940
-2.7745 2.6724 0.8940
-2.8480 2.7702 0.8940
-2.8530 2.8410 0.8940
-2.8353 2.9720 0.8940
-2.8418 3.0451 0.8940
-2.8522 3.1206 0.8940
-2.8344 3.2553 0.8940
-2.8487 3.3349 0.8940
-2.8356 3.4751 0.8940
-2.8554 3.5600 0.8940
-2.8500 3.7083 0.8940
-2.8414 3.8575 0.8940
-0.2898 2.4815 0.8940
-0.4692 2.6407 0.8940
-0.3621 2.6257 0.8940
-0.3936 2.8022 0.8940
-0.3556 2.8836 0.8940
-0.3541 2.9367 0.8940
-0.3535 2.9912 0.8940
-0.3515 3.0453 0.8940
-0.3521 3.1020 0.8940
-0.3496 3.1571 0.8940
-0.3505 3.2155 0.8940
-0.3499 3.2735 0.8940
-0.3485 3.3317 0.8940
-0.3488 3.3920 0.8940
-0.3484 3.4526 0.8940
-0.3487 3.5148 0.8940
-0.3491 3.5778 0.8940
-0.7539 3.9934 0.8940
-0.3175 3.6782 0.8940
-0.3179 3.7438 0.8940
-0.5542 4.0265 0.8940
-0.3185 3.8778 0.8940
-0.3193 3.9470 0.8940
-0.3192 4.0165 0.8940
-2.7990 2.7029 1.3409
-2.7710 2.7230 1.3409
-2.7620 2.7620 1.3409
-2.7595 2.8081 1.3409
-2.7939 2.8932 1.3409
-2.7995 2.9501 1.3409
-2.7948 2.9971 1.3409
-2.7909 3.0457 1.3409
-2.7909 3.0997 1.3409
-2.7956 3.1598 1.3409
-2.7948 3.2151 1.3409
-2.7985 3.2766 1.3409
-2.7948 3.3308 1.3409
-2.7930 3.3882 1.3409
-2.7910 3.4466 1.3409
-2.7882 3.5053 1.3409
-2.7840 3.5634 1.3409
-2.7851 3.6296 1.3409
-2.7858 3.6969 1.3409
-2.7796 3.7564 1.3409
-2.7826 3.8299 1.3409
-2.7833 3.9021 1.3409
-2.7859 3.9786 1.3409
-2.7828 4.0489 1.3409
-2.7719 4.1095 1.3409
-2.7564 4.1644 1.3409
-2.6883 4.1397 1.3409
-2.6328 4.1326 1.3409
-2.5648 4.1046 1.3409
-2.5069 4.0910 1.3409
-2.4433 4.0664 1.3409
-2.3793 4.0393 1.3409
-2.3175 4.0140 1.3409
-2.2745 4.0202 1.3409
-2.2214 4.0075 1.3409
-2.1692 3.9951 1.3409
-2.1197 3.9865 1.3409
-2.0691 3.9747 1.3409
-2.0234 3.9712 1.3409
-1.9735 3.9583 1.3409
-1.9284 3.9538 1.3409
-1.8831 3.9479 1.3409
-1.8333 3.9316 1.3409
-1.7865 3.9201 1.3409
-1.7372 3.9018 1.3409
-1.6935 3.8948 1.3409
-1.6504 3.8882 1.3409
-1.6038 3.8720 1.3409
-1.5584 3.8571 1.3409
-1.5199 3.8584 1.3409
-1.4801 3.8557 1.3409
-1.4351 3.8385 1.3409
-1.3978 3.8405 1.3409
-1.3599 3.8403 1.3409
-1.3238 3.8445 1.3409
-1.2813 3.8293 1.3409
-1.2441 3.8290 1.3409
-1.2085 3.8330 1.3409
-1.1724 3.8348 1.3409
-1.1352 3.8324 1.3409
-1.0948 3.8181 1.3409
-1.0607 3.8246 1.3409
-1.0265 3.8309 1.3409
-0.9890 3.8242 1.3409
-0.9553 3.8317 1.3409
-0.9207 3.8350 1.3409
-0.8856 3.8361 1.3409
-0.8526 3.8456 1.3409
-0.8173 3.8451 1.3409
-0.7831 3.8491 1.3409
-0.7503 3.8598 1.3409
-0.7167 3.8671 1.3409
-0.6816 3.8654 1.3409
-0.4410 2.6354 1.3409
-0.4200 2.6519 1.3409
-0.4048 2.7089 1.3409
-0.3635 2.5866 1.3409
-0.3400 2.5827 1.3409
-0.3169 2.5806 1.3409
-0.2932 2.5734 1.3409
-0.2719 2.5868 1.3409
-0.2477 2.5721 1.3409
-0.2268 2.5921 1.3409
-0.2038 2.5890 1.3409
-0.1818 2.5997 1.3409
-0.2687 4.3928 1.3409
-0.2928 5.5873 1.3409
-2.8441 2.6329 1.3409
-2.7977 2.6818 1.3409
-2.8470 2.7699 1.3409
-2.8521 2.8406 1.3409
-2.7069 2.8467 1.3409
-2.8409 3.0447 1.3409
-2.8486 3.1189 1.3409
-2.8608 3.1961 1.3409
-2.8469 3.3340 1.3409
-2.8622 3.4149 1.3409
-2.8519 3.5581 1.3409
-2.8447 3.7054 1.3409
-2.8371 3.8550 1.3409
-0.3670 2.5278 1.3409
-0.2544 2.5090 1.3409
-0.3638 2.6268 1.3409
-0.3997 2.7010 1.3409
-2.8467 4.3424 1.3409
-2.1515 3.9657 1.3409
-0.3549 2.8295 1.3409
-0.3548 2.8830 1.3409
-0.3524 2.9356 1.3409
-0.3519 2.9900 1.3409
-0.3523 3.0459 1.3409
-0.3513 3.1014 1.3409
-0.3504 3.1577 1.3409
-0.3489 3.2143 1.3409
-0.3491 3.2729 1.3409
-0.3485 3.3317 1.3409
-0.3488 3.3920 1.3409
-0.3491 3.4533 1.3409
-0.3487 3.5148 1.3409
-0.3498 3.5785 1.3409
-0.6181 3.8753 1.3409
-0.3175 3.6782 1.3409
-0.3179 3.7438 1.3409
-0.3182 3.8103 1.3409
-0.3529 3.9099 1.3409
-2.8420 2.6970 1.7879
-2.8018 2.7057 1.7879
-2.7774 2.7293 1.7879
-2.7648 2.7648 1.7879
-2.7679 2.8166 1.7879
-2.7995 2.8989 1.7879
-2.8030 2.9537 1.7879
-2.8003 3.0029 1.7879
-2.7915 3.0464 1.7879
-2.8023 3.1123 1.7879
-2.7949 3.1591 1.7879
-2.7994 3.2203 1.7879
-2.7998 3.2781 1.7879
-2.8045 3.3423 1.7879
-2.7956 3.3913 1.7879
-2.7954 3.4521 1.7879
-2.7882 3.5053 1.7879
-2.7877 3.5681 1.7879
-2.7857 3.6304 1.7879
-2.7858 3.6969 1.7879
-2.7903 3.7709 1.7879
-2.7914 3.8420 1.7879
-2.7856 3.9053 1.7879
-2.7813 3.9721 1.7879
-2.7816 4.0473 1.7879
-2.7154 4.0258 1.7879
-2.6388 3.9868 1.7879
-2.5800 3.9728 1.7879
-2.5237 3.9614 1.7879
-2.4678 3.9494 1.7879
-2.4113 3.9349 1.7879
-2.3506 3.9121 1.7879
-2.2936 3.8937 1.7879
-2.2405 3.8807 1.7879
-2.1859 3.8635 1.7879
-2.1399 3.8606 1.7879
-2.0900 3.8492 1.7879
-2.0403 3.8373 1.7879
-1.9883 3.8195 1.7879
-1.9449 3.8171 1.7879
-1.9030 3.8169 1.7879
-1.8574 3.8082 1.7879
-1.8069 3.7882 1.7879
-1.7657 3.7866 1.7879
-1.7255 3.7863 1.7879
-1.6831 3.7803 1.7879
-1.6405 3.7728 1.7879
-1.6036 3.7778 1.7879
-1.5602 3.7667 1.7879
-1.5213 3.7653 1.7879
-1.4829 3.7645 1.7879
-1.4424 3.7577 1.7879
-1.4071 3.7635 1.7879
-1.3667 3.7550 1.7879
-1.3282 3.7508 1.7879
-1.2896 3.7452 1.7879
-1.2549 3.7506 1.7879
-1.2200 3.7548 1.7879
-1.1830 3.7519 1.7879
-1.1467 3.7506 1.7879
-1.1096 3.7461 1.7879
-1.0766 3.7547 1.7879
-1.0401 3.7504 1.7879
-1.0045 3.7488 1.7879
-0.9712 3.7554 1.7879
-0.9379 3.7618 1.7879
-0.9039 3.7650 1.7879
-0.8658 3.7504 1.7879
-0.8329 3.7568 1.7879
-0.7994 3.7610 1.7879
-0.7646 3.7580 1.7879
-0.7327 3.7694 1.7879
-0.6983 3.7678 1.7879
-0.6654 3.7738 1.7879
-0.4356 2.6028 1.7879
-0.4133 2.6095 1.7879
-0.4040 2.7030 1.7879
-0.3630 2.5826 1.7879
-0.3382 2.5688 1.7879
-0.3171 2.5826 1.7879
-0.2936 2.5773 1.7879
-0.2721 2.5887 1.7879
-0.2492 2.5880 1.7879
-0.2261 2.5841 1.7879
-0.2036 2.5870 1.7879
-0.1815 2.5957 1.7879
-0.1607 2.6271 1.7879
-0.3066 5.8510 1.7879
-2.8441 2.6329 1.7879
-2.7977 2.6818 1.7879
-2.8470 2.7699 1.7879
-2.8511 2.8402 1.7879
-2.8582 2.9125 1.7879
-2.8400 3.0443 1.7879
-2.8476 3.1185 1.7879
-2.8590 3.1953 1.7879
-2.8443 3.3327 1.7879
-2.8604 3.4140 1.7879
-2.8474 3.5558 1.7879
-2.8395 3.7025 1.7879
-2.8353 3.8540 1.7879
-0.3670 2.5278 1.7879
-0.2927 2.5326 1.7879
-0.2264 2.5410 1.7879
-0.3677 2.6806 1.7879
-1.9527 3.7618 1.7879
-1.8004 3.7333 1.7879
-0.3558 2.8301 1.7879
-0.3540 2.8824 1.7879
-0.3532 2.9361 1.7879
-0.3511 2.9895 1.7879
-0.3515 3.0453 1.7879
-0.3497 3.1002 1.7879
-0.3520 3.1589 1.7879
-0.3505 3.2155 1.7879
-0.3499 3.2735 1.7879
-0.3493 3.3323 1.7879
-0.3496 3.3927 1.7879
-0.3491 3.4533 1.7879
-0.3495 3.5154 1.7879
-0.3491 3.5778 1.7879
-0.3501 3.6424 1.7879
-0.3504 3.7074 1.7879
-2.6870 5.8770 1.7879
-0.3182 3.8103 1.7879
-2.8384 2.6935 2.2349
-2.7990 2.7029 2.2349
-2.7753 2.7272 2.2349
-2.7768 2.7768 2.2349
-2.7777 2.8266 2.2349
-2.8029 2.9025 2.2349
-2.8030 2.9537 2.2349
-2.8023 3.0051 2.2349
-2.7949 3.0501 2.2349
-2.7976 3.1071 2.2349
-2.8042 3.1696 2.2349
-2.8001 3.2211 2.2349
-2.7939 3.2713 2.2349
-2.7961 3.3323 2.2349
-2.7930 3.3882 2.2349
-2.7910 3.4466 2.2349
-2.7926 3.5108 2.2349
-2.7926 3.5744 2.2349
-2.7930 3.6399 2.2349
-2.7912 3.7041 2.2349
-2.7897 3.7701 2.2349
-2.7914 3.8420 2.2349
-2.7880 3.9086 2.2349
-2.7807 3.9712 2.2349
-2.7040 3.9344 2.2349
-2.6349 3.9064 2.2349
-2.5792 3.8967 2.2349
-2.5331 3.9007 2.2349
-2.4748 3.8847 2.2349
-2.4291 3.8875 2.2349
-2.3737 3.8735 2.2349
-2.3290 3.8761 2.2349
-2.2702 3.8541 2.2349
-2.2235 3.8512 2.2349
-2.1755 3.8452 2.2349
-2.1303 3.8431 2.2349
-2.0790 3.8290 2.2349
-2.0291 3.8161 2.2349
-1.9846 3.8124 2.2349
-1.9435 3.8144 2.2349
-1.8919 3.7945 2.2349
-1.8451 3.7830 2.2349
-1.7982 3.7701 2.2349
-1.7551 3.7639 2.2349
-1.7081 3.7481 2.2349
-1.6668 3.7437 2.2349
-1.6249 3.7370 2.2349
-1.5899 3.7455 2.2349
-1.5418 3.7223 2.2349
-1.5067 3.7291 2.2349
-1.4653 3.7198 2.2349
-1.4313 3.7287 2.2349
-1.3921 3.7233 2.2349
-1.3547 3.7221 2.2349
-1.3142 3.7112 2.2349
-1.2788 3.7140 2.2349
-1.2426 3.7136 2.2349
-1.2055 3.7101 2.2349
-1.1709 3.7138 2.2349
-1.1388 3.7248 2.2349
-1.1028 3.7231 2.2349
-1.0653 3.7153 2.2349
-1.0313 3.7186 2.2349
-0.9985 3.7265 2.2349
-0.9645 3.7293 2.2349
-0.9319 3.7376 2.2349
-0.8964 3.7339 2.2349
-0.8647 3.7455 2.2349
-0.8294 3.7412 2.2349
-0.7967 3.7483 2.2349
-0.7630 3.7502 2.2349
-0.7319 3.7655 2.2349
-0.6981 3.7668 2.2349
-0.6656 3.7748 2.2349
-0.6143 3.6710 2.2349
-0.4156 2.6243 2.2349
-0.4015 2.6862 2.2349
-0.3620 2.5757 2.2349
-0.3400 2.5827 2.2349
-0.3177 2.5876 2.2349
-0.2959 2.5972 2.2349
-0.2728 2.5957 2.2349
-0.2505 2.6020 2.2349
-0.2291 2.6190 2.2349
-0.2053 2.6089 2.2349
-0.1826 2.6106 2.2349
-0.1592 2.6031 2.2349
-0.2952 5.6333 2.2349
-2.8441 2.6329 2.2349
-2.7977 2.6818 2.2349
-2.8511 2.8402 2.2349
-2.8564 2.9117 2.2349
-2.8645 2.9850 2.2349
-2.8458 3.1177 2.2349
-2.8572 3.1944 2.2349
-2.8434 3.3322 2.2349
-2.8586 3.4131 2.2349
-2.8483 3.5562 2.2349
-2.8386 3.7020 2.2349
-2.8652 3.7936 2.2349
-2.8635 3.9486 2.2349
-0.3644 2.5263 2.2349
-2.8652 4.1089 2.2349
-0.2171 2.5351 2.2349
-2.0739 3.7675 2.2349
-0.3961 2.7510 2.2349
-1.7996 3.7327 2.2349
-0.3549 2.8295 2.2349
-0.3556 2.8836 2.2349
-0.3549 2.9373 2.2349
-0.3527 2.9906 2.2349
-0.3515 3.0453 2.2349
-0.3513 3.1014 2.2349
-0.3520 3.1589 2.2349
-0.3505 3.2155 2.2349
-0.3499 3.2735 2.2349
-0.3501 3.3329 2.2349
-0.3488 3.3920 2.2349
-0.3491 3.4533 2.2349
-0.3495 3.5154 2.2349
-0.3491 3.5778 2.2349
-0.3494 3.6418 2.2349
-0.3504 3.7074 2.2349
-0.3513 3.7739 2.2349
-2.6820 5.9763 2.2349
-2.8616 2.7156 2.6819
-2.8033 2.7071 2.6819
-2.7867 2.7385 2.6819
-2.7782 2.7782 2.6819
-2.7679 2.8166 2.6819
-2.8085 2.9083 2.6819
-2.8071 2.9581 2.6819
-2.8105 3.0139 2.6819
-2.8017 3.0575 2.6819
-2.8043 3.1145 2.6819
-2.8082 3.1741 2.6819
-2.8119 3.2347 2.6819
-2.8095 3.2895 2.6819
-2.7974 3.3338 2.6819
-2.7911 3.3859 2.6819
-2.7917 3.4474 2.6819
-2.7932 3.5116 2.6819
-2.7951 3.5776 2.6819
-2.7930 3.6399 2.6819
-2.7936 3.7073 2.6819
-2.7921 3.7733 2.6819
-2.7937 3.8453 2.6819
-2.7955 3.9192 2.6819
-2.7572 3.9377 2.6819
-2.6978 3.9253 2.6819
-2.6433 3.9189 2.6819
-2.5858 3.9068 2.6819
-2.5293 3.8948 2.6819
-2.4705 3.8779 2.6819
-2.4164 3.8671 2.6819
-2.3570 3.8463 2.6819
-2.2986 3.8255 2.6819
-2.2474 3.8153 2.6819
-2.2010 3.8122 2.6819
-2.1539 3.8069 2.6819
-2.1021 3.7924 2.6819
-2.0532 3.7816 2.6819
-2.0112 3.7825 2.6819
-1.9601 3.7654 2.6819
-1.9186 3.7654 2.6819
-1.8691 3.7489 2.6819
-1.8276 3.7471 2.6819
-1.7780 3.7277 2.6819
-1.7370 3.7249 2.6819
-1.6940 3.7172 2.6819
-1.6538 3.7145 2.6819
-1.6101 3.7031 2.6819
-1.5684 3.6949 2.6819
-1.5304 3.6946 2.6819
-1.4898 3.6874 2.6819
-1.4532 3.6891 2.6819
-1.4156 3.6876 2.6819
-1.3777 3.6849 2.6819
-1.3411 3.6845 2.6819
-1.3038 3.6820 2.6819
-1.2697 3.6875 2.6819
-1.2324 3.6833 2.6819
-1.1959 3.6806 2.6819
-1.1619 3.6852 2.6819
-1.1253 3.6808 2.6819
-1.0918 3.6857 2.6819
-1.0601 3.6970 2.6819
-1.0243 3.6936 2.6819
-0.9889 3.6908 2.6819
-0.9562 3.6974 2.6819
-0.9246 3.7085 2.6819
-0.8908 3.7106 2.6819
-0.8573 3.7133 2.6819
-0.8223 3.7089 2.6819
-0.7913 3.7228 2.6819
-0.7588 3.7296 2.6819
-0.7258 3.7341 2.6819
-0.6918 3.7324 2.6819
-0.6609 3.7482 2.6819
-0.6278 3.7518 2.6819
-0.4329 2.7329 2.6819
-0.3978 2.6614 2.6819
-0.3639 2.5896 2.6819
-0.3402 2.5837 2.6819
-0.3165 2.5776 2.6819
-0.2936 2.5773 2.6819
-0.2738 2.6047 2.6819
-0.2503 2.5990 2.6819
-0.2281 2.6070 2.6819
-0.2057 2.6139 2.6819
-0.1828 2.6136 2.6819
-0.1599 2.6151 2.6819
-0.3126 5.9648 2.6819
-2.8441 2.6329 2.6819
-2.7977 2.6818 2.6819
-2.8738 2.7810 2.6819
-2.8545 2.9109 2.6819
-2.8636 2.9846 2.6819
-2.8458 3.1177 2.6819
-2.8563 3.1940 2.6819
-2.8695 3.2724 2.6819
-2.8550 3.4113 2.6819
-2.8738 3.4950 2.6819
-2.8671 3.6417 2.6819
-2.8626 3.7922 2.6819
-2.8592 3.9461 2.6819
-0.3670 2.5278 2.6819
-0.4360 2.6203 2.6819
-0.2561 2.5595 2.6819
-1.9490 3.6880 2.6819
-0.3944 2.7499 2.6819
-1.6737 3.6494 2.6819
-0.0813 2.6450 2.6819
-0.3540 2.8824 2.6819
-0.3549 2.9373 2.6819
-0.3527 2.9906 2.6819
-0.3507 3.0447 2.6819
-0.3497 3.1002 2.6819
-0.3504 3.1577 2.6819
-0.3489 3.2143 2.6819
-0.3506 3.2741 2.6819
-0.3501 3.3329 2.6819
-0.3496 3.3927 2.6819
-0.3499 3.4539 2.6819
-0.3495 3.5154 2.6819
-0.3498 3.5785 2.6819
-0.3501 3.6424 2.6819
-0.3504 3.7074 2.6819
-0.3513 3.7739 2.6819
-2.8507 2.7052 3.1288
-2.7975 2.7015 3.1288
-2.7810 2.7328 3.1288
-2.7860 2.7860 3.1288
-2.7819 2.8309 3.1288
-2.8085 2.9083 3.1288
-2.8106 2.9617 3.1288
-2.8098 3.0132 3.1288
-2.8044 3.0604 3.1288
-2.8043 3.1145 3.1288
-2.8108 3.1771 3.1288
-2.8079 3.2302 3.1288
-2.8024 3.2812 3.1288
-2.8019 3.3392 3.1288
-2.7949 3.3905 3.1288
-2.7986 3.4560 3.1288
-2.7945 3.5131 3.1288
-2.7963 3.5791 3.1288
-2.7967 3.6447 3.1288
-2.7954 3.7097 3.1288
-2.7915 3.7725 3.1288
-2.7914 3.8420 3.1288
-2.7920 3.9143 3.1288
-2.7836 3.9753 3.1288
-2.7120 3.9459 3.1288
-2.6573 3.9396 3.1288
-2.5924 3.9168 3.1288
-2.5484 3.9241 3.1288
-2.4888 3.9066 3.1288
-2.4413 3.9070 3.1288
-2.3826 3.8880 3.1288
-2.3362 3.8881 3.1288
-2.2875 3.8834 3.1288
-2.2315 3.8651 3.1288
-2.1809 3.8548 3.1288
-2.1370 3.8553 3.1288
-2.0861 3.8422 3.1288
-2.0342 3.8258 3.1288
-1.9929 3.8283 3.1288
-1.9449 3.8171 3.1288
-1.8986 3.8079 3.1288
-1.8543 3.8019 3.1288
-1.8081 3.7909 3.1288
-1.7665 3.7884 3.1288
-1.7268 3.7891 3.1288
-1.6806 3.7748 3.1288
-1.6416 3.7755 3.1288
-1.6043 3.7796 3.1288
-1.5652 3.7787 3.1288
-1.5235 3.7709 3.1288
-1.4818 3.7617 3.1288
-1.4442 3.7623 3.1288
-1.4061 3.7607 3.1288
-1.3633 3.7456 3.1288
-1.3292 3.7536 3.1288
-1.2925 3.7537 3.1288
-1.2556 3.7525 3.1288
-1.2212 3.7586 3.1288
-1.1839 3.7548 3.1288
-1.1487 3.7573 3.1288
-1.1128 3.7567 3.1288
-1.0777 3.7585 3.1288
-1.0420 3.7572 3.1288
-1.0081 3.7623 3.1288
-0.9740 3.7661 3.1288
-0.9382 3.7628 3.1288
-0.9053 3.7709 3.1288
-0.8710 3.7728 3.1288
-0.8363 3.7724 3.1288
-0.8034 3.7796 3.1288
-0.7694 3.7815 3.1288
-0.7335 3.7734 3.1288
-0.7016 3.7855 3.1288
-0.5730 3.2499 3.1288
-0.4493 2.6847 3.1288
-0.4266 2.6934 3.1288
-0.4088 2.7356 3.1288
-0.3630 2.5826 3.1288
-0.3382 2.5688 3.1288
-0.3165 2.5776 3.1288
-0.2941 2.5813 3.1288
-0.2715 2.5828 3.1288
-0.2501 2.5970 3.1288
-0.2274 2.5991 3.1288
-0.2057 2.6139 3.1288
-0.1826 2.6106 3.1288
-0.1599 2.6151 3.1288
-0.3134 5.9798 3.1288
-2.8674 2.6421 3.1288
-2.7977 2.6818 3.1288
-2.7519 2.7304 3.1288
-2.8788 2.8519 3.1288
-2.8609 2.9834 3.1288
-2.8710 3.0584 3.1288
-2.8536 3.1927 3.1288
-2.8677 3.2716 3.1288
-2.8524 3.4099 3.1288
-2.8738 3.4950 3.1288
-2.8645 3.6402 3.1288
-2.8591 3.7902 3.1288
-2.8557 3.9441 3.1288
-0.3635 2.5257 3.1288
-0.4999 2.6595 3.1288
-0.2629 2.5637 3.1288
-0.3997 2.7010 3.1288
-1.9217 3.7417 3.1288
-0.1084 2.6134 3.1288
-1.6449 3.6996 3.1288
-0.3532 2.8819 3.1288
-0.3557 2.9379 3.1288
-0.3519 2.9900 3.1288
-0.3507 3.0447 3.1288
-0.3513 3.1014 3.1288
-0.3520 3.1589 3.1288
-0.3497 3.2149 3.1288
-0.3506 3.2741 3.1288
-0.3501 3.3329 3.1288
-0.3504 3.3933 3.1288
-0.3499 3.4539 3.1288
-0.3503 3.5160 3.1288
-0.3498 3.5785 3.1288
-0.3501 3.6424 3.1288
-0.3504 3.7074 3.1288
-0.3513 3.7739 3.1288
-0.3514 3.8407 3.1288
-2.8522 2.7066 3.5758
-2.8083 2.7119 3.5758
-2.7824 2.7342 3.5758
-2.7867 2.7867 3.5758
-2.7847 2.8337 3.5758
-2.8120 2.9119 3.5758
-2.8126 2.9639 3.5758
-2.8030 3.0059 3.5758
-2.8084 3.0649 3.5758
-2.8083 3.1190 3.5758
-2.8141 3.1808 3.5758
-2.8079 3.2302 3.5758
-2.7998 3.2781 3.5758
-2.8038 3.3415 3.5758
-2.8013 3.3982 3.5758
-2.7954 3.4521 3.5758
-2.7895 3.5069 3.5758
-2.7933 3.5752 3.5758
-2.8027 3.6526 3.5758
-2.7978 3.7129 3.5758
-2.7969 3.7797 3.5758
-2.7967 3.8493 3.5758
-2.7984 3.9232 3.5758
-2.7962 3.9934 3.5758
-2.7550 4.0085 3.5758
-2.6948 3.9951 3.5758
-2.6366 3.9835 3.5758
-2.5827 3.9770 3.5758
-2.5275 3.9673 3.5758
-2.4742 3.9595 3.5758
-2.4192 3.9477 3.5758
-2.3671 3.9395 3.5758
-2.3134 3.9273 3.5758
-2.2670 3.9266 3.5758
-2.2203 3.9244 3.5758
-2.1652 3.9061 3.5758
-2.1219 3.9081 3.5758
-2.0765 3.9053 3.5758
-2.0326 3.9046 3.5758
-1.9880 3.9017 3.5758
-1.9427 3.8965 3.5758
-1.8960 3.8873 3.5758
-1.8546 3.8883 3.5758
-1.8097 3.8808 3.5758
-1.7687 3.8810 3.5758
-1.7242 3.8725 3.5758
-1.6807 3.8654 3.5758
-1.6364 3.8551 3.5758
-1.5969 3.8553 3.5758
-1.5576 3.8552 3.5758
-1.5169 3.8510 3.5758
-1.4740 3.8398 3.5758
-1.4373 3.8441 3.5758
-1.3989 3.8433 3.5758
-1.3613 3.8441 3.5758
-1.3231 3.8426 3.5758
-1.2829 3.8341 3.5758
-1.2460 3.8347 3.5758
-1.2082 3.8320 3.5758
-1.1709 3.8300 3.5758
-1.1338 3.8276 3.5758
-1.0957 3.8210 3.5758
-1.0631 3.8333 3.5758
-1.0278 3.8357 3.5758
-0.9898 3.8271 3.5758
-0.9534 3.8239 3.5758
-0.9205 3.8341 3.5758
-0.8834 3.8264 3.5758
-0.8491 3.8300 3.5758
-0.8142 3.8304 3.5758
-0.7825 3.8462 3.5758
-0.7470 3.8431 3.5758
-0.7114 3.8386 3.5758
-0.6520 3.6980 3.5758
-0.4450 2.6590 3.5758
-0.4307 2.7191 3.5758
-0.4051 2.7109 3.5758
-0.3628 2.5816 3.5758
-0.3413 2.5926 3.5758
-0.3171 2.5826 3.5758
-0.2965 2.6022 3.5758
-0.2738 2.6047 3.5758
-0.2526 2.6239 3.5758
-0.2296 2.6240 3.5758
-0.2056 2.6129 3.5758
-0.1833 2.6206 3.5758
-0.1603 2.6201 3.5758
-0.2840 5.4196 3.5758
-2.8441 2.6329 3.5758
-2.7977 2.6818 3.5758
-2.8720 2.7802 3.5758
-2.8545 2.9109 3.5758
-2.8609 2.9834 3.5758
-2.8701 3.0579 3.5758
-2.8536 3.1927 3.5758
-2.8677 3.2716 3.5758
-2.8524 3.4099 3.5758
-2.8720 3.4941 3.5758
-2.8654 3.6407 3.5758
-2.8583 3.7897 3.5758
-2.8574 3.9451 3.5758
-0.4004 2.5479 3.5758
-0.3371 2.5597 3.5758
-0.2535 2.5579 3.5758
-2.1987 3.8471 3.5758
-2.0491 3.8245 3.5758
-1.9263 3.8166 3.5758
-0.3582 2.8318 3.5758
-0.3532 2.8819 3.5758
-0.3524 2.9356 3.5758
-0.3527 2.9906 3.5758
-0.3523 3.0459 3.5758
-0.3521 3.1020 3.5758
-0.3528 3.1595 3.5758
-0.3513 3.2161 3.5758
-0.3506 3.2741 3.5758
-0.3509 3.3336 3.5758
-0.3511 3.3939 3.5758
-0.3499 3.4539 3.5758
-0.3503 3.5160 3.5758
-0.3498 3.5785 3.5758
-0.3501 3.6424 3.5758
-0.3504 3.7074 3.5758
-0.3513 3.7739 3.5758
-0.3514 3.8407 3.5758
-2.8464 2.7011 4.0228
-2.8119 2.7154 4.0228
-2.7881 2.7399 4.0228
-2.7825 2.7825 4.0228
-2.7854 2.8345 4.0228
-2.8161 2.9162 4.0228
-2.8092 2.9603 4.0228
-2.8187 3.0227 4.0228
-2.8132 3.0700 4.0228
-2.8110 3.1220 4.0228
-2.8168 3.1838 4.0228
-2.8106 3.2332 4.0228
-2.8069 3.2865 4.0228
-2.8019 3.3392 4.0228
-2.7975 3.3936 4.0228
-2.7992 3.4567 4.0228
-2.8026 3.5233 4.0228
-2.7933 3.5752 4.0228
-2.7960 3.6439 4.0228
-2.7966 3.7113 4.0228
-2.8004 3.7846 4.0228
-2.7996 3.8533 4.0228
-2.7967 3.9208 4.0228
-2.7985 3.9966 4.0228
-2.7935 4.0646 4.0228
-2.7462 4.0714 4.0228
-2.6896 4.0635 4.0228
-2.6366 4.0600 4.0228
-2.5909 4.0668 4.0228
-2.5351 4.0571 4.0228
-2.4855 4.0560 4.0228
-2.4330 4.0493 4.0228
-2.3809 4.0419 4.0228
-2.3285 4.0331 4.0228
-2.2735 4.0184 4.0228
-2.2190 4.0031 4.0228
-2.1720 4.0004 4.0228
-2.1201 3.9874 4.0228
-2.0719 3.9800 4.0228
-2.0243 3.9730 4.0228
-1.9807 3.9726 4.0228
-1.9306 3.9583 4.0228
-1.8856 3.9533 4.0228
-1.8452 3.9569 4.0228
-1.7989 3.9474 4.0228
-1.7518 3.9346 4.0228
-1.7106 3.9342 4.0228
-1.6669 3.9269 4.0228
-1.6283 3.9311 4.0228
-1.5835 3.9192 4.0228
-1.5426 3.9161 4.0228
-1.5008 3.9098 4.0228
-1.4653 3.9190 4.0228
-1.4228 3.9091 4.0228
-1.3846 3.9101 4.0228
-1.3449 3.9059 4.0228
-1.3089 3.9118 4.0228
-1.2688 3.9050 4.0228
-1.2293 3.8988 4.0228
-1.1964 3.9132 4.0228
-1.1579 3.9091 4.0228
-1.1210 3.9095 4.0228
-1.0853 3.9133 4.0228
-1.0487 3.9139 4.0228
-1.0115 3.9113 4.0228
-0.9774 3.9200 4.0228
-0.9399 3.9148 4.0228
-0.9036 3.9140 4.0228
-0.8679 3.9149 4.0228
-0.8327 3.9175 4.0228
-0.7981 3.9226 4.0228
-0.7613 3.9167 4.0228
-0.7278 3.9271 4.0228
-0.4890 2.7732 4.0228
-0.4380 2.6176 4.0228
-0.4305 2.7181 4.0228
-0.4050 2.7099 4.0228
-0.3625 2.5796 4.0228
-0.3402 2.5837 4.0228
-0.3171 2.5826 4.0228
-0.2968 2.6051 4.0228
-0.2732 2.5997 4.0228
-0.2503 2.5990 4.0228
-0.2287 2.6140 4.0228
-0.2061 2.6189 4.0228
-0.1828 2.6146 4.0228
-0.1635 2.6740 4.0228
-2.8441 2.6329 4.0228
-2.7977 2.6818 4.0228
-2.8720 2.7802 4.0228
-2.8545 2.9109 4.0228
-2.8599 2.9830 4.0228
-2.8691 3.0575 4.0228
-2.8536 3.1927 4.0228
-2.8668 3.2711 4.0228
-2.8515 3.4095 4.0228
-2.8711 3.4936 4.0228
-2.8601 3.6379 4.0228
-2.8556 3.7882 4.0228
-2.8540 3.9431 4.0228
-0.3618 2.5247 4.0228
-2.8575 4.1042 4.0228
-0.2544 2.5585 4.0228
-0.1855 2.5645 4.0228
-2.2077 3.9274 4.0228
-2.0556 3.9022 4.0228
-0.3574 2.8312 4.0228
-0.3556 2.8836 4.0228
-0.3557 2.9379 4.0228
-0.3543 2.9918 4.0228
-0.3523 3.0459 4.0228
-0.3521 3.1020 4.0228
-0.3504 3.1577 4.0228
-0.3505 3.2155 4.0228
-0.3499 3.2735 4.0228
-0.3501 3.3329 4.0228
-0.3504 3.3933 4.0228
-0.3499 3.4539 4.0228
-0.3503 3.5160 4.0228
-0.3498 3.5785 4.0228
-0.3501 3.6424 4.0228
-0.3504 3.7074 4.0228
-0.3513 3.7739 4.0228
-0.3514 3.8407 4.0228
-0.3521 3.9092 4.0228
-2.8493 2.7039 4.4698
-2.8061 2.7099 4.4698
-2.7867 2.7385 4.4698
-2.7888 2.7888 4.4698
-2.7847 2.8337 4.4698
-2.8189 2.9191 4.4698
-2.8167 2.9682 4.4698
-2.8092 3.0124 4.4698
-2.8111 3.0678 4.4698
-2.8097 3.1205 4.4698
-2.8141 3.1808 4.4698
-2.8106 3.2332 4.4698
-2.8043 3.2834 4.4698
-2.8045 3.3423 4.4698
-2.8000 3.3967 4.4698
-2.8061 3.4653 4.4698
-2.8026 3.5233 4.4698
-2.7988 3.5823 4.4698
-2.7942 3.6415 4.4698
-2.8021 3.7184 4.4698
-2.8016 3.7862 4.4698
-2.8002 3.8542 4.4698
-2.8019 3.9281 4.4698
-2.8071 4.0089 4.4698
-2.7975 4.0704 4.4698
-2.7937 4.1419 4.4698
-2.7520 4.1578 4.4698
-2.6954 4.1506 4.4698
-2.6376 4.1402 4.4698
-2.5834 4.1342 4.4698
-2.5320 4.1319 4.4698
-2.4809 4.1290 4.4698
-2.4235 4.1143 4.4698
-2.3715 4.1076 4.4698
-2.3213 4.1029 4.4698
-2.2718 4.0985 4.4698
-2.2207 4.0900 4.4698
-2.1708 4.0827 4.4698
-2.1203 4.0732 4.4698
-2.0711 4.0648 4.4698
-2.0182 4.0478 4.4698
-1.9757 4.0509 4.4698
-1.9278 4.0418 4.4698
-1.8811 4.0340 4.4698
-1.8367 4.0302 4.4698
-1.7900 4.0205 4.4698
-1.7477 4.0195 4.4698
-1.7055 4.0180 4.4698
-1.6566 3.9995 4.4698
-1.6146 3.9962 4.4698
-1.5694 3.9840 4.4698
-1.5299 3.9855 4.4698
-1.4901 3.9855 4.4698
-1.4481 3.9787 4.4698
-1.4077 3.9751 4.4698
-1.3693 3.9769 4.4698
-1.3292 3.9725 4.4698
-1.2871 3.9612 4.4698
-1.2509 3.9675 4.4698
-1.2142 3.9715 4.4698
-1.1767 3.9724 4.4698
-1.1389 3.9719 4.4698
-1.1029 3.9769 4.4698
-1.0674 3.9835 4.4698
-1.0298 3.9820 4.4698
-0.9938 3.9860 4.4698
-0.9562 3.9828 4.4698
-0.9230 3.9978 4.4698
-0.8872 4.0018 4.4698
-0.8495 3.9967 4.4698
-0.8150 4.0059 4.4698
-0.7802 4.0139 4.4698
-0.7442 4.0156 4.4698
-0.7076 4.0131 4.4698
-0.4375 2.6146 4.4698
-0.4241 2.6776 4.4698
-0.4080 2.7297 4.4698
-0.3631 2.5836 4.4698
-0.3392 2.5768 4.4698
-0.3169 2.5806 4.4698
-0.2959 2.5972 4.4698
-0.2745 2.6116 4.4698
-0.2514 2.6109 4.4698
-0.2280 2.6060 4.4698
-0.2046 2.6000 4.4698
-0.1818 2.5997 4.4698
-0.2836 4.6373 4.4698
-2.8441 2.6329 4.4698
-2.8682 2.7103 4.4698
-2.7750 2.7400 4.4698
-2.8788 2.8519 4.4698
-2.8599 2.9830 4.4698
-2.8682 3.0571 4.4698
-2.8794 3.1333 4.4698
-2.8623 3.2689 4.4698
-2.8792 3.3501 4.4698
-2.8693 3.4927 4.4698
-2.8592 3.6374 4.4698
-2.8522 3.7862 4.4698
-2.8480 3.9395 4.4698
-0.3635 2.5257 4.4698
-2.8515 4.1006 4.4698
-0.2230 2.5388 4.4698
-0.3938 2.6972 4.4698
-2.2157 4.0082 4.4698
-0.3574 2.8312 4.4698
-0.3548 2.8830 4.4698
-0.3541 2.9367 4.4698
-0.3535 2.9912 4.4698
-0.3539 3.0471 4.4698
-0.3513 3.1014 4.4698
-0.3520 3.1589 4.4698
-0.3521 3.2167 4.4698
-0.3506 3.2741 4.4698
-0.3524 3.3348 4.4698
-0.3511 3.3939 4.4698
-0.3507 3.4545 4.4698
-0.3503 3.5160 4.4698
-0.3506 3.5791 4.4698
-0.3501 3.6424 4.4698
-0.3504 3.7074 4.4698
-0.3513 3.7739 4.4698
-0.3514 3.8407 4.4698
-0.3521 3.9092 4.4698
-0.3534 3.9794 4.4698
-2.8507 2.7052 4.9167
-2.8141 2.7175 4.9167
-2.7945 2.7462 4.9167
-2.7839 2.7839 4.9167
-2.7854 2.8345 4.9167
-2.8141 2.9140 4.9167
-2.8174 2.9690 4.9167
-2.8105 3.0139 4.9167
-2.8064 3.0627 4.9167
-2.8170 3.1286 4.9167
-2.8148 3.1816 4.9167
-2.8119 3.2347 4.9167
-2.8069 3.2865 4.9167
-2.8064 3.3446 4.9167
-2.8013 3.3982 4.9167
-2.8093 3.4692 4.9167
-2.8013 3.5217 4.9167
-2.8111 3.5981 4.9167
-2.8076 3.6589 4.9167
-2.8099 3.7288 4.9167
-2.7980 3.7813 4.9167
-2.8020 3.8566 4.9167
-2.8036 3.9305 4.9167
-2.8025 4.0024 4.9167
-2.7986 4.0720 4.9167
-2.7999 4.1510 4.9167
-2.7956 4.2236 4.9167
-2.7537 4.2403 4.9167
-2.6972 4.2338 4.9167
-2.6337 4.2148 4.9167
-2.5848 4.2180 4.9167
-2.5232 4.1993 4.9167
-2.4677 4.1892 4.9167
-2.4200 4.1916 4.9167
-2.3661 4.1821 4.9167
-2.3091 4.1658 4.9167
-2.2584 4.1594 4.9167
-2.2098 4.1560 4.9167
-2.1587 4.1468 4.9167
-2.1056 4.1325 4.9167
-2.0561 4.1239 4.9167
-2.0077 4.1165 4.9167
-1.9614 4.1122 4.9167
-1.9174 4.1119 4.9167
-1.8624 4.0866 4.9167
-1.8185 4.0845 4.9167
-1.7788 4.0910 4.9167
-1.7298 4.0751 4.9167
-1.6922 4.0854 4.9167
-1.6438 4.0685 4.9167
-1.6031 4.0696 4.9167
-1.5571 4.0564 4.9167
-1.5188 4.0623 4.9167
-1.4762 4.0557 4.9167
-1.4364 4.0562 4.9167
-1.3925 4.0440 4.9167
-1.3517 4.0399 4.9167
-1.3133 4.0420 4.9167
-1.2762 4.0476 4.9167
-1.2332 4.0337 4.9167
-1.1957 4.0366 4.9167
-1.1585 4.0402 4.9167
-1.1211 4.0424 4.9167
-1.0847 4.0482 4.9167
-1.0456 4.0430 4.9167
-1.0098 4.0500 4.9167
-0.9742 4.0577 4.9167
-0.9383 4.0641 4.9167
-0.8997 4.0585 4.9167
-0.8639 4.0642 4.9167
-0.8274 4.0667 4.9167
-0.7913 4.0708 4.9167
-0.7554 4.0756 4.9167
-0.7203 4.0850 4.9167
-0.5509 3.2922 4.9167
-0.4200 2.6519 4.9167
-0.4053 2.7119 4.9167
-0.3641 2.5905 4.9167
-0.3404 2.5857 4.9167
-0.3166 2.5786 4.9167
-0.2939 2.5793 4.9167
-0.2742 2.6086 4.9167
-0.2505 2.6020 4.9167
-0.2258 2.5811 4.9167
-0.2031 2.5810 4.9167
-0.1764 2.5228 4.9167
-0.2875 4.7012 4.9167
-2.8441 2.6329 4.9167
-2.8682 2.7103 4.9167
-2.7759 2.7404 4.9167
-2.8788 2.8519 4.9167
-2.8599 2.9830 4.9167
-2.8691 3.0575 4.9167
-2.8794 3.1333 4.9167
-2.8641 3.2698 4.9167
-2.8792 3.3501 4.9167
-2.8667 3.4913 4.9167
-2.8583 3.6369 4.9167
-2.8504 3.7853 4.9167
-2.8480 3.9395 4.9167
-0.3635 2.5257 4.9167
-2.8507 4.1000 4.9167
-0.2561 2.5595 4.9167
-0.4006 2.7015 4.9167
-2.8661 4.4387 4.9167
-0.3582 2.8318 4.9167
-0.3581 2.8853 4.9167
-0.3549 2.9373 4.9167
-0.3560 2.9929 4.9167
-0.3539 3.0471 4.9167
-0.3545 3.1038 4.9167
-0.3528 3.1595 4.9167
-0.3529 3.2173 4.9167
-0.3530 3.2759 4.9167
-0.3516 3.3342 4.9167
-0.3511 3.3939 4.9167
-0.3515 3.4552 4.9167
-0.3503 3.5160 4.9167
-0.3506 3.5791 4.9167
-0.3509 3.6431 4.9167
-0.3512 3.7080 4.9167
-0.3513 3.7739 4.9167
-0.3514 3.8407 4.9167
-0.3521 3.9092 4.9167
-0.3527 3.9787 4.9167
-0.3538 4.0499 4.9167
-2.8522 2.7066 5.3637
-2.8126 2.7161 5.3637
-2.7924 2.7441 5.3637
-2.7811 2.7811 5.3637
-2.7483 2.7967 5.3637
-2.8161 2.9162 5.3637
-2.8195 2.9711 5.3637
-2.8173 3.0212 5.3637
-2.8132 3.0700 5.3637
-2.8164 3.1279 5.3637
-2.8228 3.1906 5.3637
-2.8256 3.2505 5.3637
-2.8225 3.3047 5.3637
-2.8122 3.3514 5.3637
-2.8083 3.4067 5.3637
-2.8124 3.4731 5.3637
-2.8131 3.5366 5.3637
-2.8050 3.5902 5.3637
-2.7997 3.6486 5.3637
-2.8111 3.7304 5.3637
-2.8099 3.7974 5.3637
-2.8073 3.8639 5.3637
-2.8025 3.9289 5.3637
-2.8077 4.0097 5.3637
-2.8065 4.0835 5.3637
-2.8060 4.1601 5.3637
-2.8005 4.2311 5.3637
-2.7973 4.3074 5.3637
-2.7789 4.3620 5.3637
-2.7100 4.3369 5.3637
-2.6548 4.3323 5.3637
-2.5973 4.3227 5.3637
-2.5412 4.3142 5.3637
-2.4825 4.2998 5.3637
-2.4286 4.2926 5.3637
-2.3775 4.2891 5.3637
-2.3257 4.2834 5.3637
-2.2685 4.2664 5.3637
-2.2150 4.2550 5.3637
-2.1633 4.2456 5.3637
-2.1159 4.2438 5.3637
-2.0586 4.2207 5.3637
-2.0014 4.1961 5.3637
-1.9563 4.1953 5.3637
-1.9092 4.1895 5.3637
-1.8629 4.1840 5.3637
-1.8199 4.1855 5.3637
-1.7708 4.1717 5.3637
-1.7251 4.1648 5.3637
-1.6812 4.1612 5.3637
-1.6346 4.1497 5.3637
-1.5947 4.1544 5.3637
-1.5528 4.1532 5.3637
-1.5093 4.1469 5.3637
-1.4681 4.1457 5.3637
-1.4266 4.1433 5.3637
-1.3876 4.1470 5.3637
-1.3486 4.1504 5.3637
-1.3060 4.1420 5.3637
-1.2651 4.1379 5.3637
-1.2264 4.1402 5.3637
-1.1852 4.1334 5.3637
-1.1465 4.1340 5.3637
-1.1070 4.1313 5.3637
-1.0709 4.1408 5.3637
-1.0306 4.1335 5.3637
-0.9947 4.1433 5.3637
-0.9542 4.1333 5.3637
-0.9162 4.1327 5.3637
-0.8774 4.1278 5.3637
-0.8401 4.1294 5.3637
-0.8052 4.1425 5.3637
-0.7674 4.1405 5.3637
-0.7307 4.1441 5.3637
-0.4511 2.6955 5.3637
-0.4280 2.7023 5.3637
-0.4119 2.7564 5.3637
-0.3631 2.5836 5.3637
-0.3388 2.5738 5.3637
-0.3150 2.5657 5.3637
-0.2932 2.5734 5.3637
-0.2713 2.5808 5.3637
-0.2495 2.5910 5.3637
-0.2270 2.5951 5.3637
-0.2036 2.5870 5.3637
-0.1842 2.6346 5.3637
-0.2868 4.6892 5.3637
-2.8441 2.6329 5.3637
-2.8682 2.7103 5.3637
-2.7750 2.7400 5.3637
-2.8769 2.8512 5.3637
-2.8848 2.9240 5.3637
-2.8682 3.0571 5.3637
-2.8785 3.1329 5.3637
-2.8623 3.2689 5.3637
-2.8774 3.3492 5.3637
-2.8658 3.4908 5.3637
-2.5004 3.3713 5.3637
-2.8557 3.6355 5.3637
-2.8815 3.7258 5.3637
-2.8760 3.8775 5.3637
-0.3653 2.5268 5.3637
-0.2620 2.5632 5.3637
-2.8481 4.2608 5.3637
-0.4339 2.7755 5.3637
-2.8619 4.4359 5.3637
-0.3906 2.8536 5.3637
-0.3565 2.9384 5.3637
-0.3551 2.9924 5.3637
-0.3548 3.0477 5.3637
-0.3529 3.1026 5.3637
-0.3520 3.1589 5.3637
-0.3537 3.2179 5.3637
-0.3522 3.2753 5.3637
-0.3524 3.3348 5.3637
-0.3519 3.3946 5.3637
-0.3515 3.4552 5.3637
-0.3510 3.5167 5.3637
-0.3506 3.5791 5.3637
-0.3509 3.6431 5.3637
-0.3504 3.7074 5.3637
-0.3513 3.7739 5.3637
-0.3514 3.8407 5.3637
-0.3521 3.9092 5.3637
-0.3527 3.9787 5.3637
-0.3538 4.0499 5.3637
-0.3553 4.1227 5.3637
-2.8529 2.7073 5.8107
-2.8018 2.7057 5.8107
-2.7938 2.7455 5.8107
-2.7888 2.7888 5.8107
-2.7875 2.8366 5.8107
-2.8245 2.9248 5.8107
-2.8223 2.9740 5.8107
-2.8132 3.0168 5.8107
-2.8084 3.0649 5.8107
-2.8150 3.1264 5.8107
-2.8247 3.1928 5.8107
-2.8178 3.2415 5.8107
-2.8173 3.2986 5.8107
-2.8154 3.3553 5.8107
-2.8134 3.4129 5.8107
-2.8080 3.4676 5.8107
-2.8044 3.5256 5.8107
-2.8025 3.5870 5.8107
-2.8052 3.6558 5.8107
-2.7990 3.7145 5.8107
-2.8010 3.7854 5.8107
-2.8061 3.8622 5.8107
-2.8025 3.9289 5.8107
-2.8071 4.0089 5.8107
-2.7975 4.0704 5.8107
-2.8016 4.1535 5.8107
-2.7989 4.2286 5.8107
-2.7913 4.2982 5.8107
-2.8004 4.3958 5.8107
-2.7635 4.4226 5.8107
-2.6982 4.4030 5.8107
-2.6406 4.3947 5.8107
-2.5829 4.3848 5.8107
-2.5280 4.3786 5.8107
-2.4759 4.3761 5.8107
-2.4163 4.3591 5.8107
-2.3643 4.3545 5.8107
-2.3089 4.3423 5.8107
-2.2487 4.3197 5.8107
-2.1996 4.3169 5.8107
-2.1467 4.3055 5.8107
-2.0902 4.2855 5.8107
-2.0458 4.2891 5.8107
-1.9939 4.2760 5.8107
-1.9499 4.2786 5.8107
-1.9039 4.2763 5.8107
-1.8590 4.2753 5.8107
-1.8142 4.2739 5.8107
-1.7684 4.2692 5.8107
-1.7164 4.2484 5.8107
-1.6716 4.2436 5.8107
-1.6230 4.2282 5.8107
-1.5752 4.2132 5.8107
-1.5302 4.2042 5.8107
-1.4858 4.1957 5.8107
-1.4416 4.1868 5.8107
-1.3949 4.1688 5.8107
-1.3535 4.1656 5.8107
-1.3090 4.1515 5.8107
-1.2680 4.1475 5.8107
-1.2287 4.1479 5.8107
-1.1836 4.1277 5.8107
-1.1473 4.1369 5.8107
-1.1059 4.1274 5.8107
-1.0684 4.1311 5.8107
-1.0296 4.1296 5.8107
-0.9921 4.1326 5.8107
-0.9565 4.1430 5.8107
-0.9173 4.1375 5.8107
-0.8809 4.1444 5.8107
-0.8457 4.1568 5.8107
-0.8100 4.1670 5.8107
-0.7729 4.1700 5.8107
-0.7359 4.1736 5.8107
-0.4453 2.6610 5.8107
-0.4288 2.7073 5.8107
-0.4254 2.8464 5.8107
-0.3621 2.5767 5.8107
-0.3394 2.5778 5.8107
-0.3160 2.5737 5.8107
-0.2933 2.5743 5.8107
-0.2715 2.5828 5.8107
-0.2500 2.5960 5.8107
-0.2268 2.5921 5.8107
-0.2049 2.6039 5.8107
-0.1818 2.5997 5.8107
-0.2895 4.7332 5.8107
-2.8674 2.6421 5.8107
-2.8209 2.6912 5.8107
-2.8711 2.7798 5.8107
-2.8778 2.8516 5.8107
-2.7307 2.8570 5.8107
-2.8664 3.0563 5.8107
-2.8776 3.1324 5.8107
-2.8623 3.2689 5.8107
-2.8783 3.3496 5.8107
-2.8667 3.4913 5.8107
-2.8557 3.6355 5.8107
-2.8815 3.7258 5.8107
-2.8752 3.8770 5.8107
-0.3653 2.5268 5.8107
-0.2953 2.5341 5.8107
-0.3680 2.6295 5.8107
-2.8473 4.2602 5.8107
-0.3903 2.8000 5.8107
-0.3573 2.8847 5.8107
-0.3565 2.9384 5.8107
-0.3568 2.9935 5.8107
-0.3548 3.0477 5.8107
-0.3545 3.1038 5.8107
-0.3520 3.1589 5.8107
-0.3537 3.2179 5.8107
-1.5130 4.1822 5.8107
-0.3524 3.3348 5.8107
-0.3519 3.3946 5.8107
-1.1524 4.1154 5.8107
-0.3510 3.5167 5.8107
-0.3825 3.6064 5.8107
-0.9547 4.1679 5.8107
-0.3512 3.7080 5.8107
-0.3513 3.7739 5.8107
-0.3514 3.8407 5.8107
-0.3521 3.9092 5.8107
-0.3527 3.9787 5.8107
-0.3538 4.0499 5.8107
-0.3546 4.1220 5.8107
-0.3560 4.1960 5.8107
-2.8558 2.7101 6.2577
-2.8105 2.7140 6.2577
-2.7895 2.7413 6.2577
-2.7959 2.7959 6.2577
-2.7917 2.8409 6.2577
-2.8161 2.9162 6.2577
-2.8140 2.9653 6.2577
-2.8105 3.0139 6.2577
-2.8138 3.0708 6.2577
-2.8137 3.1249 6.2577
-2.8208 3.1883 6.2577
-2.8217 3.2460 6.2577
-2.8225 3.3047 6.2577
-2.8103 3.3491 6.2577
-2.8185 3.4191 6.2577
-2.8143 3.4754 6.2577
-2.8138 3.5374 6.2577
-2.8037 3.5886 6.2577
-2.8046 3.6550 6.2577
-2.8027 3.7192 6.2577
-2.8064 3.7926 6.2577
-2.8084 3.8655 6.2577
-2.8031 3.9297 6.2577
-2.8008 3.9999 6.2577
-2.7992 4.0728 6.2577
-2.7993 4.1502 6.2577
-2.7989 4.2286 6.2577
-2.7956 4.3049 6.2577
-2.7983 4.3924 6.2577
-2.7996 4.4802 6.2577
-2.7525 4.4917 6.2577
-2.6849 4.4684 6.2577
-2.6153 4.4400 6.2577
-2.5540 4.4237 6.2577
-2.4828 4.3883 6.2577
-2.4245 4.3740 6.2577
-2.3643 4.3545 6.2577
-2.3009 4.3273 6.2577
-2.2386 4.3002 6.2577
-2.1796 4.2777 6.2577
-2.1261 4.2644 6.2577
-2.0696 4.2432 6.2577
-2.0083 4.2106 6.2577
-1.9500 4.1817 6.2577
-1.9026 4.1749 6.2577
-1.8462 4.1466 6.2577
-1.7924 4.1222 6.2577
-1.7407 4.1008 6.2577
-1.6949 4.0919 6.2577
-1.6475 4.0778 6.2577
-1.6001 4.0622 6.2577
-1.5499 4.0377 6.2577
-1.5087 4.0352 6.2577
-1.4645 4.0238 6.2577
-1.4200 4.0100 6.2577
-1.3785 4.0033 6.2577
-1.3387 4.0010 6.2577
-1.2951 3.9859 6.2577
-1.2548 3.9799 6.2577
-1.2163 3.9782 6.2577
-1.1761 3.9705 6.2577
-1.1392 3.9729 6.2577
-1.1000 3.9663 6.2577
-1.0606 3.9584 6.2577
-1.0251 3.9636 6.2577
-0.9899 3.9705 6.2577
-0.9506 3.9595 6.2577
-0.9167 3.9706 6.2577
-0.8824 3.9804 6.2577
-0.8497 3.9977 6.2577
-0.8134 3.9981 6.2577
-0.7770 3.9972 6.2577
-0.7442 4.0156 6.2577
-0.7104 4.0288 6.2577
-0.4394 2.6255 6.2577
-0.4246 2.6806 6.2577
-0.4068 2.7218 6.2577
-0.3641 2.5905 6.2577
-0.3398 2.5807 6.2577
-0.3167 2.5796 6.2577
-0.2936 2.5773 6.2577
-0.2725 2.5927 6.2577
-0.2497 2.5930 6.2577
-0.2274 2.5991 6.2577
-0.2055 2.6109 6.2577
-0.1836 2.6256 6.2577
-0.2907 4.7531 6.2577
-2.8441 2.6329 6.2577
-2.8711 2.7798 6.2577
-2.8778 2.8516 6.2577
-2.8848 2.9240 6.2577
-2.7083 2.9155 6.2577
-2.8673 3.0567 6.2577
-2.8776 3.1324 6.2577
-2.8632 3.2694 6.2577
-2.8801 3.3505 6.2577
-2.8676 3.4917 6.2577
-2.8548 3.6350 6.2577
-2.8823 3.7262 6.2577
-2.8769 3.8780 6.2577
-0.3653 2.5268 6.2577
-0.2919 2.5320 6.2577
-0.4638 2.6893 6.2577
-0.3980 2.6999 6.2577
-0.3878 2.7983 6.2577
-0.3581 2.8853 6.2577
-0.3582 2.9396 6.2577
-0.3543 2.9918 6.2577
-0.3548 3.0477 6.2577
-0.3545 3.1038 6.2577
-0.3528 3.1595 6.2577
-0.3537 3.2179 6.2577
-0.3530 3.2759 6.2577
-0.3524 3.3348 6.2577
-0.3519 3.3946 6.2577
-0.3515 3.4552 6.2577
-0.3510 3.5167 6.2577
-0.8509 4.0064 6.2577
-0.3509 3.6431 6.2577
-0.3512 3.7080 6.2577
-0.3513 3.7739 6.2577
-0.3514 3.8407 6.2577
-0.3521 3.9092 6.2577
-0.3527 3.9787 6.2577
-0.3530 4.0492 6.2577
-2.8529 2.7073 6.7046
-2.8018 2.7057 6.7046
-2.7938 2.7455 6.7046
-2.7973 2.7973 6.7046
-2.7924 2.8416 6.7046
-2.8134 2.9133 6.7046
-2.8209 2.9726 6.7046
-2.8201 3.0241 6.7046
-2.8192 3.0767 6.7046
-2.8130 3.1242 6.7046
-2.8214 3.1891 6.7046
-2.8230 3.2475 6.7046
-2.8121 3.2926 6.7046
-2.8064 3.3446 6.7046
-2.8102 3.4090 6.7046
-2.8131 3.4738 6.7046
-2.8075 3.5296 6.7046
-2.8093 3.5957 6.7046
-2.8119 3.6645 6.7046
-2.8117 3.7312 6.7046
-2.8141 3.8030 6.7046
-2.8061 3.8622 6.7046
-2.7984 3.9232 6.7046
-2.8031 4.0032 6.7046
-2.8031 4.0786 6.7046
-2.8016 4.1535 6.7046
-2.7989 4.2286 6.7046
-2.8011 4.3133 6.7046
-2.8047 4.4025 6.7046
-2.7566 4.4115 6.7046
-2.6846 4.3809 6.7046
-2.6215 4.3630 6.7046
-2.5509 4.3305 6.7046
-2.4825 4.2998 6.7046
-2.4232 4.2830 6.7046
-2.3552 4.2489 6.7046
-2.3028 4.2412 6.7046
-2.2356 4.2046 6.7046
-2.1716 4.1716 6.7046
-2.1151 4.1512 6.7046
-2.0592 4.1301 6.7046
-1.9955 4.0913 6.7046
-1.9459 4.0797 6.7046
-1.8963 4.0666 6.7046
-1.8404 4.0384 6.7046
-1.7941 4.0296 6.7046
-1.7445 4.0121 6.7046
-1.6989 4.0024 6.7046
-1.6528 3.9902 6.7046
-1.6026 3.9665 6.7046
-1.5628 3.9673 6.7046
-1.5180 3.9546 6.7046
-1.4740 3.9425 6.7046
-1.4296 3.9279 6.7046
-1.3876 3.9186 6.7046
-1.3492 3.9182 6.7046
-1.3076 3.9080 6.7046
-1.2688 3.9050 6.7046
-1.2275 3.8931 6.7046
-1.1908 3.8950 6.7046
-1.1537 3.8947 6.7046
-1.1158 3.8912 6.7046
-1.0778 3.8863 6.7046
-1.0412 3.8859 6.7046
-1.0043 3.8832 6.7046
-0.9708 3.8938 6.7046
-0.9345 3.8924 6.7046
-0.9000 3.8985 6.7046
-0.8653 3.9032 6.7046
-0.8306 3.9077 6.7046
-0.7971 3.9177 6.7046
-0.7630 3.9255 6.7046
-0.7306 3.9419 6.7046
-0.6941 3.9363 6.7046
-0.4389 2.6225 6.7046
-0.4203 2.6539 6.7046
-0.4054 2.7129 6.7046
-0.3632 2.5846 6.7046
-0.3394 2.5778 6.7046
-0.3167 2.5796 6.7046
-0.2949 2.5883 6.7046
-0.2717 2.5848 6.7046
-0.2498 2.5940 6.7046
-0.2272 2.5971 6.7046
-0.2058 2.6149 6.7046
-0.1836 2.6256 6.7046
-0.2918 4.7711 6.7046
-2.8441 2.6329 6.7046
-2.8711 2.7798 6.7046
-2.8769 2.8512 6.7046
-2.8590 2.9826 6.7046
-2.6862 2.9742 6.7046
-2.8766 3.1320 6.7046
-2.8623 3.2689 6.7046
-2.8774 3.3492 6.7046
-2.8676 3.4917 6.7046
-2.8845 3.5755 6.7046
-2.8797 3.7248 6.7046
-2.8769 3.8780 6.7046
-0.3644 2.5263 6.7046
-0.2893 2.5305 6.7046
-0.4028 2.6512 6.7046
-0.3964 2.6989 6.7046
-0.3878 2.7983 6.7046
-0.3589 2.8858 6.7046
-0.3573 2.9390 6.7046
-0.3551 2.9924 6.7046
-0.3548 3.0477 6.7046
-0.3553 3.1044 6.7046
-0.3520 3.1589 6.7046
-0.3822 3.2398 6.7046
-1.1103 3.8676 6.7046
-0.3516 3.3342 6.7046
-0.9480 3.8772 6.7046
-0.3515 3.4552 6.7046
-0.3510 3.5167 6.7046
-0.3833 3.6070 6.7046
-0.3834 3.6713 6.7046
-0.6200 3.9459 6.7046
-0.3513 3.7739 6.7046
-0.3514 3.8407 6.7046
-0.3521 3.9092 6.7046
-0.3527 3.9787 6.7046
-2.8522 2.7066 7.1516
-2.8025 2.7064 7.1516
-2.7909 2.7427 7.1516
-2.7924 2.7924 7.1516
-2.7910 2.8402 7.1516
-2.8196 2.9198 7.1516
-2.8174 2.9690 7.1516
-2.8221 3.0263 7.1516
-2.8105 3.0671 7.1516
-2.8170 3.1286 7.1516
-2.8194 3.1868 7.1516
-2.8171 3.2407 7.1516
-2.8115 3.2918 7.1516
-2.8199 3.3606 7.1516
-2.8146 3.4144 7.1516
-2.8112 3.4715 7.1516
-2.8107 3.5335 7.1516
-2.8222 3.6122 7.1516
-2.8137 3.6669 7.1516
-2.8081 3.7264 7.1516
-2.8004 3.7846 7.1516
-2.8090 3.8663 7.1516
-2.8100 3.9395 7.1516
-2.8088 4.0114 7.1516
-2.8014 4.0761 7.1516
-2.8049 4.1585 7.1516
-2.8033 4.2353 7.1516
-2.8011 4.3133 7.1516
-2.7961 4.3890 7.1516
-2.7153 4.3454 7.1516
-2.6543 4.3314 7.1516
-2.5855 4.3030 7.1516
-2.5189 4.2763 7.1516
-2.4565 4.2548 7.1516
-2.3883 4.2212 7.1516
-2.3285 4.2008 7.1516
-2.2613 4.1647 7.1516
-2.2042 4.1454 7.1516
-2.1476 4.1255 7.1516
-2.0897 4.1013 7.1516
-2.0391 4.0899 7.1516
-1.9858 4.0715 7.1516
-1.9347 4.0562 7.1516
-1.8819 4.0358 7.1516
-1.8346 4.0257 7.1516
-1.7884 4.0169 7.1516
-1.7389 3.9993 7.1516
-1.6930 3.9885 7.1516
-1.6509 3.9856 7.1516
-1.6082 3.9804 7.1516
-1.5628 3.9673 7.1516
-1.5223 3.9658 7.1516
-1.4782 3.9537 7.1516
-1.4382 3.9514 7.1516
-1.3970 3.9450 7.1516
-1.3579 3.9438 7.1516
-1.3194 3.9431 7.1516
-1.2781 3.9336 7.1516
-1.2425 3.9408 7.1516
-1.2022 3.9323 7.1516
-1.1608 3.9187 7.1516
-1.1218 3.9123 7.1516
-1.0882 3.9239 7.1516
-1.0498 3.9178 7.1516
-1.0125 3.9152 7.1516
-0.9762 3.9151 7.1516
-0.9424 3.9255 7.1516
-0.9057 3.9228 7.1516
-0.8686 3.9179 7.1516
-0.8337 3.9224 7.1516
-0.7981 3.9226 7.1516
-0.7627 3.9236 7.1516
-0.7269 3.9222 7.1516
-0.6932 3.9314 7.1516
-0.5156 3.0812 7.1516
-0.4197 2.6500 7.1516
-0.4037 2.7010 7.1516
-0.3641 2.5905 7.1516
-0.3408 2.5887 7.1516
-0.3159 2.5727 7.1516
-0.2941 2.5813 7.1516
-0.2714 2.5818 7.1516
-0.2498 2.5940 7.1516
-0.2273 2.5981 7.1516
-0.2056 2.6119 7.1516
-0.1840 2.6316 7.1516
-0.2972 4.8599 7.1516
-2.8441 2.6329 7.1516
-2.8682 2.7103 7.1516
-2.8720 2.7802 7.1516
-2.8769 2.8512 7.1516
-2.8839 2.9236 7.1516
-2.8673 3.0567 7.1516
-2.8757 3.1316 7.1516
-2.6196 3.1506 7.1516
-2.8747 3.3478 7.1516
-2.8667 3.4913 7.1516
-2.8863 3.5764 7.1516
-2.8788 3.7243 7.1516
-2.8743 3.8765 7.1516
-0.3618 2.5247 7.1516
-0.2945 2.5336 7.1516
-0.4647 2.6899 7.1516
-0.4006 2.7015 7.1516
-0.3895 2.7994 7.1516
-2.1946 4.0704 7.1516
-0.3606 2.8870 7.1516
-0.3582 2.9396 7.1516
-0.3568 2.9935 7.1516
-0.3556 3.0483 7.1516
-0.3537 3.1032 7.1516
-0.3520 3.1589 7.1516
-0.3529 3.2173 7.1516
-0.3530 3.2759 7.1516
-0.3524 3.3348 7.1516
-0.3822 3.4191 7.1516
-0.8492 3.8654 7.1516
-0.3510 3.5167 7.1516
-0.3825 3.6064 7.1516
-0.6513 3.9042 7.1516
-0.3512 3.7080 7.1516
-0.3513 3.7739 7.1516
-0.3514 3.8407 7.1516
-0.3521 3.9092 7.1516
-2.8587 2.7128 7.5986
-2.8069 2.7106 7.5986
-2.7974 2.7490 7.5986
-2.7846 2.7846 7.5986
-2.7483 2.7967 7.5986
-2.8231 2.9234 7.5986
-2.8174 2.9690 7.5986
-2.8173 3.0212 7.5986
-2.8159 3.0730 7.5986
-2.8170 3.1286 7.5986
-2.8161 3.1831 7.5986
-2.8191 3.2430 7.5986
-2.8206 3.3024 7.5986
-2.8193 3.3599 7.5986
-2.8134 3.4129 7.5986
-2.8150 3.4762 7.5986
-2.8119 3.5350 7.5986
-2.8093 3.5957 7.5986
-2.8082 3.6597 7.5986
-2.8111 3.7304 7.5986
-2.8105 3.7982 7.5986
-2.8049 3.8606 7.5986
-2.8141 3.9452 7.5986
-2.8077 4.0097 7.5986
-2.8082 4.0860 7.5986
-2.8016 4.1535 7.5986
-2.8005 4.2311 7.5986
-2.8022 4.3150 7.5986
-2.7848 4.3713 7.5986
-2.7047 4.3284 7.5986
-2.6371 4.3033 7.5986
-2.5664 4.2713 7.5986
-2.5052 4.2530 7.5986
-2.4430 4.2314 7.5986
-2.3819 4.2099 7.5986
-2.3174 4.1807 7.5986
-2.2665 4.1744 7.5986
-2.2093 4.1552 7.5986
-2.1522 4.1344 7.5986
-2.0988 4.1191 7.5986
-2.0489 4.1095 7.5986
-1.9959 4.0922 7.5986
-1.9438 4.0752 7.5986
-1.8929 4.0594 7.5986
-1.8470 4.0530 7.5986
-1.7998 4.0424 7.5986
-1.7573 4.0415 7.5986
-1.7087 4.0254 7.5986
-1.6674 4.0253 7.5986
-1.6190 4.0073 7.5986
-1.5760 4.0008 7.5986
-1.5309 3.9883 7.5986
-1.4908 3.9874 7.5986
-1.4481 3.9787 7.5986
-1.4063 3.9713 7.5986
-1.3645 3.9627 7.5986
-1.3257 3.9621 7.5986
-1.2858 3.9573 7.5986
-1.2464 3.9532 7.5986
-1.2072 3.9486 7.5986
-1.1673 3.9407 7.5986
-1.1298 3.9402 7.5986
-1.0930 3.9412 7.5986
-1.0570 3.9448 7.5986
-1.0208 3.9471 7.5986
-0.9846 3.9491 7.5986
-0.9471 3.9449 7.5986
-0.9095 3.9394 7.5986
-0.8757 3.9501 7.5986
-0.8379 3.9419 7.5986
-0.8009 3.9364 7.5986
-0.7678 3.9501 7.5986
-0.7337 3.9586 7.5986
-0.6960 3.9471 7.5986
-0.6627 3.9599 7.5986
-0.4255 2.6865 7.5986
-0.4013 2.6852 7.5986
-0.3620 2.5757 7.5986
-0.3377 2.5649 7.5986
-0.3142 2.5588 7.5986
-0.2918 2.5614 7.5986
-0.2691 2.5599 7.5986
-0.2479 2.5741 7.5986
-0.2250 2.5722 7.5986
-0.2047 2.6010 7.5986
-0.1911 2.7323 7.5986
-0.3012 4.9248 7.5986
-2.8441 2.6329 7.5986
-2.8711 2.7798 7.5986
-2.8778 2.8516 7.5986
-2.8590 2.9826 7.5986
-2.8655 3.0559 7.5986
-2.8757 3.1316 7.5986
-2.6187 3.1501 7.5986
-2.8774 3.3492 7.5986
-2.8676 3.4917 7.5986
-2.8854 3.5760 7.5986
-2.8780 3.7238 7.5986
-2.8743 3.8765 7.5986
-0.3627 2.5252 7.5986
-0.2936 2.5331 7.5986
-0.3977 2.6480 7.5986
-0.3920 2.8011 7.5986
-2.1937 4.0698 7.5986
-0.3589 2.8858 7.5986
-0.3590 2.9402 7.5986
-0.3568 2.9935 7.5986
-0.3564 3.0488 7.5986
-0.3553 3.1044 7.5986
-0.3536 3.1601 7.5986
-0.3529 3.2173 7.5986
-0.3522 3.2753 7.5986
-0.3524 3.3348 7.5986
-0.3822 3.4191 7.5986
-0.9155 3.9202 7.5986
-0.3510 3.5167 7.5986
-0.3833 3.6070 7.5986
-0.3834 3.6713 7.5986
-0.3841 3.7372 7.5986
-0.5193 3.9251 7.5986
-0.3514 3.8407 7.5986
-0.3521 3.9092 7.5986
-2.8500 2.7045 8.0456
-2.8083 2.7119 8.0456
-2.7924 2.7441 8.0456
-2.7867 2.7867 8.0456
-2.7945 2.8437 8.0456
-2.8196 2.9198 8.0456
-2.8243 2.9762 8.0456
-2.8187 3.0227 8.0456
-2.8118 3.0685 8.0456
-2.8190 3.1309 8.0456
-2.8135 3.1801 8.0456
-2.8178 3.2415 8.0456
-2.8154 3.2964 8.0456
-2.8173 3.3576 8.0456
-2.8185 3.4191 8.0456
-2.8143 3.4754 8.0456
-2.8107 3.5335 8.0456
-2.8099 3.5965 8.0456
-2.8070 3.6582 8.0456
-2.8099 3.7288 8.0456
-2.8076 3.7942 8.0456
-2.8084 3.8655 8.0456
-2.8089 3.9379 8.0456
-2.8117 4.0155 8.0456
-2.8082 4.0860 8.0456
-2.8071 4.1618 8.0456
-2.8038 4.2361 8.0456
-2.8022 4.3150 8.0456
-2.7891 4.3780 8.0456
-2.7084 4.3344 8.0456
-2.6475 4.3203 8.0456
-2.5773 4.2893 8.0456
-2.5199 4.2780 8.0456
-2.4575 4.2565 8.0456
-2.4065 4.2534 8.0456
-2.3542 4.2472 8.0456
-2.2956 4.2280 8.0456
-2.2445 4.2214 8.0456
-2.1850 4.1973 8.0456
-2.1324 4.1851 8.0456
-2.0802 4.1722 8.0456
-2.0262 4.1542 8.0456
-1.9808 4.1528 8.0456
-1.9276 4.1337 8.0456
-1.8773 4.1194 8.0456
-1.8323 4.1155 8.0456
-1.7836 4.1020 8.0456
-1.7423 4.1045 8.0456
-1.6903 4.0808 8.0456
-1.6468 4.0759 8.0456
-1.6027 4.0687 8.0456
-1.5564 4.0545 8.0456
-1.5146 4.0511 8.0456
-1.4697 4.0379 8.0456
-1.4247 4.0232 8.0456
-1.3853 4.0232 8.0456
-1.3444 4.0180 8.0456
-1.3010 4.0039 8.0456
-1.2627 4.0047 8.0456
-1.2236 4.0021 8.0456
-1.1829 3.9935 8.0456
-1.1455 3.9950 8.0456
-1.1069 3.9914 8.0456
-1.0679 3.9854 8.0456
-1.0301 3.9830 8.0456
-0.9945 3.9889 8.0456
-0.9562 3.9828 8.0456
-0.9196 3.9832 8.0456
-0.8835 3.9852 8.0456
-0.8479 3.9889 8.0456
-0.8108 3.9854 8.0456
-0.7764 3.9942 8.0456
-0.7388 3.9861 8.0456
-0.7038 3.9914 8.0456
-0.6688 3.9964 8.0456
-0.6347 4.0071 8.0456
-0.4544 3.0402 8.0456
-0.3621 2.5767 8.0456
-0.3379 2.5669 8.0456
-0.3161 2.5747 8.0456
-0.2933 2.5743 8.0456
-0.2710 2.5788 8.0456
-0.2483 2.5791 8.0456
-0.2263 2.5861 8.0456
-0.2036 2.5870 8.0456
-0.2995 4.2835 8.0456
-0.2993 4.8939 8.0456
-0.3107 5.9279 8.0456
-2.8441 2.6329 8.0456
-2.8711 2.7798 8.0456
-2.8769 2.8512 8.0456
-2.8590 2.9826 8.0456
-2.8655 3.0559 8.0456
-2.8757 3.1316 8.0456
-2.8614 3.2685 8.0456
-2.5964 3.2091 8.0456
-2.8623 3.4890 8.0456
-2.8854 3.5760 8.0456
-2.8788 3.7243 8.0456
-2.8734 3.8760 8.0456
-0.3644 2.5263 8.0456
-0.2987 2.5362 8.0456
-0.3977 2.6480 8.0456
-0.4014 2.7021 8.0456
-0.4003 2.7537 8.0456
-0.3945 2.8027 8.0456
-0.3606 2.8870 8.0456
-0.3844 2.9579 8.0456
-0.3844 3.0133 8.0456
-1.6597 3.9958 8.0456
-0.3553 3.1044 8.0456
-0.3552 3.1613 8.0456
-0.3822 3.2398 8.0456
-1.2088 3.9445 8.0456
-0.3516 3.3342 8.0456
-0.3519 3.3946 8.0456
-0.3816 3.4800 8.0456
-0.3824 3.5430 8.0456
-0.3833 3.6070 8.0456
-0.3834 3.6713 8.0456
-0.3841 3.7372 8.0456
-0.3848 3.8040 8.0456
-0.4871 3.9650 8.0456
-0.3521 3.9092 8.0456
-0.3527 3.9787 8.0456
-2.8551 2.7094 8.4925
-2.8105 2.7140 8.4925
-2.7924 2.7441 8.4925
-2.7888 2.7888 8.4925
-2.7945 2.8437 8.4925
-2.8252 2.9256 8.4925
-2.8167 2.9682 8.4925
-2.8180 3.0220 8.4925
-2.8159 3.0730 8.4925
-2.8197 3.1316 8.4925
-2.8208 3.1883 8.4925
-2.8158 3.2392 8.4925
-2.8154 3.2964 8.4925
-2.8251 3.3668 8.4925
-2.8185 3.4191 8.4925
-2.8099 3.4700 8.4925
-2.8094 3.5319 8.4925
-2.8130 3.6004 8.4925
-2.8100 3.6621 8.4925
-2.8081 3.7264 8.4925
-2.8147 3.8039 8.4925
-2.8131 3.8720 8.4925
-2.8060 3.9338 8.4925
-2.8094 4.0122 8.4925
-2.8065 4.0835 8.4925
-2.8122 4.1692 8.4925
-2.8083 4.2428 8.4925
-2.8082 4.3242 8.4925
-2.8047 4.4025 8.4925
-2.7450 4.3929 8.4925
-2.6820 4.3766 8.4925
-2.6174 4.3561 8.4925
-2.5605 4.3469 8.4925
-2.5010 4.3319 8.4925
-2.4419 4.3161 8.4925
-2.3819 4.2970 8.4925
-2.3261 4.2842 8.4925
-2.2722 4.2735 8.4925
-2.2122 4.2497 8.4925
-2.1605 4.2403 8.4925
-2.1092 4.2304 8.4925
-2.0555 4.2144 8.4925
-2.0032 4.1997 8.4925
-1.9546 4.1917 8.4925
-1.9043 4.1785 8.4925
-1.8551 4.1667 8.4925
-1.8027 4.1460 8.4925
-1.7599 4.1460 8.4925
-1.7106 4.1297 8.4925
-1.6666 4.1250 8.4925
-1.6214 4.1162 8.4925
-1.5772 4.1087 8.4925
-1.5304 4.0933 8.4925
-1.4905 4.0952 8.4925
-1.4487 4.0911 8.4925
-1.4107 4.0969 8.4925
-1.3711 4.0977 8.4925
-1.3254 4.0791 8.4925
-1.2879 4.0848 8.4925
-1.2470 4.0786 8.4925
-1.2042 4.0654 8.4925
-1.1687 4.0757 8.4925
-1.1277 4.0665 8.4925
-1.0886 4.0627 8.4925
-1.0516 4.0662 8.4925
-1.0141 4.0675 8.4925
-0.9791 4.0781 8.4925
-0.9392 4.0680 8.4925
-0.9023 4.0702 8.4925
-0.8641 4.0652 8.4925
-0.8286 4.0726 8.4925
-0.7894 4.0610 8.4925
-0.7550 4.0736 8.4925
-0.7189 4.0771 8.4925
-0.6813 4.0714 8.4925
-0.6458 4.0772 8.4925
-0.6088 4.0738 8.4925
-0.3621 2.5767 8.4925
-0.3385 2.5708 8.4925
-0.3152 2.5667 8.4925
-0.2918 2.5614 8.4925
-0.2702 2.5708 8.4925
-0.2481 2.5771 8.4925
-0.2253 2.5752 8.4925
-0.2038 2.5890 8.4925
-0.3066 4.3843 8.4925
-0.2975 4.8639 8.4925
-0.3064 5.8460 8.4925
-2.8441 2.6329 8.4925
-2.8711 2.7798 8.4925
-2.8769 2.8512 8.4925
-2.8590 2.9826 8.4925
-2.8655 3.0559 8.4925
-2.8757 3.1316 8.4925
-2.8879 3.2090 8.4925
-2.5955 3.2086 8.4925
-2.8623 3.4890 8.4925
-2.8836 3.5750 8.4925
-2.8762 3.7229 8.4925
-2.8717 3.8750 8.4925
-0.2890 2.4809 8.4925
-0.3985 2.5973 8.4925
-0.3977 2.6480 8.4925
-0.4006 2.7015 8.4925
-2.8845 4.3669 8.4925
-0.3961 2.8038 8.4925
-0.3873 2.8513 8.4925
-0.3861 2.9045 8.4925
-2.0759 4.1424 8.4925
-0.3576 2.9941 8.4925
-0.3831 3.0682 8.4925
-1.6310 4.0484 8.4925
-0.3544 3.1607 8.4925
-0.3838 3.2410 8.4925
-0.3822 3.2987 8.4925
-0.3822 3.3585 8.4925
-0.3822 3.4191 8.4925
-0.3823 3.4806 8.4925
-0.3832 3.5437 8.4925
-0.3833 3.6070 8.4925
-0.3834 3.6713 8.4925
-0.3841 3.7372 8.4925
-0.3848 3.8040 8.4925
-0.5542 4.0265 8.4925
-0.3521 3.9092 8.4925
-0.4201 4.0427 8.4925
-0.3530 4.0492 8.4925
-2.8536 2.7080 8.9395
-2.8105 2.7140 8.9395
-2.7909 2.7427 8.9395
-2.7895 2.7895 8.9395
-2.7903 2.8395 8.9395
-2.8175 2.9176 8.9395
-2.8195 2.9711 8.9395
-2.8201 3.0241 8.9395
-2.8192 3.0767 8.9395
-2.8190 3.1309 8.9395
-2.8181 3.1853 8.9395
-2.8197 3.2437 8.9395
-2.8212 3.3032 8.9395
-2.8193 3.3599 8.9395
-2.8185 3.4191 8.9395
-2.8124 3.4731 8.9395
-2.8163 3.5405 8.9395
-2.8167 3.6051 8.9395
-2.8167 3.6708 8.9395
-2.8213 3.7440 8.9395
-2.8183 3.8087 8.9395
-2.8143 3.8736 8.9395
-2.8106 3.9403 8.9395
-2.8100 4.0130 8.9395
-2.8128 4.0926 8.9395
-2.8094 4.1651 8.9395
-2.8105 4.2461 8.9395
-2.8082 4.3242 8.9395
-2.8052 4.4033 8.9395
-2.7789 4.4472 8.9395
-2.7092 4.4209 8.9395
-2.6396 4.3930 8.9395
-2.5798 4.3797 8.9395
-2.5325 4.3864 8.9395
-2.4631 4.3535 8.9395
-2.4051 4.3390 8.9395
-2.3467 4.3220 8.9395
-2.2891 4.3053 8.9395
-2.2344 4.2922 8.9395
-2.1787 4.2759 8.9395
-2.1221 4.2563 8.9395
-2.0757 4.2558 8.9395
-2.0208 4.2367 8.9395
-1.9724 4.2297 8.9395
-1.9184 4.2095 8.9395
-1.8694 4.1987 8.9395
-1.8219 4.1900 8.9395
-1.7798 4.1929 8.9395
-1.7332 4.1843 8.9395
-1.6842 4.1686 8.9395
-1.6368 4.1552 8.9395
-1.5969 4.1600 8.9395
-1.5511 4.1485 8.9395
-1.5066 4.1393 8.9395
-1.4664 4.1410 8.9395
-1.4218 4.1291 8.9395
-1.3815 4.1290 8.9395
-1.3411 4.1276 8.9395
-1.2993 4.1210 8.9395
-1.2630 4.1312 8.9395
-1.2252 4.1363 8.9395
-1.1839 4.1286 8.9395
-1.1424 4.1195 8.9395
-1.1049 4.1235 8.9395
-1.0676 4.1282 8.9395
-1.0282 4.1238 8.9395
-0.9886 4.1180 8.9395
-0.9527 4.1265 8.9395
-0.9168 4.1356 8.9395
-0.8768 4.1248 8.9395
-0.8383 4.1206 8.9395
-0.8008 4.1199 8.9395
-0.7647 4.1257 8.9395
-0.7267 4.1214 8.9395
-0.6891 4.1177 8.9395
-0.6525 4.1196 8.9395
-0.6171 4.1291 8.9395
-0.3632 2.5846 8.9395
-0.3385 2.5708 8.9395
-0.3147 2.5628 8.9395
-0.2925 2.5674 8.9395
-0.2719 2.5868 8.9395
-0.2503 2.5990 8.9395
-0.2263 2.5871 8.9395
-0.2056 2.6119 8.9395
-0.3083 4.4092 8.9395
-0.3007 4.9158 8.9395
-0.3111 5.9359 8.9395
-2.8674 2.6421 8.9395
-2.8209 2.6912 8.9395
-2.8711 2.7798 8.9395
-2.8769 2.8512 8.9395
-2.8839 2.9236 8.9395
-2.8655 3.0559 8.9395
-2.8766 3.1320 8.9395
-2.8879 3.2090 8.9395
-2.8747 3.3478 8.9395
-2.8623 3.4890 8.9395
-2.8828 3.5746 8.9395
-2.5077 3.4465 8.9395
-2.8753 3.7224 8.9395
-2.8708 3.8745 8.9395
-2.8716 4.0327 8.9395
-0.2919 2.5320 8.9395
-0.3952 2.6464 8.9395
-0.4023 2.7026 8.9395
-0.4238 2.7689 8.9395
-0.3897 2.8530 8.9395
-0.3861 2.9045 8.9395
-0.3876 2.9602 8.9395
-0.3861 3.0144 8.9395
-0.3855 3.0700 8.9395
-0.3843 3.1258 8.9395
-0.3832 3.1824 8.9395
-0.3838 3.2410 8.9395
-0.3829 3.2993 8.9395
-0.3830 3.3591 8.9395
-0.3822 3.4191 8.9395
-0.3823 3.4806 8.9395
-0.3824 3.5430 8.9395
-0.3825 3.6064 8.9395
-0.3834 3.6713 8.9395
-0.3841 3.7372 8.9395
-0.3848 3.8040 8.9395
-0.3853 3.8718 8.9395
-0.3865 3.9413 8.9395
-0.3875 4.0117 8.9395
-0.3890 4.0839 8.9395
-2.8631 2.7169 9.3865
-2.8033 2.7071 9.3865
-2.7981 2.7497 9.3865
-2.7888 2.7888 9.3865
-2.7875 2.8366 9.3865
-2.8175 2.9176 9.3865
-2.8209 2.9726 9.3865
-2.8173 3.0212 9.3865
-2.8192 3.0767 9.3865
-2.8204 3.1324 9.3865
-2.8228 3.1906 9.3865
-2.8184 3.2422 9.3865
-2.8173 3.2986 9.3865
-2.8199 3.3606 9.3865
-2.8267 3.4291 9.3865
-2.8162 3.4777 9.3865
-2.8094 3.5319 9.3865
-2.8099 3.5965 9.3865
-2.8113 3.6637 9.3865
-2.8111 3.7304 9.3865
-2.8123 3.8006 9.3865
-2.8114 3.8695 9.3865
-2.8123 3.9428 9.3865
-2.8111 4.0147 9.3865
-2.8099 4.0885 9.3865
-2.8083 4.1634 9.3865
-2.8138 4.2511 9.3865
-2.8076 4.3233 9.3865
-2.8112 4.4126 9.3865
-2.8043 4.4879 9.3865
-2.7389 4.4695 9.3865
-2.6730 4.4487 9.3865
-2.6067 4.4253 9.3865
-2.5485 4.4141 9.3865
-2.4872 4.3962 9.3865
-2.4265 4.3775 9.3865
-2.3705 4.3660 9.3865
-2.3075 4.3397 9.3865
-2.2556 4.3330 9.3865
-2.2041 4.3258 9.3865
-2.1480 4.3082 9.3865
-2.0941 4.2935 9.3865
-2.0458 4.2891 9.3865
-1.9910 4.2696 9.3865
-1.9362 4.2486 9.3865
-1.8962 4.2589 9.3865
-1.8490 4.2524 9.3865
-1.7981 4.2362 9.3865
-1.7546 4.2360 9.3865
-1.7026 4.2141 9.3865
-1.6635 4.2232 9.3865
-1.6162 4.2104 9.3865
-1.5700 4.1991 9.3865
-1.5254 4.1910 9.3865
-1.4844 4.1919 9.3865
-1.4445 4.1953 9.3865
-1.4025 4.1916 9.3865
-1.3597 4.1846 9.3865
-1.3216 4.1916 9.3865
-1.2768 4.1762 9.3865
-1.2335 4.1642 9.3865
-1.1976 4.1767 9.3865
-1.1601 4.1831 9.3865
-1.1147 4.1602 9.3865
-1.0759 4.1601 9.3865
-1.0398 4.1703 9.3865
-1.0001 4.1656 9.3865
-0.9605 4.1606 9.3865
-0.9255 4.1746 9.3865
-0.8853 4.1650 9.3865
-0.8491 4.1735 9.3865
-0.8090 4.1621 9.3865
-0.7723 4.1670 9.3865
-0.7349 4.1677 9.3865
-0.6977 4.1690 9.3865
-0.6623 4.1819 9.3865
-0.4124 2.7594 9.3865
-0.3631 2.5836 9.3865
-0.3398 2.5807 9.3865
-0.3155 2.5697 9.3865
-0.2932 2.5734 9.3865
-0.2702 2.5708 9.3865
-0.2481 2.5771 9.3865
-0.2254 2.5762 9.3865
-0.2064 2.6229 9.3865
-0.3092 4.4212 9.3865
-0.3135 5.1264 9.3865
-2.8674 2.6421 9.3865
-2.8209 2.6912 9.3865
-2.8711 2.7798 9.3865
-2.8760 2.8508 9.3865
-2.8839 2.9236 9.3865
-2.8910 2.9968 9.3865
-2.8748 3.1312 9.3865
-2.8870 3.2086 9.3865
-2.8747 3.3478 9.3865
-2.8907 3.4294 9.3865
-2.8819 3.5741 9.3865
-2.8745 3.7219 9.3865
-2.8700 3.8740 9.3865
-0.3653 2.5268 9.3865
-0.2996 2.5367 9.3865
-0.3977 2.6480 9.3865
-0.4023 2.7026 9.3865
-0.4246 2.7695 9.3865
-0.3889 2.8524 9.3865
-0.3902 2.9074 9.3865
-0.3868 2.9597 9.3865
-0.3877 3.0156 9.3865
-0.3855 3.0700 9.3865
-0.3843 3.1258 9.3865
-0.3840 3.1830 9.3865
-0.3854 3.2423 9.3865
-0.3837 3.2999 9.3865
-0.3830 3.3591 9.3865
-0.3830 3.4197 9.3865
-0.3831 3.4813 9.3865
-0.3832 3.5437 9.3865
-0.3833 3.6070 9.3865
-0.3834 3.6713 9.3865
-0.3841 3.7372 9.3865
-0.3848 3.8040 9.3865
-0.3853 3.8718 9.3865
-0.3865 3.9413 9.3865
-0.3875 4.0117 9.3865
-0.3890 4.0839 9.3865
-0.3896 4.1564 9.3865
-1.9417 3.2315 9.8335
-1.9078 3.2389 9.8335
-1.8695 3.2381 9.8335
-1.8274 3.2299 9.8335
-1.7938 3.2361 9.8335
-1.7540 3.2305 9.8335
-1.7192 3.2334 9.8335
-1.6826 3.2323 9.8335
-1.6493 3.2370 9.8335
-1.6152 3.2397 9.8335
-1.5768 3.2330 9.8335
-1.5473 3.2439 9.8335
-1.5079 3.2337 9.8335
-1.4722 3.2304 9.8335
-1.4435 3.2422 9.8335
-1.4048 3.2308 9.8335
-1.3711 3.2301 9.8335
-1.3356 3.2243 9.8335
-1.3063 3.2331 9.8335
-1.2718 3.2285 9.8335
-1.2400 3.2302 9.8335
-1.2019 3.2147 9.8335
-1.1796 3.2410 9.8335
-1.2838 3.6254 9.8335
-1.6317 4.7389 9.8335
-1.5887 4.7483 9.8335
-1.4104 4.3406 9.8335
-1.3866 4.3976 9.8335
-1.3587 4.4439 9.8335
-1.3778 4.6512 9.8335
-1.3619 4.7496 9.8335
-1.3178 4.7517 9.8335
-1.2747 4.7572 9.8335
-1.2294 4.7536 9.8335
-1.1854 4.7544 9.8335
-1.1408 4.7520 9.8335
-1.0962 4.7481 9.8335
-1.0551 4.7594 9.8335
-1.0063 4.7342 9.8335
-0.9594 4.7154 9.8335
-0.9165 4.7148 9.8335
-0.8738 4.7147 9.8335
-0.5199 2.9485 9.8335
-0.4940 2.9520 9.8335
-0.4907 3.0984 9.8335
-0.4904 3.2816 9.8335
-0.3728 2.6529 9.8335
-0.3412 2.5916 9.8335
-0.3177 2.5876 9.8335
-0.2950 2.5892 9.8335
-0.2740 2.6066 9.8335
-0.2530 2.6278 9.8335
-0.2486 2.8411 9.8335
-0.4100 5.2099 9.8335
-0.3591 5.1355 9.8335
-0.3215 5.2562 9.8335
-2.7263 2.6530 9.8335
-2.5819 2.6600 9.8335
-2.4323 2.6624 9.8335
-2.2795 2.6609 9.8335
-2.1474 2.6658 9.8335
-1.9828 2.6536 9.8335
-1.8706 2.6629 9.8335
-1.7271 2.6554 9.8335
-1.6094 2.6578 9.8335
-1.4884 2.6567 9.8335
-1.3973 2.6686 9.8335
-1.2701 2.6601 9.8335
-1.1734 2.6657 9.8335
-1.0770 2.6697 9.8335
-0.9757 2.6694 9.8335
-0.9165 2.6911 9.8335
-0.8106 2.6850 9.8335
-0.7042 2.6768 9.8335
-0.3627 2.5252 9.8335
-0.2919 2.5320 9.8335
-0.3926 2.6448 9.8335
-2.4953 4.1142 9.8335
-2.5075 4.2013 9.8335
-2.5412 4.3857 9.8335
-2.5625 4.4831 9.8335
-2.5801 4.5794 9.8335
-2.7863 4.9933 9.8335
-2.5925 5.0256 9.8335
-2.5296 5.0666 9.8335
-2.4634 5.1044 9.8335
-2.8295 5.6963 9.8335
-2.6196 3.8116 10.2804
-2.5561 3.7895 10.2804
-2.5146 3.7992 10.2804
-2.4612 3.7900 10.2804
-2.3937 3.7573 10.2804
-2.3528 3.7653 10.2804
-2.3063 3.7636 10.2804
-2.2662 3.7715 10.2804
-2.2195 3.7679 10.2804
-2.1770 3.7707 10.2804
-2.1297 3.7643 10.2804
-2.0876 3.7661 10.2804
-2.0465 3.7692 10.2804
-2.0004 3.7622 10.2804
-1.9569 3.7592 10.2804
-1.9145 3.7574 10.2804
-1.8709 3.7525 10.2804
-1.8289 3.7498 10.2804
-1.7858 3.7439 10.2804
-1.7429 3.7376 10.2804
-1.6990 3.7281 10.2804
-1.6660 3.7419 10.2804
-1.6281 3.7444 10.2804
-1.5899 3.7455 10.2804
-1.5541 3.7519 10.2804
-1.5130 3.7449 10.2804
-1.4730 3.7393 10.2804
-1.4156 3.6876 10.2804
-1.3812 3.6942 10.2804
-1.3640 3.7475 10.2804
-1.3332 3.7649 10.2804
-1.2932 3.7556 10.2804
-1.2578 3.7592 10.2804
-1.2206 3.7567 10.2804
-1.1833 3.7529 10.2804
-1.1499 3.7611 10.2804
-1.1170 3.7710 10.2804
-1.0879 3.7941 10.2804
-1.0516 3.7919 10.2804
-1.0172 3.7961 10.2804
-0.9810 3.7932 10.2804
-0.9452 3.7909 10.2804
-0.9104 3.7922 10.2804
-0.8760 3.7942 10.2804
-0.8400 3.7890 10.2804
-0.6618 3.1134 10.2804
-0.6190 3.0427 10.2804
-0.6953 3.5770 10.2804
-0.7023 3.7895 10.2804
-0.6840 3.8792 10.2804
-0.6485 3.8751 10.2804
-0.6140 3.8767 10.2804
-0.5818 3.8928 10.2804
-0.3570 5.1055 10.2804
-0.3237 5.2921 10.2804
-2.6821 2.8359 10.2804
-2.6893 3.3268 10.2804
-2.3985 3.7484 10.2804
-2.2794 3.7500 10.2804
-2.1608 3.7497 10.2804
-2.0418 3.7471 10.2804
-1.9208 3.7411 10.2804
-1.8304 3.7532 10.2804
-1.7079 3.7421 10.2804
-0.5608 3.0246 10.2804
-0.5556 3.0778 10.2804
-0.5546 3.1346 10.2804
-0.5546 3.1928 10.2804
-0.5531 3.2507 10.2804
-0.5509 3.3088 10.2804
-0.5520 3.3701 10.2804
-0.9456 3.7389 10.2804
-0.8799 3.7544 10.2804
-0.7817 3.7426 10.2804
-2.4163 5.1573 10.2804
-2.3113 5.1616 10.2804
-0.6510 3.8356 10.2804
-0.5517 3.8176 10.2804
-2.9197 5.3775 10.7274
-2.7966 5.2597 10.7274
-2.6846 5.1571 10.7274
-2.6127 5.1277 10.7274
-2.5987 5.2121 10.7274
-2.5399 5.2076 10.7274
-2.4875 5.2151 10.7274
-2.4322 5.2158 10.7274
-2.3687 5.1977 10.7274
-2.3229 5.2173 10.7274
-2.2844 5.2538 10.7274
-2.2197 5.2294 10.7274
-2.0921 5.0508 10.7274
-2.1368 5.2887 10.7274
-2.1180 5.3769 10.7274
-1.6610 4.3271 10.7274
-1.7903 4.7883 10.7274
-1.8503 5.0837 10.7274
-1.8343 5.1798 10.7274
-1.7740 5.1521 10.7274
-1.7325 5.1778 10.7274
-1.6125 4.9626 10.7274
-1.6364 5.1901 10.7274
-1.5885 5.1956 10.7274
-1.5357 5.1843 10.7274
-1.4876 5.1879 10.7274
-1.4412 5.1969 10.7274
-1.3531 5.0499 10.7274
-1.3380 5.1738 10.7274
-1.2548 5.0329 10.7274
-1.1983 4.9912 10.7274
-1.1886 5.1486 10.7274
-1.1450 5.1646 10.7274
-1.1023 5.1861 10.7274
-1.0551 5.1858 10.7274
-1.0090 5.1908 10.7274
-0.9611 5.1857 10.7274
-0.9150 5.1890 10.7274
-0.8708 5.2036 10.7274
-0.8199 5.1765 10.7274
-0.7730 5.1726 10.7274
-0.7261 5.1662 10.7274
-0.6813 5.1753 10.7274
-0.6352 5.1732 10.7274
-0.5949 5.2212 10.7274
-0.5532 5.2630 10.7274
-0.5143 5.3413 10.7274
-0.4851 5.5448 10.7274
-0.4254 5.4053 10.7274
-0.3586 5.1285 10.7274
-0.3250 5.3131 10.7274
-2.8599 5.1410 10.7274
-1.6477 4.2875 10.7274
-2.6212 5.1395 10.7274
-2.5139 5.1453 10.7274
-2.0305 4.8393 10.7274
-2.3481 5.1924 10.7274
-2.2790 5.2261 10.7274
-2.2188 5.2668 10.7274
-1.9599 5.1313 10.7274
-1.4549 4.7676 10.7274
-1.7589 5.1304 10.7274
-1.6649 5.1334 10.7274
-1.2166 4.7985 10.7274
-1.4572 5.1155 10.7274
-1.1292 4.8832 10.7274
-1.2059 5.0459 10.7274
-1.1094 5.1253 10.7274
-0.9381 5.1239 10.7274
-0.8641 5.1337 10.7274
-0.7911 5.1433 10.7274
-0.6943 5.1251 10.7274
-0.6245 5.1358 10.7274
-0.5555 5.1464 10.7274
-0.3758 5.2061 10.7274
-2.8633 2.5332 11.1744
-2.8039 2.5246 11.1744
-2.8046 2.5699 11.1744
-2.7835 2.5957 11.1744
-2.8326 2.6880 11.1744
-2.8320 2.7349 11.1744
-2.8266 2.7777 11.1744
-2.8355 2.8355 11.1744
-2.8296 2.8794 11.1744
-2.8349 2.9356 11.1744
-2.8353 2.9878 11.1744
-2.8119 3.0154 11.1744
-2.8105 3.0671 11.1744
-2.7996 3.1093 11.1744
-2.7658 3.1261 11.1744
-2.8296 3.2551 11.1744
-2.8095 3.2895 11.1744
-2.7974 3.3338 11.1744
-2.8216 3.4229 11.1744
-2.8225 3.4855 11.1744
-2.8287 3.5562 11.1744
-2.8197 3.6091 11.1744
-2.8180 3.6724 11.1744
-2.7677 3.6729 11.1744
-2.6190 3.5394 11.1744
-2.8108 3.8687 11.1744
-2.8170 3.9493 11.1744
-2.8077 4.0097 11.1744
-2.8048 4.0811 11.1744
-2.8071 4.1618 11.1744
-2.7989 4.2286 11.1744
-2.7815 4.2831 11.1744
-2.7709 4.3494 11.1744
-2.7906 4.4658 11.1744
-2.7964 4.5633 11.1744
-2.7910 4.6450 11.1744
-2.7920 4.7398 11.1744
-2.7950 4.8411 11.1744
-2.7920 4.9349 11.1744
-2.7600 4.9792 11.1744
-2.7794 5.1191 11.1744
-2.7999 5.2659 11.1744
-2.7493 5.2813 11.1744
-2.7852 5.4663 11.1744
-2.6183 5.2515 11.1744
-2.5627 5.2543 11.1744
-2.5043 5.2503 11.1744
-2.4491 5.2521 11.1744
-2.3820 5.2268 11.1744
-2.3245 5.2209 11.1744
-2.2613 5.2006 11.1744
-2.2061 5.1972 11.1744
-2.1530 5.1977 11.1744
-2.0967 5.1894 11.1744
-1.8853 4.7861 11.1744
-1.8280 4.7622 11.1744
-1.9307 5.1639 11.1744
-1.8363 5.0452 11.1744
-1.7548 4.9555 11.1744
-1.7151 4.9810 11.1744
-1.0468 3.1285 11.1744
-0.9994 3.0757 11.1744
-0.9674 3.0681 11.1744
-0.9388 3.0707 11.1744
-0.9080 3.0653 11.1744
-0.8793 3.0664 11.1744
-0.8490 3.0615 11.1744
-0.8205 3.0620 11.1744
-0.7950 3.0739 11.1744
-0.7712 3.0933 11.1744
-0.7410 3.0863 11.1744
-0.5365 2.3239 11.1744
-0.5130 2.3138 11.1744
-0.5038 2.3701 11.1744
-0.4944 2.4302 11.1744
-0.4883 2.5120 11.1744
-0.4806 2.5928 11.1744
-0.4728 2.6816 11.1744
-0.4643 2.7744 11.1744
-0.4584 2.8939 11.1744
-0.4558 3.0501 11.1744
-0.4467 3.1788 11.1744
-0.4378 3.3253 11.1744
-0.4555 3.7101 11.1744
-0.4504 3.9534 11.1744
-0.4272 4.0646 11.1744
-0.4053 4.2095 11.1744
-0.3847 4.3972 11.1744
-0.3771 4.7912 11.1744
-0.3579 5.1175 11.1744
-0.3231 5.2821 11.1744
-2.8486 3.1189 11.1744
-2.8816 3.2060 11.1744
-2.8929 3.2838 11.1744
-2.8818 3.4249 11.1744
-2.8748 3.5703 11.1744
-2.8701 3.7195 11.1744
-2.8682 3.8730 11.1744
-2.8609 4.1063 11.1744
-0.4723 2.6946 11.1744
-0.4672 2.7440 11.1744
-0.4607 2.7929 11.1744
-0.4612 2.8469 11.1744
-0.4586 2.8994 11.1744
-0.4570 2.9532 11.1744
-0.4540 3.0067 11.1744
-0.5180 3.1085 11.1744
-0.9775 3.5648 11.1744
-0.4543 3.2360 11.1744
-0.6496 3.4450 11.1744
-0.4523 3.3535 11.1744
-0.4503 3.4126 11.1744
-0.4498 3.4738 11.1744
-0.4495 3.5360 11.1744
-0.4498 3.5996 11.1744
-0.9871 4.1227 11.1744
-2.0384 5.1100 11.1744
-1.7472 4.9431 11.1744
-1.7514 5.0345 11.1744
-0.8963 4.3400 11.1744
-1.4704 4.9520 11.1744
-1.5633 5.1276 11.1744
-1.2997 4.9633 11.1744
-1.1981 5.0381 11.1744
-1.1129 5.1289 11.1744
-1.0074 5.1081 11.1744
-0.9388 5.1246 11.1744
-0.8662 5.1359 11.1744
-0.7931 5.1455 11.1744
-0.6943 5.1251 11.1744
-0.6219 5.1328 11.1744
-0.5490 5.1388 11.1744
-0.4789 5.1471 11.1744
-0.4122 5.1583 11.1744
-2.6377 2.2929 11.6214
-2.5869 2.2887 11.6214
-2.5378 2.2851 11.6214
-2.4883 2.2801 11.6214
-2.4427 2.2779 11.6214
-2.3937 2.2716 11.6214
-2.3666 2.2854 11.6214
-2.3345 2.2941 11.6214
-2.2840 2.2840 11.6214
-2.2478 2.2874 11.6214
-2.2028 2.2810 11.6214
-2.1663 2.2828 11.6214
-2.1224 2.2760 11.6214
-2.0862 2.2767 11.6214
-2.0509 2.2777 11.6214
-2.0137 2.2761 11.6214
-1.9800 2.2777 11.6214
-1.9354 2.2660 11.6214
-1.9072 2.2729 11.6214
-1.8796 2.2802 11.6214
-1.8370 2.2685 11.6214
-1.8047 2.2688 11.6214
-1.7663 2.2608 11.6214
-1.7471 2.2769 11.6214
-1.7061 2.2641 11.6214
-1.6792 2.2693 11.6214
-1.6393 2.2563 11.6214
-1.6126 2.2608 11.6214
-1.5796 2.2559 11.6214
-1.5514 2.2573 11.6214
-1.5249 2.2608 11.6214
-1.4985 2.2640 11.6214
-1.4656 2.2569 11.6214
-1.4384 2.2578 11.6214
-1.4117 2.2592 11.6214
-1.3857 2.2612 11.6214
-1.3566 2.2578 11.6214
-1.3328 2.2626 11.6214
-1.3010 2.2534 11.6214
-1.2813 2.2647 11.6214
-1.2489 2.2530 11.6214
-1.2230 2.2524 11.6214
-1.1976 2.2524 11.6214
-1.1779 2.2628 11.6214
-1.1531 2.2632 11.6214
-1.1284 2.2633 11.6214
-1.1007 2.2569 11.6214
-1.0840 2.2727 11.6214
-1.0549 2.2621 11.6214
-1.0301 2.2603 11.6214
-1.0107 2.2702 11.6214
-0.9861 2.2679 11.6214
-0.9495 2.2368 11.6214
-0.9280 2.2404 11.6214
-0.9088 2.2493 11.6214
-0.8844 2.2451 11.6214
-0.8612 2.2434 11.6214
-0.8408 2.2489 11.6214
-0.8171 2.2449 11.6214
-0.7981 2.2539 11.6214
-0.7742 2.2484 11.6214
-0.7526 2.2494 11.6214
-0.7308 2.2492 11.6214
-0.7109 2.2546 11.6214
-0.6897 2.2559 11.6214
-0.6711 2.2657 11.6214
-0.6541 2.2811 11.6214
-0.6489 2.3397 11.6214
-0.6370 2.3771 11.6214
-0.6249 2.4165 11.6214
-0.6167 2.4733 11.6214
-0.6032 2.5126 11.6214
-0.5797 2.5110 11.6214
-0.5630 2.5393 11.6214
-0.5460 2.5686 11.6214
-0.5345 2.6272 11.6214
-0.5251 2.7014 11.6214
-0.5130 2.7679 11.6214
-0.5005 2.8382 11.6214
-0.4877 2.9145 11.6214
-0.4749 2.9986 11.6214
-0.4703 3.1470 11.6214
-0.4584 3.2619 11.6214
-0.4540 3.4482 11.6214
-0.4462 3.6337 11.6214
-0.4221 3.7050 11.6214
-0.4192 3.9880 11.6214
-0.3959 4.1120 11.6214
-0.3914 4.4739 11.6214
-0.3716 4.7214 11.6214
-0.3479 4.9758 11.6214
-0.3295 5.3879 11.6214
-2.5631 2.2047 11.6214
-2.3993 2.2095 11.6214
-2.2520 2.2173 11.6214
-2.0723 2.2105 11.6214
-1.9109 2.2075 11.6214
-1.7713 2.2104 11.6214
-1.5896 2.1937 11.6214
-1.4668 2.1981 11.6214
-1.3388 2.1983 11.6214
-1.2460 2.2115 11.6214
-1.1059 2.2021 11.6214
-0.9737 2.1937 11.6214
-0.8656 2.1942 11.6214
-0.7153 2.1728 11.6214
-2.8398 3.2580 11.6214
-2.8523 3.3367 11.6214
-2.8356 3.4751 11.6214
-2.8501 3.5572 11.6214
-2.8395 3.7025 11.6214
-2.8600 3.7907 11.6214
-2.8566 3.9446 11.6214
-2.8583 4.1047 11.6214
-2.8341 4.3342 11.6214
-2.8387 4.5049 11.6214
-2.8582 4.6901 11.6214
-2.8684 4.8739 11.6214
-2.8496 5.1331 11.6214
-2.8748 5.3412 11.6214
-2.8394 5.7048 11.6214
-2.5656 2.3925 12.0683
-2.5178 2.3893 12.0683
-2.4645 2.3799 12.0683
-2.4208 2.3789 12.0683
-2.3801 2.3801 12.0683
-2.3516 2.3930 12.0683
-2.3104 2.3925 12.0683
-2.2654 2.3872 12.0683
-2.2213 2.3820 12.0683
-2.1849 2.3844 12.0683
-2.1419 2.3788 12.0683
-2.0972 2.3704 12.0683
-2.0600 2.3698 12.0683
-2.0282 2.3747 12.0683
-1.9875 2.3686 12.0683
-1.9528 2.3689 12.0683
-1.9150 2.3649 12.0683
-1.8787 2.3619 12.0683
-1.8458 2.3625 12.0683
-1.8086 2.3571 12.0683
-1.7814 2.3640 12.0683
-1.7494 2.3641 12.0683
-1.7193 2.3664 12.0683
-1.6835 2.3601 12.0683
-1.6485 2.3542 12.0683
-1.6250 2.3644 12.0683
-1.5937 2.3628 12.0683
-1.5587 2.3549 12.0683
-1.5321 2.3592 12.0683
-1.5001 2.3547 12.0683
-1.4721 2.3559 12.0683
-1.4390 2.3482 12.0683
-1.4127 2.3512 12.0683
-1.3856 2.3522 12.0683
-1.3575 2.3513 12.0683
-1.3305 2.3517 12.0683
-1.3046 2.3536 12.0683
-1.2840 2.3649 12.0683
-1.2521 2.3548 12.0683
-1.2264 2.3559 12.0683
-1.2004 2.3558 12.0683
-1.1797 2.3662 12.0683
-1.1512 2.3602 12.0683
-1.1232 2.3548 12.0683
-1.0975 2.3537 12.0683
-1.0774 2.3641 12.0683
-1.0518 2.3624 12.0683
-1.0272 2.3623 12.0683
-1.0018 2.3602 12.0683
-0.9812 2.3688 12.0683
-0.9448 2.3384 12.0683
-0.9269 2.3530 12.0683
-0.9020 2.3498 12.0683
-0.8818 2.3585 12.0683
-0.8568 2.3539 12.0683
-0.8325 2.3509 12.0683
-0.8120 2.3581 12.0683
-0.7917 2.3661 12.0683
-0.7707 2.3719 12.0683
-0.7473 2.3700 12.0683
-0.7280 2.3812 12.0683
-0.7137 2.4095 12.0683
-0.7078 2.4685 12.0683
-0.6935 2.5006 12.0683
-0.6703 2.5017 12.0683
-0.6505 2.5152 12.0683
-0.6275 2.5169 12.0683
-0.6049 2.5194 12.0683
-0.5826 2.5236 12.0683
-0.5692 2.5677 12.0683
-0.5537 2.6048 12.0683
-0.5393 2.6507 12.0683
-0.5278 2.7152 12.0683
-0.5163 2.7856 12.0683
-0.5022 2.8481 12.0683
-0.4874 2.9125 12.0683
-0.4760 3.0055 12.0683
-0.4777 3.1965 12.0683
-0.4693 3.3392 12.0683
-0.4571 3.4720 12.0683
-0.4457 3.6297 12.0683
-0.4344 3.8123 12.0683
-0.4085 3.8866 12.0683
-0.3935 4.0871 12.0683
-0.3864 4.4161 12.0683
-0.3637 4.6217 12.0683
-0.3417 4.8871 12.0683
-0.3423 5.5965 12.0683
-2.4127 2.2758 12.0683
-2.3139 2.3009 12.0683
-2.1368 2.2943 12.0683
-1.9230 2.2701 12.0683
-1.7806 2.2709 12.0683
-1.6645 2.2800 12.0683
-1.5468 2.2866 12.0683
-1.4193 2.2868 12.0683
-1.2896 2.2838 12.0683
-1.1930 2.2937 12.0683
-1.0894 2.2986 12.0683
-0.9618 2.2903 12.0683
-0.8499 2.2874 12.0683
-0.7805 2.3037 12.0683
-2.8274 3.3972 12.0683
-2.8392 3.4770 12.0683
-2.8258 3.6192 12.0683
-2.8491 3.7078 12.0683
-2.8652 3.7936 12.0683
-2.8480 3.9395 12.0683
-2.8473 4.0980 12.0683
-2.8825 4.2007 12.0683
-2.8661 4.4387 12.0683
-2.8676 4.6100 12.0683
-2.8449 4.8569 12.0683
-2.8274 5.2091 12.0683
-2.8191 5.4894 12.0683
-2.8150 5.7851 12.0683
-2.6497 2.6039 12.5153
-2.5866 2.5866 12.5153
-2.5247 2.5691 12.5153
-2.4772 2.5652 12.5153
-2.4382 2.5693 12.5153
-2.3965 2.5700 12.5153
-2.3409 2.5547 12.5153
-2.2985 2.5527 12.5153
-2.2529 2.5464 12.5153
-2.2057 2.5373 12.5153
-2.1679 2.5382 12.5153
-2.1077 2.5119 12.5153
-2.0806 2.5240 12.5153
-2.0428 2.5226 12.5153
-2.0057 2.5216 12.5153
-1.9646 2.5145 12.5153
-1.9292 2.5141 12.5153
-1.8963 2.5165 12.5153
-1.8523 2.5032 12.5153
-1.8163 2.4999 12.5153
-1.7874 2.5058 12.5153
-1.7603 2.5140 12.5153
-1.7264 2.5119 12.5153
-1.6876 2.5020 12.5153
-1.6547 2.5000 12.5153
-1.6241 2.5009 12.5153
-1.5899 2.4956 12.5153
-1.5580 2.4933 12.5153
-1.5351 2.5051 12.5153
-1.5034 2.5021 12.5153
-1.4719 2.4987 12.5153
-1.4430 2.4993 12.5153
-1.4137 2.4988 12.5153
-1.3875 2.5032 12.5153
-1.3542 2.4941 12.5153
-1.3277 2.4970 12.5153
-1.2998 2.4969 12.5153
-1.2739 2.5002 12.5153
-1.2440 2.4951 12.5153
-1.2213 2.5040 12.5153
-1.1899 2.4947 12.5153
-1.1694 2.5078 12.5153
-1.1454 2.5133 12.5153
-1.1149 2.5040 12.5153
-1.0926 2.5127 12.5153
-1.0667 2.5130 12.5153
-1.0443 2.5213 12.5153
-1.0182 2.5201 12.5153
-0.9918 2.5177 12.5153
-0.9687 2.5235 12.5153
-0.9466 2.5318 12.5153
-0.9214 2.5315 12.5153
-0.8969 2.5329 12.5153
-0.8735 2.5368 12.5153
-0.8472 2.5320 12.5153
-0.8214 2.5279 12.5153
-0.8002 2.5378 12.5153
-0.7745 2.5333 12.5153
-0.7529 2.5418 12.5153
-0.7274 2.5368 12.5153
-0.7079 2.5527 12.5153
-0.6856 2.5587 12.5153
-0.6620 2.5598 12.5153
-0.6379 2.5587 12.5153
-0.6165 2.5680 12.5153
-0.5959 2.5811 12.5153
-0.5794 2.6135 12.5153
-0.5634 2.6508 12.5153
-0.5524 2.7154 12.5153
-0.5377 2.7662 12.5153
-0.5247 2.8308 12.5153
-0.5109 2.8973 12.5153
-0.4981 2.9766 12.5153
-0.4882 3.0826 12.5153
-0.4711 3.1520 12.5153
-0.4427 3.1500 12.5153
-0.4159 3.1587 12.5153
-0.3903 3.1791 12.5153
-0.3630 3.1864 12.5153
-0.3372 3.2083 12.5153
-0.3115 3.2350 12.5153
-0.2840 3.2466 12.5153
-0.2571 3.2669 12.5153
-0.3529 5.0467 12.5153
-0.3423 5.5965 12.5153
-2.7268 2.5208 12.5153
-2.4673 2.4845 12.5153
-2.2423 2.4574 12.5153
-2.0599 2.4438 12.5153
-1.8984 2.4358 12.5153
-1.7559 2.4332 12.5153
-1.6093 2.4262 12.5153
-1.4869 2.4276 12.5153
-1.3613 2.4254 12.5153
-1.2668 2.4358 12.5153
-1.1645 2.4409 12.5153
-1.1036 2.4648 12.5153
-0.9652 2.4484 12.5153
-0.9020 2.4685 12.5153
-0.8281 2.4821 12.5153
-0.7641 2.4998 12.5153
-0.6879 2.5099 12.5153
-2.8169 3.9212 12.5153
-2.8464 4.0974 12.5153
-2.8464 4.2597 12.5153
-2.8412 4.5065 12.5153
-2.8574 4.6896 12.5153
-2.8506 4.8610 12.5153
-2.8187 5.2023 12.5153
-2.8016 5.5730 12.5153
-2.8392 5.8061 12.5153
-2.6619 2.7565 12.9623
-2.6040 2.7441 12.9623
-2.5336 2.7170 12.9623
-2.4828 2.7095 12.9623
-2.4323 2.7013 12.9623
-2.3921 2.7037 12.9623
-2.3480 2.7011 12.9623
-2.2971 2.6896 12.9623
-2.2517 2.6835 12.9623
-2.2123 2.6837 12.9623
-2.1649 2.6734 12.9623
-2.1371 2.6867 12.9623
-2.0859 2.6698 12.9623
-2.0375 2.6554 12.9623
-2.0046 2.6603 12.9623
-1.9671 2.6584 12.9623
-1.9291 2.6552 12.9623
-1.8896 2.6491 12.9623
-1.8429 2.6319 12.9623
-1.8255 2.6562 12.9623
-1.7889 2.6521 12.9623
-1.7513 2.6459 12.9623
-1.7123 2.6368 12.9623
-1.6860 2.6466 12.9623
-1.6523 2.6442 12.9623
-1.6156 2.6364 12.9623
-1.5853 2.6384 12.9623
-1.5500 2.6314 12.9623
-1.5285 2.6474 12.9623
-1.4911 2.6354 12.9623
-1.4573 2.6291 12.9623
-1.4324 2.6382 12.9623
-1.4014 2.6356 12.9623
-1.3668 2.6256 12.9623
-1.3388 2.6276 12.9623
-1.3203 2.6481 12.9623
-1.2844 2.6335 12.9623
-1.2536 2.6283 12.9623
-1.2290 2.6355 12.9623
-1.2059 2.6462 12.9623
-1.1820 2.6548 12.9623
-1.1536 2.6531 12.9623
-1.1245 2.6492 12.9623
-1.1025 2.6617 12.9623
-1.0747 2.6601 12.9623
-1.0497 2.6647 12.9623
-1.0235 2.6663 12.9623
-0.9977 2.6686 12.9623
-0.9772 2.6847 12.9623
-0.9470 2.6743 12.9623
-0.9220 2.6777 12.9623
-0.8948 2.6743 12.9623
-0.8714 2.6820 12.9623
-0.8426 2.6723 12.9623
-0.8172 2.6729 12.9623
-0.7927 2.6761 12.9623
-0.7726 2.6944 12.9623
-0.7459 2.6895 12.9623
-0.7226 2.6969 12.9623
-0.6988 2.7021 12.9623
-0.6747 2.7062 12.9623
-0.6513 2.7129 12.9623
-0.6281 2.7204 12.9623
-0.6062 2.7346 12.9623
-0.5909 2.7799 12.9623
-0.5738 2.8202 12.9623
-0.5574 2.8673 12.9623
-0.5425 2.9271 12.9623
-0.5300 3.0056 12.9623
-0.5130 3.0654 12.9623
-0.5015 3.1665 12.9623
-0.4814 3.2212 12.9623
-0.4552 3.2392 12.9623
-0.4250 3.2281 12.9623
-0.3967 3.2307 12.9623
-0.3684 3.2331 12.9623
-0.3421 3.2551 12.9623
-0.3144 3.2649 12.9623
-0.2880 3.2914 12.9623
-0.2599 3.3018 12.9623
-0.2366 3.3837 12.9623
-0.2121 3.4685 12.9623
-0.1874 3.5761 12.9623
-0.1610 3.6875 12.9623
-2.7022 2.6432 12.9623
-2.4599 2.6095 12.9623
-2.2574 2.5882 12.9623
-2.0466 2.5596 12.9623
-1.9126 2.5612 12.9623
-1.7681 2.5558 12.9623
-1.6513 2.5606 12.9623
-1.5340 2.5633 12.9623
-1.4081 2.5596 12.9623
-1.3148 2.5701 12.9623
-1.2557 2.5964 12.9623
-1.1184 2.5812 12.9623
-1.0542 2.6023 12.9623
-0.9487 2.6000 12.9623
-0.8856 2.6194 12.9623
-0.8190 2.6359 12.9623
-0.7525 2.6515 12.9623
-0.6767 2.6605 12.9623
-2.8476 4.0183 12.9623
-2.8635 4.1079 12.9623
-2.7790 4.1360 12.9623
-2.8658 4.2721 12.9623
-2.8396 4.5054 12.9623
-2.8077 4.8298 12.9623
-2.8226 5.2054 12.9623
-2.7831 5.6567 12.9623
-2.7851 5.9653 12.9623
-2.4917 3.2472 13.4093
-2.4229 3.2153 13.4093
-2.3513 3.1776 13.4093
-2.3106 3.1802 13.4093
-2.2345 3.1327 13.4093
-2.1911 3.1292 13.4093
-2.1501 3.1284 13.4093
-2.1076 3.1246 13.4093
-2.0681 3.1246 13.4093
-2.0293 3.1249 13.4093
-1.9805 3.1087 13.4093
-1.9448 3.1123 13.4093
-1.9061 3.1104 13.4093
-1.8732 3.1175 13.4093
-1.8322 3.1105 13.4093
-1.7910 3.1021 13.4093
-1.7594 3.1098 13.4093
-1.7216 3.1058 13.4093
-1.6872 3.1075 13.4093
-1.6521 3.1071 13.4093
-1.6161 3.1045 13.4093
-1.5862 3.1132 13.4093
-1.5514 3.1117 13.4093
-1.5172 3.1107 13.4093
-1.4848 3.1130 13.4093
-1.4508 3.1114 13.4093
-1.4187 3.1130 13.4093
-1.3853 3.1115 13.4093
-1.3502 3.1052 13.4093
-1.3211 3.1122 13.4093
-1.2885 3.1107 13.4093
-1.2591 3.1163 13.4093
-1.2344 3.1336 13.4093
-1.2020 3.1312 13.4093
-1.1714 3.1332 13.4093
-1.1437 3.1423 13.4093
-1.1173 3.1550 13.4093
-1.0907 3.1675 13.4093
-1.0772 3.2196 13.4093
-1.0395 3.1994 13.4093
-1.1081 3.5144 13.4093
-0.9926 3.2467 13.4093
-0.9591 3.2379 13.4093
-0.9319 3.2500 13.4093
-0.8990 3.2417 13.4093
-0.8797 3.2832 13.4093
-0.8470 3.2752 13.4093
-0.8187 3.2835 13.4093
-0.7953 3.3129 13.4093
-0.8195 3.5496 13.4093
-0.8573 3.8671 13.4093
-0.8210 3.8627 13.4093
-0.7851 3.8589 13.4093
-0.7548 3.8833 13.4093
-0.7238 3.9055 13.4093
-0.6925 3.9274 13.4093
-0.6684 3.9945 13.4093
-0.6442 4.0673 13.4093
-0.6094 4.0777 13.4093
-0.5873 4.1789 13.4093
-0.5686 4.3187 13.4093
-0.5435 4.4268 13.4093
-0.5290 4.6430 13.4093
-0.5193 4.9408 13.4093
-0.4781 4.9650 13.4093
-0.4666 5.3336 13.4093
-2.5603 2.9845 13.4093
-2.4032 2.9778 13.4093
-2.2700 2.9800 13.4093
-2.1614 2.9922 13.4093
-1.9943 2.9727 13.4093
-1.9096 2.9931 13.4093
-1.9645 3.0863 13.4093
-1.6755 2.9946 13.4093
-1.5240 2.9733 13.4093
-1.4030 2.9664 13.4093
-1.3103 2.9735 13.4093
-1.2178 2.9793 13.4093
-1.1196 2.9800 13.4093
-1.0235 2.9803 13.4093
-0.9574 2.9978 13.4093
-0.8914 3.0143 13.4093
-0.8255 3.0298 13.4093
-2.8089 4.4847 13.4093
-2.8032 4.7385 13.4093
-2.7991 4.9126 13.4093
-2.8154 5.1069 13.4093
-2.7921 5.4671 13.4093
-2.7457 5.9298 13.4093
