-2.5405 4.4003 0.0000
-2.5996 4.7878 0.0000
-2.4267 4.5640 0.0000
-2.3526 4.5193 0.0000
-2.3085 4.5308 0.0000
-2.2546 4.5221 0.0000
-2.2081 4.5272 0.0000
-2.1573 4.5229 0.0000
-2.1089 4.5225 0.0000
-2.0598 4.5198 0.0000
-2.0044 4.5020 0.0000
-1.9610 4.5101 0.0000
-1.9115 4.5031 0.0000
-1.8637 4.4993 0.0000
-1.8191 4.5024 0.0000
-1.7720 4.4986 0.0000
-1.7295 4.5055 0.0000
-1.6827 4.5007 0.0000
-1.6335 4.4880 0.0000
-1.5889 4.4870 0.0000
-1.5491 4.4988 0.0000
-1.5021 4.4894 0.0000
-1.4564 4.4823 0.0000
-1.4112 4.4758 0.0000
-1.3698 4.4803 0.0000
-1.3235 4.4681 0.0000
-1.2792 4.4612 0.0000
-1.2357 4.4558 0.0000
-1.1957 4.4626 0.0000
-1.1525 4.4564 0.0000
-1.1109 4.4556 0.0000
-1.0678 4.4476 0.0000
-1.0271 4.4490 0.0000
-0.9833 4.4353 0.0000
-0.9427 4.4349 0.0000
-0.9007 4.4273 0.0000
-0.8600 4.4242 0.0000
-0.8235 4.4433 0.0000
-0.8120 4.6050 0.0000
-2.7595 4.2044 0.0000
-2.6052 4.1856 0.0000
-2.5134 4.2052 0.0000
-2.4250 4.2258 0.0000
-2.3014 4.2209 0.0000
-2.1767 4.2129 0.0000
-2.0526 4.2031 0.0000
-1.9582 4.2127 0.0000
-1.8312 4.1965 0.0000
-0.4870 3.2606 0.0000
-1.6413 4.2059 0.0000
-1.5437 4.2062 0.0000
-1.4481 4.2063 0.0000
-1.3498 4.2026 0.0000
-1.2527 4.1981 0.0000
-0.9524 4.0213 0.0000
-0.8532 4.0084 0.0000
-0.7532 3.9928 0.0000
-0.6867 4.0049 0.0000
-0.6204 4.0161 0.0000
-2.8499 3.2785 0.4339
-2.8238 3.3062 0.4339
-2.7691 3.3001 0.4339
-2.7199 3.2995 0.4339
-2.6715 3.2990 0.4339
-2.6202 3.2940 0.4339
-2.5655 3.2836 0.4339
-2.5209 3.2853 0.4339
-2.4753 3.2848 0.4339
-2.4257 3.2781 0.4339
-2.3811 3.2773 0.4339
-2.3350 3.2736 0.4339
-2.2903 3.2709 0.4339
-2.2458 3.2677 0.4339
-2.2010 3.2631 0.4339
-2.1553 3.2563 0.4339
-2.1127 3.2532 0.4339
-2.0761 3.2589 0.4339
-2.0338 3.2548 0.4339
-1.9928 3.2520 0.4339
-1.9556 3.2547 0.4339
-1.9165 3.2535 0.4339
-1.8750 3.2476 0.4339
-1.8372 3.2473 0.4339
-1.7967 3.2413 0.4339
-1.7650 3.2507 0.4339
-1.7272 3.2484 0.4339
-1.6914 3.2491 0.4339
-1.6521 3.2424 0.4339
-1.6219 3.2531 0.4339
-1.5860 3.2518 0.4339
-1.5438 3.2367 0.4339
-1.5117 3.2419 0.4339
-1.4788 3.2449 0.4339
-1.4451 3.2458 0.4339
-1.4092 3.2409 0.4339
-1.3746 3.2383 0.4339
-1.3405 3.2364 0.4339
-1.3100 3.2424 0.4339
-1.2725 3.2304 0.4339
-1.2417 3.2349 0.4339
-1.2086 3.2325 0.4339
-1.1779 3.2363 0.4339
-1.1460 3.2361 0.4339
-1.1164 3.2422 0.4339
-1.0839 3.2395 0.4339
-1.0522 3.2383 0.4339
-1.0194 3.2331 0.4339
-0.9868 3.2275 0.4339
-0.9577 3.2331 0.4339
-0.9303 3.2443 0.4339
-0.8998 3.2445 0.4339
-0.8676 3.2378 0.4339
-0.8380 3.2404 0.4339
-0.8080 3.2408 0.4339
-0.7764 3.2341 0.4339
-0.7462 3.2320 0.4339
-0.7151 3.2257 0.4339
-0.6884 3.2386 0.4339
-0.6569 3.2289 0.4339
-0.6281 3.2315 0.4339
-0.5965 3.2182 0.4339
-0.5689 3.2262 0.4339
-0.5628 3.3632 0.4339
-0.5397 3.4075 0.4339
-0.5040 3.3725 0.4339
-0.4548 3.2362 0.4339
-0.4223 3.2073 0.4339
-0.3950 3.2168 0.4339
-0.3678 3.2281 0.4339
-0.3498 3.3277 0.4339
-0.5457 5.6678 0.4339
-0.5048 5.7700 0.4339
-2.8879 3.2090 0.4339
-2.7580 3.2181 0.4339
-2.9976 3.4839 0.4339
-2.9949 3.6342 0.4339
-3.0030 3.7932 0.4339
-2.3393 4.2469 0.4339
-2.2119 4.2376 0.4339
-0.6515 3.2037 0.4339
-0.5206 3.1682 0.4339
-0.4542 3.1775 0.4339
-1.7025 4.1766 0.4339
-0.5837 3.3945 0.4339
-0.5839 3.4563 0.4339
-0.5833 3.5185 0.4339
-0.5827 3.5815 0.4339
-0.5830 3.6460 0.4339
-0.5839 3.7121 0.4339
-1.0532 4.1792 0.4339
-0.5509 3.8170 0.4339
-0.5863 3.9161 0.4339
-0.5527 4.0252 0.4339
-0.5891 4.1302 0.4339
-0.5899 4.2038 0.4339
-2.9502 3.2765 0.8679
-2.9175 3.2977 0.8679
-2.8867 3.3207 0.8679
-2.8654 3.3549 0.8679
-2.8835 3.4365 0.8679
-2.8859 3.5009 0.8679
-2.8848 3.5624 0.8679
-2.8785 3.6188 0.8679
-2.8782 3.6840 0.8679
-2.8807 3.7541 0.8679
-2.8743 3.8143 0.8679
-2.8813 3.8939 0.8679
-2.8796 3.9634 0.8679
-2.8745 4.0299 0.8679
-2.8708 4.0999 0.8679
-2.8587 4.1594 0.8679
-2.8424 4.2140 0.8679
-2.8303 4.2762 0.8679
-2.8082 4.3242 0.8679
-2.7735 4.3536 0.8679
-2.7074 4.3327 0.8679
-2.6344 4.2990 0.8679
-2.5736 4.2833 0.8679
-2.5093 4.2599 0.8679
-2.4455 4.2357 0.8679
-2.3863 4.2177 0.8679
-2.3285 4.2008 0.8679
-2.2832 4.2051 0.8679
-2.2300 4.1940 0.8679
-2.1767 4.1814 0.8679
-2.1106 4.1423 0.8679
-2.0516 4.1149 0.8679
-2.0003 4.1012 0.8679
-1.9562 4.1013 0.8679
-1.9149 4.1065 0.8679
-1.8678 4.0985 0.8679
-1.8267 4.1027 0.8679
-1.7876 4.1112 0.8679
-1.7454 4.1119 0.8679
-1.6983 4.1002 0.8679
-1.6588 4.1056 0.8679
-1.6141 4.0976 0.8679
-1.5686 4.0863 0.8679
-1.5297 4.0914 0.8679
-1.4888 4.0905 0.8679
-1.4541 4.1061 0.8679
-1.4084 4.0903 0.8679
-1.3663 4.0835 0.8679
-1.3269 4.0838 0.8679
-1.2888 4.0876 0.8679
-1.2522 4.0959 0.8679
-1.2116 4.0903 0.8679
-1.1734 4.0921 0.8679
-1.1371 4.1002 0.8679
-1.0971 4.0946 0.8679
-1.0564 4.0846 0.8679
-1.0178 4.0820 0.8679
-0.9821 4.0908 0.8679
-0.9457 4.0963 0.8679
-0.9069 4.0907 0.8679
-0.8728 4.1063 0.8679
-0.8397 4.1274 0.8679
-0.8006 4.1189 0.8679
-0.7632 4.1179 0.8679
-0.7278 4.1273 0.8679
-0.5447 3.2547 0.8679
-0.5117 3.2307 0.8679
-0.4813 3.2202 0.8679
-0.4557 3.2421 0.8679
-0.4223 3.2073 0.8679
-0.3945 3.2129 0.8679
-0.3664 3.2162 0.8679
-0.3418 3.2521 0.8679
-0.3182 3.3047 0.8679
-0.4832 5.5229 0.8679
-2.9637 3.2452 0.8679
-2.9162 3.2952 0.8679
-2.9003 3.8915 0.8679
-2.9290 3.9872 0.8679
-2.9965 4.1894 0.8679
-2.6035 4.1845 0.8679
-2.3833 4.1191 0.8679
-2.1282 4.0256 0.8679
-2.0039 4.0164 0.8679
-1.8793 4.0047 0.8679
-1.7839 4.0115 0.8679
-0.5530 3.1917 0.8679
-0.4831 3.1990 0.8679
-0.4215 3.2113 0.8679
-0.5829 3.3938 0.8679
-0.5839 3.4563 0.8679
-0.5833 3.5185 0.8679
-0.5827 3.5815 0.8679
-0.5830 3.6460 0.8679
-0.5839 3.7121 0.8679
-0.5840 3.7785 0.8679
-0.5849 3.8465 0.8679
-0.5856 3.9154 0.8679
-0.7199 4.1058 0.8679
-0.5527 4.0252 0.8679
-2.9469 3.2728 1.3018
-2.9215 3.3021 1.3018
-2.8939 3.3290 1.3018
-2.8985 3.3937 1.3018
-2.8887 3.4426 1.3018
-2.8859 3.5009 1.3018
-2.8898 3.5687 1.3018
-2.8841 3.6258 1.3018
-2.8831 3.6903 1.3018
-2.8813 3.7549 1.3018
-2.8803 3.8223 1.3018
-2.8849 3.8987 1.3018
-2.8784 3.9618 1.3018
-2.8768 4.0331 1.3018
-2.8679 4.0958 1.3018
-2.8604 4.1618 1.3018
-2.8424 4.2140 1.3018
-2.8209 4.2620 1.3018
-2.7265 4.1984 1.3018
-2.6650 4.1832 1.3018
-2.5860 4.1385 1.3018
-2.5111 4.0978 1.3018
-2.4480 4.0741 1.3018
-2.3839 4.0471 1.3018
-2.3225 4.0227 1.3018
-2.2908 4.0489 1.3018
-2.2476 4.0547 1.3018
-2.1735 4.0030 1.3018
-2.1201 3.9874 1.3018
-2.0529 3.9437 1.3018
-2.0116 3.9480 1.3018
-1.9682 3.9476 1.3018
-1.9297 3.9565 1.3018
-1.8740 3.9290 1.3018
-1.8363 3.9379 1.3018
-1.7973 3.9438 1.3018
-1.7587 3.9502 1.3018
-1.7134 3.9406 1.3018
-1.6645 3.9214 1.3018
-1.6184 3.9071 1.3018
-1.5722 3.8914 1.3018
-1.5342 3.8947 1.3018
-1.4976 3.9014 1.3018
-1.4604 3.9059 1.3018
-1.4187 3.8978 1.3018
-1.3826 3.9044 1.3018
-1.3443 3.9040 1.3018
-1.3079 3.9090 1.3018
-1.2716 3.9136 1.3018
-1.2377 3.9255 1.3018
-1.1967 3.9142 1.3018
-1.1625 3.9244 1.3018
-1.1235 3.9181 1.3018
-1.0861 3.9162 1.3018
-1.0508 3.9217 1.3018
-1.0155 3.9268 1.3018
-0.9832 3.9433 1.3018
-0.9476 3.9468 1.3018
-0.9124 3.9520 1.3018
-0.8785 3.9628 1.3018
-0.8414 3.9586 1.3018
-0.8082 3.9726 1.3018
-0.7739 3.9815 1.3018
-0.7432 4.0097 1.3018
-0.7083 4.0170 1.3018
-0.5432 3.2459 1.3018
-0.5083 3.2090 1.3018
-0.4816 3.2222 1.3018
-0.4543 3.2322 1.3018
-0.4191 3.1835 1.3018
-0.3910 3.1841 1.3018
-0.3653 3.2063 1.3018
-0.3380 3.2163 1.3018
-0.3109 3.2291 1.3018
-0.2970 3.3950 1.3018
-0.4671 5.9356 1.3018
-2.9646 3.2456 1.3018
-2.9180 3.2961 1.3018
-2.9967 3.4835 1.3018
-2.9949 3.6342 1.3018
-2.9969 3.7898 1.3018
-2.9651 4.0889 1.3018
-2.3294 3.9303 1.3018
-2.2060 3.9263 1.3018
-1.9563 3.8365 1.3018
-1.7394 3.7634 1.3018
-1.6775 3.7921 1.3018
-1.6164 3.8206 1.3018
-1.4925 3.8036 1.3018
-0.5522 3.1911 1.3018
-0.4542 3.1775 1.3018
-0.3880 3.1860 1.3018
-0.5845 3.3951 1.3018
-0.5839 3.4563 1.3018
-0.5833 3.5185 1.3018
-0.5827 3.5815 1.3018
-0.5830 3.6460 1.3018
-0.5839 3.7121 1.3018
-0.5840 3.7785 1.3018
-0.5849 3.8465 1.3018
-0.5863 3.9161 1.3018
-0.5869 3.9860 1.3018
-2.9562 3.2832 1.7357
-2.9241 3.3051 1.7357
-2.8998 3.3358 1.7357
-2.8939 3.3884 1.7357
-2.8900 3.4441 1.7357
-2.8929 3.5093 1.7357
-2.8917 3.5710 1.7357
-2.8866 3.6290 1.7357
-2.8819 3.6887 1.7357
-2.8922 3.7692 1.7357
-2.8863 3.8303 1.7357
-2.8837 3.8971 1.7357
-2.8813 3.9658 1.7357
-2.8797 4.0372 1.7357
-2.8725 4.1023 1.7357
-2.8332 4.1223 1.7357
-2.7674 4.1029 1.7357
-2.7012 4.0810 1.7357
-2.6377 4.0617 1.7357
-2.5715 4.0365 1.7357
-2.4980 3.9977 1.7357
-2.4411 3.9835 1.7357
-2.3774 3.9567 1.7357
-2.3271 3.9506 1.7357
-2.2645 3.9222 1.7357
-2.1957 3.8809 1.7357
-2.1327 3.8475 1.7357
-2.0690 3.8106 1.7357
-2.0042 3.7693 1.7357
-1.9610 3.7671 1.7357
-1.9208 3.7698 1.7357
-1.8589 3.7283 1.7357
-1.7964 3.6833 1.7357
-1.7660 3.7024 1.7357
-1.7256 3.7005 1.7357
-1.6919 3.7126 1.7357
-1.6554 3.7181 1.7357
-1.6217 3.7297 1.7357
-1.5875 3.7400 1.7357
-1.5503 3.7426 1.7357
-1.5115 3.7412 1.7357
-1.4766 3.7487 1.7357
-1.4392 3.7493 1.7357
-1.4029 3.7523 1.7357
-1.3718 3.7691 1.7357
-1.3372 3.7762 1.7357
-1.3032 3.7849 1.7357
-1.2657 3.7829 1.7357
-1.2302 3.7862 1.7357
-1.1950 3.7901 1.7357
-1.1601 3.7946 1.7357
-1.1238 3.7940 1.7357
-1.0885 3.7960 1.7357
-1.0567 3.8102 1.7357
-1.0218 3.8135 1.7357
-0.9875 3.8184 1.7357
-0.9539 3.8259 1.7357
-0.9223 3.8418 1.7357
-0.8854 3.8351 1.7357
-0.8532 3.8486 1.7357
-0.8210 3.8627 1.7357
-0.7899 3.8825 1.7357
-0.7569 3.8941 1.7357
-0.7255 3.9143 1.7357
-0.6908 3.9176 1.7357
-0.5458 3.2616 1.7357
-0.5125 3.2357 1.7357
-0.4817 3.2232 1.7357
-0.4493 3.1966 1.7357
-0.4209 3.1974 1.7357
-0.3916 3.1891 1.7357
-0.3628 3.1844 1.7357
-0.3336 3.1735 1.7357
-0.3068 3.1863 1.7357
-0.2853 3.2615 1.7357
-2.9691 3.2478 1.7357
-2.9060 3.3634 1.7357
-2.9480 3.6856 1.7357
-2.9076 4.0544 1.7357
-2.5011 3.8858 1.7357
-2.1311 3.7312 1.7357
-1.9482 3.6875 1.7357
-1.7648 3.6398 1.7357
-1.7037 3.6693 1.7357
-1.5802 3.6560 1.7357
-1.4872 3.6612 1.7357
-1.4247 3.6864 1.7357
-1.3304 3.6880 1.7357
-0.5505 3.1899 1.7357
-0.4534 3.1769 1.7357
-0.3864 3.1848 1.7357
-0.3196 3.1917 1.7357
-0.5831 3.4557 1.7357
-0.5833 3.5185 1.7357
-0.5827 3.5815 1.7357
-0.5830 3.6460 1.7357
-0.5839 3.7121 1.7357
-0.5840 3.7785 1.7357
-0.5849 3.8465 1.7357
-0.5848 3.9148 1.7357
-2.9649 3.2929 2.1696
-2.9275 3.3089 2.1696
-2.9050 3.3419 2.1696
-2.8998 3.3952 2.1696
-2.8977 3.4533 2.1696
-2.8973 3.5147 2.1696
-2.8905 3.5694 2.1696
-2.8972 3.6423 2.1696
-2.8881 3.6966 2.1696
-2.8880 3.7637 2.1696
-2.8821 3.8247 2.1696
-2.8873 3.9019 2.1696
-2.8831 3.9682 2.1696
-2.8350 3.9745 2.1696
-2.7543 3.9336 2.1696
-2.6882 3.9113 2.1696
-2.6249 3.8915 2.1696
-2.5637 3.8734 2.1696
-2.4923 3.8378 2.1696
-2.4372 3.8256 2.1696
-2.3799 3.8086 2.1696
-2.2969 3.7482 2.1696
-2.2425 3.7321 2.1696
-2.1773 3.6964 2.1696
-2.1260 3.6823 2.1696
-2.0652 3.6503 2.1696
-2.0226 3.6489 2.1696
-1.9788 3.6445 2.1696
-1.9220 3.6148 2.1696
-1.8729 3.5977 2.1696
-1.8210 3.5738 2.1696
-1.7768 3.5636 2.1696
-1.7381 3.5637 2.1696
-1.7070 3.5788 2.1696
-1.6554 3.5500 2.1696
-1.6144 3.5425 2.1696
-1.5700 3.5263 2.1696
-1.5340 3.5279 2.1696
-1.5024 3.5393 2.1696
-1.4699 3.5486 2.1696
-1.4374 3.5576 2.1696
-1.4008 3.5561 2.1696
-1.3679 3.5635 2.1696
-1.3388 3.5809 2.1696
-1.3024 3.5783 2.1696
-1.2675 3.5792 2.1696
-1.2336 3.5826 2.1696
-1.2054 3.6027 2.1696
-1.1699 3.6007 2.1696
-1.1379 3.6089 2.1696
-1.1055 3.6158 2.1696
-1.0747 3.6282 2.1696
-1.0383 3.6211 2.1696
-1.0091 3.6387 2.1696
-0.9763 3.6435 2.1696
-0.9487 3.6683 2.1696
-0.9123 3.6590 2.1696
-0.8815 3.6717 2.1696
-0.8487 3.6763 2.1696
-0.8190 3.6943 2.1696
-0.7886 3.7101 2.1696
-0.7560 3.7159 2.1696
-0.7255 3.7321 2.1696
-0.6923 3.7354 2.1696
-0.5881 3.3355 2.1696
-0.5460 3.2626 2.1696
-0.5126 3.2367 2.1696
-0.4822 3.2262 2.1696
-0.4498 3.2005 2.1696
-0.4217 3.2034 2.1696
-0.3938 3.2069 2.1696
-0.3662 3.2142 2.1696
-0.3389 3.2242 2.1696
-0.3120 3.2400 2.1696
-0.2851 3.2586 2.1696
-0.2578 3.2759 2.1696
-2.9691 3.2478 2.1696
-2.9785 3.5495 2.1696
-2.8510 3.5577 2.1696
-2.5757 3.7791 2.1696
-2.0599 3.5450 2.1696
-1.8505 3.4872 2.1696
-1.7902 3.5181 2.1696
-1.5771 3.4511 2.1696
-1.4847 3.4579 2.1696
-1.4227 3.4833 2.1696
-1.3597 3.5073 2.1696
-1.2646 3.5083 2.1696
-1.2019 3.5304 2.1696
-1.1383 3.5510 2.1696
-1.0740 3.5702 2.1696
-0.4510 3.1752 2.1696
-0.3824 3.1818 2.1696
-0.8797 3.6215 2.1696
-0.5839 3.4563 2.1696
-0.5833 3.5185 2.1696
-0.5835 3.5821 2.1696
-0.5837 3.6466 2.1696
-0.5839 3.7121 2.1696
-2.9663 3.2944 2.6036
-2.9400 3.3231 2.6036
-2.9090 3.3464 2.6036
-2.9017 3.3975 2.6036
-2.8977 3.4533 2.6036
-2.8992 3.5171 2.6036
-2.8917 3.5710 2.6036
-2.8903 3.6336 2.6036
-2.8899 3.6989 2.6036
-2.8886 3.7645 2.6036
-2.8827 3.8255 2.6036
-2.8819 3.8947 2.6036
-2.7932 3.8444 2.6036
-2.7229 3.8174 2.6036
-2.6551 3.7919 2.6036
-2.6015 3.7852 2.6036
-2.5471 3.7763 2.6036
-2.4881 3.7592 2.6036
-2.4187 3.7245 2.6036
-2.3464 3.6831 2.6036
-2.2776 3.6449 2.6036
-2.2180 3.6195 2.6036
-2.1369 3.5564 2.6036
-2.0850 3.5396 2.6036
-2.0330 3.5213 2.6036
-1.9992 3.5336 2.6036
-1.9441 3.5072 2.6036
-1.8967 3.4933 2.6036
-1.8507 3.4806 2.6036
-1.8133 3.4833 2.6036
-1.7737 3.4812 2.6036
-1.7370 3.4840 2.6036
-1.7053 3.4963 2.6036
-1.6661 3.4930 2.6036
-1.6047 3.4413 2.6036
-1.5709 3.4469 2.6036
-1.5362 3.4505 2.6036
-1.4869 3.4197 2.6036
-1.4582 3.4353 2.6036
-1.4205 3.4294 2.6036
-1.3857 3.4297 2.6036
-1.3564 3.4435 2.6036
-1.3238 3.4486 2.6036
-1.2881 3.4451 2.6036
-1.2542 3.4459 2.6036
-1.2214 3.4491 2.6036
-1.1922 3.4625 2.6036
-1.1585 3.4623 2.6036
-1.1282 3.4723 2.6036
-1.0964 3.4773 2.6036
-1.0660 3.4867 2.6036
-1.0355 3.4959 2.6036
-1.0050 3.5048 2.6036
-0.9778 3.5259 2.6036
-0.9468 3.5334 2.6036
-0.9171 3.5463 2.6036
-0.8862 3.5542 2.6036
-0.8560 3.5657 2.6036
-0.8242 3.5701 2.6036
-0.7935 3.5791 2.6036
-0.7651 3.5996 2.6036
-0.7361 3.6179 2.6036
-0.7052 3.6281 2.6036
-0.6329 3.4148 2.6036
-0.6003 3.4045 2.6036
-0.5504 3.2893 2.6036
-0.5153 3.2534 2.6036
-0.4835 3.2351 2.6036
-0.4501 3.2025 2.6036
-0.4217 3.2034 2.6036
-0.3936 3.2059 2.6036
-0.3666 3.2172 2.6036
-0.3398 3.2332 2.6036
-0.3146 3.2669 2.6036
-0.2871 3.2815 2.6036
-0.2643 3.3576 2.6036
-2.9935 3.2594 2.6036
-2.9441 3.3088 2.6036
-3.0215 3.4210 2.6036
-2.7399 3.7227 2.6036
-2.1425 3.4540 2.6036
-1.9665 3.4203 2.6036
-1.6973 3.3271 2.6036
-1.5760 3.3189 2.6036
-1.5154 3.3464 2.6036
-1.3908 3.3969 2.6036
-1.3284 3.4209 2.6036
-1.2022 3.4010 2.6036
-1.1064 3.3996 2.6036
-1.0113 3.4604 2.6036
-0.5174 3.1658 2.6036
-0.4518 3.1758 2.6036
-0.5844 3.3341 2.6036
-0.7813 3.5460 2.6036
-0.5839 3.4563 2.6036
-0.5833 3.5185 2.6036
-0.5835 3.5821 2.6036
-0.5837 3.6466 2.6036
-2.9002 5.7567 2.6036
-2.9014 5.9642 2.6036
-2.9696 3.2981 3.0375
-2.9400 3.3231 3.0375
-2.9129 3.3509 3.0375
-2.9115 3.4089 3.0375
-2.9015 3.4579 3.0375
-2.8980 3.5155 3.0375
-2.8993 3.5803 3.0375
-2.8984 3.6438 3.0375
-2.8918 3.7013 3.0375
-2.8849 3.7597 3.0375
-2.8941 3.8406 3.0375
-2.8926 3.9092 3.0375
-2.7861 3.8347 3.0375
-2.6898 3.7710 3.0375
-2.6035 3.7181 3.0375
-2.5256 3.6748 3.0375
-2.4403 3.6179 3.0375
-2.3689 3.5790 3.0375
-2.3011 3.5434 3.0375
-2.2443 3.5228 3.0375
-2.1880 3.5016 3.0375
-2.1328 3.4805 3.0375
-2.0854 3.4707 3.0375
-2.0368 3.4577 3.0375
-2.0050 3.4728 3.0375
-1.9525 3.4510 3.0375
-1.9043 3.4355 3.0375
-1.8609 3.4274 3.0375
-1.8046 3.3941 3.0375
-1.7593 3.3795 3.0375
-1.7134 3.3627 3.0375
-1.6688 3.3471 3.0375
-1.6242 3.3300 3.0375
-1.5830 3.3188 3.0375
-1.5527 3.3298 3.0375
-1.5219 3.3396 3.0375
-1.4878 3.3417 3.0375
-1.4495 3.3335 3.0375
-1.4273 3.3626 3.0375
-1.4129 3.4110 3.0375
-1.3782 3.4111 3.0375
-1.3392 3.3997 3.0375
-1.3063 3.4029 3.0375
-1.2716 3.4011 3.0375
-1.2333 3.3885 3.0375
-1.1934 3.3699 3.0375
-1.1561 3.3575 3.0375
-1.1239 3.3590 3.0375
-1.0967 3.3753 3.0375
-1.0678 3.3866 3.0375
-1.0368 3.3911 3.0375
-1.0105 3.4115 3.0375
-0.9796 3.4163 3.0375
-0.9495 3.4238 3.0375
-0.9180 3.4261 3.0375
-0.8906 3.4437 3.0375
-0.8612 3.4543 3.0375
-0.8315 3.4636 3.0375
-0.8044 3.4843 3.0375
-0.7766 3.5030 3.0375
-0.7477 3.5174 3.0375
-0.7173 3.5258 3.0375
-0.6881 3.5397 3.0375
-0.6236 3.3647 3.0375
-0.6046 3.4291 3.0375
-0.5518 3.2972 3.0375
-0.5161 3.2584 3.0375
-0.4813 3.2202 3.0375
-0.4498 3.2005 3.0375
-0.4223 3.2073 3.0375
-0.3956 3.2218 3.0375
-0.3673 3.2241 3.0375
-0.3390 3.2252 3.0375
-0.3136 3.2569 3.0375
-0.2880 3.2924 3.0375
-2.9953 3.2603 3.0375
-2.9432 3.3084 3.0375
-1.8756 3.2337 3.0375
-1.7580 3.2320 3.0375
-1.6986 3.2625 3.0375
-1.6073 3.2731 3.0375
-1.5154 3.2818 3.0375
-1.4544 3.3083 3.0375
-1.3612 3.3135 3.0375
-1.2994 3.3375 3.0375
-1.1725 3.3177 3.0375
-1.1094 3.3384 3.0375
-1.0446 3.3571 3.0375
-0.9783 3.3738 3.0375
-0.8798 3.4291 3.0375
-0.4510 3.1752 3.0375
-0.5868 3.3359 3.0375
-0.7146 3.4949 3.0375
-0.5831 3.4557 3.0375
-0.5833 3.5185 3.0375
-0.5843 3.5827 3.0375
-2.9012 5.6565 3.0375
-2.9770 3.3063 3.4714
-2.9434 3.3269 3.4714
-2.9175 3.3562 3.4714
-2.9043 3.4005 3.4714
-2.9054 3.4625 3.4714
-2.9018 3.5202 3.4714
-2.9005 3.5819 3.4714
-2.8941 3.6383 3.4714
-2.9065 3.7202 3.4714
-2.8867 3.7621 3.4714
-2.8291 3.7544 3.4714
-2.7534 3.7211 3.4714
-2.6950 3.7093 3.4714
-2.6312 3.6888 3.4714
-2.5719 3.6731 3.4714
-2.5097 3.6517 3.4714
-2.4481 3.6295 3.4714
-2.3634 3.5707 3.4714
-2.2564 3.4746 3.4714
-2.1304 3.3440 3.4714
-2.0693 3.3116 3.4714
-2.0278 3.3091 3.4714
-1.9819 3.2984 3.4714
-1.9373 3.2888 3.4714
-1.8950 3.2822 3.4714
-1.8486 3.2673 3.4714
-1.8117 3.2685 3.4714
-1.7741 3.2674 3.4714
-1.7441 3.2802 3.4714
-1.7071 3.2793 3.4714
-1.6730 3.2834 3.4714
-1.6393 3.2880 3.4714
-1.6193 3.3201 3.4714
-1.5873 3.3278 3.4714
-1.5535 3.3316 3.4714
-1.5186 3.3323 3.4714
-1.4817 3.3280 3.4714
-1.4499 3.3344 3.4714
-1.4125 3.3276 3.4714
-1.3830 3.3389 3.4714
-1.3478 3.3360 3.4714
-1.3165 3.3421 3.4714
-1.2862 3.3506 3.4714
-1.2520 3.3486 3.4714
-1.2159 3.3406 3.4714
-1.1680 3.2983 3.4714
-1.1336 3.2923 3.4714
-1.1071 3.3087 3.4714
-1.0806 3.3258 3.4714
-1.0525 3.3380 3.4714
-1.0239 3.3490 3.4714
-0.9935 3.3540 3.4714
-0.9653 3.3663 3.4714
-0.9369 3.3785 3.4714
-0.9061 3.3817 3.4714
-0.8806 3.4050 3.4714
-0.8542 3.4261 3.4714
-0.8264 3.4422 3.4714
-0.7977 3.4551 3.4714
-0.7707 3.4766 3.4714
-0.7425 3.4930 3.4714
-0.7135 3.5072 3.4714
-0.6852 3.5250 3.4714
-0.6212 3.3519 3.4714
-0.5942 3.3700 3.4714
-0.5536 3.3080 3.4714
-0.5162 3.2594 3.4714
-0.4807 3.2163 3.4714
-0.4548 3.2362 3.4714
-0.4242 3.2222 3.4714
-0.3958 3.2238 3.4714
-0.3677 3.2271 3.4714
-0.3431 3.2640 3.4714
-0.3161 3.2828 3.4714
-0.2877 3.2884 3.4714
-2.9962 3.2607 3.4714
-2.9468 3.3101 3.4714
-2.1351 3.2442 3.4714
-2.0208 3.2487 3.4714
-1.8756 3.2337 3.4714
-1.7580 3.2320 3.4714
-1.6986 3.2625 3.4714
-1.6073 3.2731 3.4714
-1.5154 3.2818 3.4714
-1.4221 3.2881 3.4714
-1.3620 3.3141 3.4714
-1.1727 3.2553 3.4714
-1.1074 3.2746 3.4714
-1.0116 3.3344 3.4714
-0.9455 3.3508 3.4714
-2.7778 4.8081 3.4714
-0.4888 3.2031 3.4714
-0.4207 3.2107 3.4714
-0.5845 3.3951 3.4714
-0.5839 3.4563 3.4714
-0.5833 3.5185 3.4714
-2.9025 5.5581 3.4714
-2.9756 3.3048 3.9054
-2.9453 3.3291 3.9054
-2.9208 3.3600 3.9054
-2.9115 3.4089 3.9054
-2.9105 3.4686 3.9054
-2.9012 3.5194 3.9054
-2.9068 3.5896 3.9054
-2.9009 3.6470 3.9054
-2.8998 3.7115 3.9054
-2.8618 3.7296 3.9054
-2.7954 3.7097 3.9054
-2.7332 3.6937 3.9054
-2.6580 3.6584 3.9054
-2.5870 3.6269 3.9054
-2.5358 3.6215 3.9054
-2.4826 3.6121 3.9054
-2.4235 3.5930 3.9054
-2.3634 3.5707 3.9054
-2.3087 3.5551 3.9054
-2.2126 3.4731 3.9054
-2.0598 3.2964 3.9054
-2.0121 3.2835 3.9054
-1.9680 3.2752 3.9054
-1.9261 3.2699 3.9054
-1.8860 3.2666 3.9054
-1.8422 3.2560 3.9054
-1.8049 3.2562 3.9054
-1.7626 3.2464 3.9054
-1.7262 3.2466 3.9054
-1.6914 3.2491 3.9054
-1.6693 3.2762 3.9054
-1.6398 3.2889 3.9054
-1.6062 3.2932 3.9054
-1.5783 3.3089 3.9054
-1.5514 3.3271 3.9054
-1.5157 3.3259 3.9054
-1.4846 3.3344 3.9054
-1.4471 3.3280 3.9054
-1.4125 3.3276 3.9054
-1.3800 3.3315 3.9054
-1.3482 3.3369 3.9054
-1.3128 3.3328 3.9054
-1.2808 3.3366 3.9054
-1.2460 3.3327 3.9054
-1.2101 3.3246 3.9054
-1.1623 3.2823 3.9054
-1.1356 3.2980 3.9054
-1.1020 3.2935 3.9054
-1.0760 3.3116 3.9054
-1.0465 3.3189 3.9054
-1.0204 3.3375 3.9054
-0.9901 3.3424 3.9054
-0.9603 3.3490 3.9054
-0.9303 3.3544 3.9054
-0.9041 3.3740 3.9054
-0.8771 3.3914 3.9054
-0.8489 3.4048 3.9054
-0.8201 3.4159 3.9054
-0.7986 3.4590 3.9054
-0.7686 3.4668 3.9054
-0.7397 3.4802 3.9054
-0.7111 3.4954 3.9054
-0.6818 3.5074 3.9054
-0.6378 3.4414 3.9054
-0.5795 3.2863 3.9054
-0.5554 3.3189 3.9054
-0.5117 3.2307 3.9054
-0.4817 3.2232 3.9054
-0.4516 3.2134 3.9054
-0.4250 3.2281 3.9054
-0.3963 3.2278 3.9054
-0.3685 3.2341 3.9054
-0.3393 3.2282 3.9054
-0.3122 3.2420 3.9054
-0.2958 3.3811 3.9054
-0.4704 5.9775 3.9054
-2.9962 3.2607 3.9054
-2.9477 3.3106 3.9054
-2.1061 3.2285 3.9054
-1.9622 3.2162 3.9054
-1.8164 3.2003 3.9054
-1.7285 3.2150 3.9054
-1.6684 3.2447 3.9054
-1.6073 3.2731 3.9054
-1.5154 3.2818 3.9054
-1.4221 3.2881 3.9054
-1.3291 3.2931 3.9054
-1.1736 3.2559 3.9054
-1.1099 3.2763 3.9054
-1.0430 3.2936 3.9054
-0.9778 3.3112 3.9054
-0.5505 3.1899 3.9054
-0.4888 3.2031 3.9054
-0.4215 3.2113 3.9054
-0.3529 3.2173 3.9054
-0.5831 3.4557 3.9054
-0.5841 3.5191 3.9054
-2.8987 5.7554 3.9054
-2.8886 5.9530 3.9054
-2.9823 3.3122 4.3393
-2.9493 3.3336 4.3393
-2.9247 3.3645 4.3393
-2.9069 3.4036 4.3393
-2.9073 3.4648 4.3393
-2.9120 3.5325 4.3393
-2.9119 3.5959 4.3393
-2.9015 3.6477 4.3393
-2.8998 3.7115 4.3393
-2.8447 3.7073 4.3393
-2.7858 3.6969 4.3393
-2.7011 3.6503 4.3393
-2.6521 3.6503 4.3393
-2.5934 3.6358 4.3393
-2.5438 3.6329 4.3393
-2.4911 3.6245 4.3393
-2.4280 3.5997 4.3393
-2.3546 3.5574 4.3393
-2.2249 3.4260 4.3393
-2.0987 3.2943 4.3393
-2.0598 3.2964 4.3393
-2.0179 3.2929 4.3393
-1.9685 3.2761 4.3393
-1.9251 3.2682 4.3393
-1.8880 3.2701 4.3393
-1.8491 3.2682 4.3393
-1.8117 3.2685 4.3393
-1.7707 3.2613 4.3393
-1.7328 3.2590 4.3393
-1.6988 3.2633 4.3393
-1.6639 3.2655 4.3393
-1.6344 3.2781 4.3393
-1.6075 3.2959 4.3393
-1.5791 3.3107 4.3393
-1.5468 3.3171 4.3393
-1.5140 3.3223 4.3393
-1.4785 3.3207 4.3393
-1.4427 3.3179 4.3393
-1.4082 3.3175 4.3393
-1.3754 3.3204 4.3393
-1.3456 3.3304 4.3393
-1.3135 3.3346 4.3393
-1.2779 3.3291 4.3393
-1.2453 3.3308 4.3393
-1.2101 3.3246 4.3393
-1.1647 3.2889 4.3393
-1.1310 3.2847 4.3393
-1.1020 3.2935 4.3393
-1.0775 3.3163 4.3393
-1.0501 3.3304 4.3393
-1.0201 3.3365 4.3393
-0.9915 3.3472 4.3393
-0.9634 3.3596 4.3393
-0.9369 3.3785 4.3393
-0.9069 3.3846 4.3393
-0.8758 3.3866 4.3393
-0.8508 3.4125 4.3393
-0.8231 3.4286 4.3393
-0.7959 3.4473 4.3393
-0.7666 3.4580 4.3393
-0.7400 3.4812 4.3393
-0.7090 3.4846 4.3393
-0.6800 3.4985 4.3393
-0.6506 3.5102 4.3393
-0.6220 3.5276 4.3393
-0.5590 3.3405 4.3393
-0.5094 3.2159 4.3393
-0.4820 3.2252 4.3393
-0.4529 3.2223 4.3393
-0.4226 3.2103 4.3393
-0.3916 3.1891 4.3393
-0.3637 3.1923 4.3393
-0.3342 3.1795 4.3393
-0.3092 3.2111 4.3393
-0.5025 5.7441 4.3393
-2.9980 3.2616 4.3393
-2.9522 3.3128 4.3393
-2.1342 3.2437 4.3393
-1.9920 3.2327 4.3393
-1.8460 3.2170 4.3393
-1.7277 3.2145 4.3393
-1.6684 3.2447 4.3393
-1.6082 3.2736 4.3393
-1.5163 3.2823 4.3393
-1.4230 3.2887 4.3393
-1.3300 3.2936 4.3393
-1.1744 3.2564 4.3393
-1.1099 3.2763 4.3393
-1.0439 3.2942 4.3393
-0.9471 3.3520 4.3393
-0.5522 3.1911 4.3393
-0.4172 3.1502 4.3393
-0.5844 3.3341 4.3393
-0.5837 3.3945 4.3393
-0.5839 3.4563 4.3393
-0.5833 3.5185 4.3393
-2.8641 5.8278 4.3393
-2.9863 3.3167 4.7732
-2.9520 3.3366 4.7732
-2.9254 3.3653 4.7732
-2.9134 3.4112 4.7732
-2.9099 3.4679 4.7732
-2.9101 3.5302 4.7732
-2.9100 3.5935 4.7732
-2.9034 3.6501 4.7732
-2.9016 3.7139 4.7732
-2.8679 3.7375 4.7732
-2.7858 3.6969 4.7732
-2.7112 3.6640 4.7732
-2.6415 3.6357 4.7732
-2.5731 3.6073 4.7732
-2.4727 3.5314 4.7732
-2.4101 3.5067 4.7732
-2.3503 3.4844 4.7732
-2.2812 3.4465 4.7732
-2.2445 3.4562 4.7732
-2.1895 3.4368 4.7732
-2.0561 3.2904 4.7732
-2.0017 3.2665 4.7732
-1.9607 3.2632 4.7732
-1.9165 3.2535 4.7732
-1.8675 3.2346 4.7732
-1.8279 3.2308 4.7732
-1.7928 3.2343 4.7732
-1.7559 3.2340 4.7732
-1.7225 3.2395 4.7732
-1.6905 3.2473 4.7732
-1.6612 3.2602 4.7732
-1.6313 3.2719 4.7732
-1.6031 3.2869 4.7732
-1.5778 3.3080 4.7732
-1.5455 3.3144 4.7732
-1.5116 3.3168 4.7732
-1.4712 3.3043 4.7732
-1.4419 3.3161 4.7732
-1.4098 3.3212 4.7732
-1.3750 3.3195 4.7732
-1.3437 3.3258 4.7732
-1.3091 3.3235 4.7732
-1.2794 3.3329 4.7732
-1.2450 3.3299 4.7732
-1.2101 3.3246 4.7732
-1.1697 3.3030 4.7732
-1.1388 3.3074 4.7732
-1.1080 3.3115 4.7732
-1.0797 3.3230 4.7732
-1.0525 3.3380 4.7732
-1.0215 3.3413 4.7732
-0.9935 3.3540 4.7732
-0.9639 3.3615 4.7732
-0.9369 3.3785 4.7732
-0.9113 3.4010 4.7732
-0.8821 3.4108 4.7732
-0.8535 3.4232 4.7732
-0.8231 3.4286 4.7732
-0.7963 3.4493 4.7732
-0.7718 3.4815 4.7732
-0.7425 3.4930 4.7732
-0.7139 3.5091 4.7732
-0.6837 3.5172 4.7732
-0.6542 3.5299 4.7732
-0.6255 3.5473 4.7732
-0.5549 3.3159 4.7732
-0.5092 3.2149 4.7732
-0.4773 3.1935 4.7732
-0.4474 3.1837 4.7732
-0.4194 3.1855 4.7732
-0.3911 3.1851 4.7732
-0.3646 3.2003 4.7732
-0.3356 3.1934 4.7732
-2.9971 3.2611 4.7732
-3.0304 3.3509 4.7732
-2.9320 3.3764 4.7732
-1.9045 3.1842 4.7732
-1.8173 3.2008 4.7732
-1.7294 3.2155 4.7732
-1.6693 3.2452 4.7732
-1.6090 3.2741 4.7732
-1.5163 3.2823 4.7732
-1.4238 3.2892 4.7732
-1.2979 3.2732 4.7732
-1.2046 3.2760 4.7732
-1.1408 3.2967 4.7732
-1.0770 3.3166 4.7732
-1.0116 3.3344 4.7732
-0.9128 3.3901 4.7732
-0.5174 3.1658 4.7732
-0.4164 3.1496 4.7732
-0.5844 3.3341 4.7732
-0.5837 3.3945 4.7732
-0.5839 3.4563 4.7732
-0.5833 3.5185 4.7732
-2.5681 5.7699 4.7732
-2.9910 3.3219 5.2072
-2.9606 3.3463 5.2072
-2.9208 3.3600 5.2072
-2.9121 3.4097 5.2072
-2.9131 3.4717 5.2072
-2.9081 3.5279 5.2072
-2.9087 3.5920 5.2072
-2.9109 3.6595 5.2072
-2.9115 3.7265 5.2072
-2.9062 3.7875 5.2072
-2.9050 3.8550 5.2072
-2.8581 3.8625 5.2072
-2.7808 3.8275 5.2072
-2.6521 3.7181 5.2072
-2.5559 3.6501 5.2072
-2.4871 3.6187 5.2072
-2.4001 3.5582 5.2072
-2.3319 3.5232 5.2072
-2.2592 3.4788 5.2072
-2.1992 3.4520 5.2072
-2.1271 3.4041 5.2072
-2.0889 3.4089 5.2072
-2.0323 3.3824 5.2072
-1.9388 3.2914 5.2072
-1.8960 3.2840 5.2072
-1.8589 3.2856 5.2072
-1.8122 3.2693 5.2072
-1.7717 3.2630 5.2072
-1.7352 3.2634 5.2072
-1.7002 3.2660 5.2072
-1.6661 3.2700 5.2072
-1.6384 3.2862 5.2072
-1.6058 3.2923 5.2072
-1.5800 3.3125 5.2072
-1.5459 3.3153 5.2072
-1.5091 3.3113 5.2072
-1.4797 3.3235 5.2072
-1.4411 3.3143 5.2072
-1.4086 3.3184 5.2072
-1.3750 3.3195 5.2072
-1.3452 3.3295 5.2072
-1.3143 3.3365 5.2072
-1.2819 3.3394 5.2072
-1.2555 3.3580 5.2072
-1.2261 3.3688 5.2072
-1.1984 3.3841 5.2072
-1.1668 3.3887 5.2072
-1.1369 3.3978 5.2072
-1.1100 3.4162 5.2072
-1.0825 3.4334 5.2072
-1.0531 3.4446 5.2072
-1.0225 3.4518 5.2072
-0.9948 3.4692 5.2072
-0.9658 3.4826 5.2072
-0.9361 3.4938 5.2072
-0.9049 3.4989 5.2072
-0.8755 3.5115 5.2072
-0.8472 3.5287 5.2072
-0.8172 3.5399 5.2072
-0.7857 3.5440 5.2072
-0.7560 3.5565 5.2072
-0.7267 3.5718 5.2072
-0.6944 3.5721 5.2072
-0.6642 3.5840 5.2072
-0.6336 3.5936 5.2072
-0.5580 3.3346 5.2072
-0.5101 3.2209 5.2072
-0.4759 3.1846 5.2072
-0.4484 3.1906 5.2072
-0.4206 3.1944 5.2072
-0.3919 3.1920 5.2072
-0.3638 3.1933 5.2072
-0.3398 3.2332 5.2072
-0.3188 3.3107 5.2072
-3.0242 3.2740 5.2072
-2.9711 3.3220 5.2072
-2.9085 3.4385 5.2072
-1.9052 3.2505 5.2072
-1.7277 3.2145 5.2072
-1.6684 3.2447 5.2072
-1.6082 3.2736 5.2072
-1.5163 3.2823 5.2072
-1.4552 3.3088 5.2072
-1.3604 3.3130 5.2072
-1.2676 3.3806 5.2072
-1.2030 3.4016 5.2072
-1.1077 3.4644 5.2072
-1.0414 3.4819 5.2072
-0.5190 3.1670 5.2072
-0.4550 3.1781 5.2072
-0.5860 3.3353 5.2072
-0.5837 3.3945 5.2072
-0.5839 3.4563 5.2072
-0.5833 3.5185 5.2072
-0.5835 3.5821 5.2072
-2.9944 3.3256 5.6411
-2.9646 3.3508 5.6411
-2.9293 3.3698 5.6411
-2.9121 3.4097 5.6411
-2.9067 3.4641 5.6411
-2.9088 3.5286 5.6411
-2.9156 3.6005 5.6411
-2.9065 3.6540 5.6411
-2.9078 3.7218 5.6411
-2.9081 3.7898 5.6411
-2.9050 3.8550 5.6411
-2.9021 3.9220 5.6411
-2.8943 3.9836 5.6411
-2.8147 3.9460 5.6411
-2.7314 3.9008 5.6411
-2.6406 3.8421 5.6411
-2.5684 3.8078 5.6411
-2.5141 3.7983 5.6411
-2.4531 3.7774 5.6411
-2.3534 3.6941 5.6411
-2.2882 3.6619 5.6411
-2.2232 3.6280 5.6411
-2.1657 3.6044 5.6411
-2.1124 3.5861 5.6411
-2.0715 3.5879 5.6411
-2.0283 3.5850 5.6411
-1.9286 3.4792 5.6411
-1.8695 3.4432 5.6411
-1.8258 3.4338 5.6411
-1.7851 3.4292 5.6411
-1.7488 3.4322 5.6411
-1.7040 3.4178 5.6411
-1.6610 3.4055 5.6411
-1.6269 3.4109 5.6411
-1.5937 3.4177 5.6411
-1.5605 3.4242 5.6411
-1.5261 3.4276 5.6411
-1.4941 3.4362 5.6411
-1.4602 3.4399 5.6411
-1.4305 3.4535 5.6411
-1.4007 3.4667 5.6411
-1.3678 3.4723 5.6411
-1.3371 3.4832 5.6411
-1.3052 3.4910 5.6411
-1.2754 3.5041 5.6411
-1.2458 3.5179 5.6411
-1.2176 3.5362 5.6411
-1.1921 3.5629 5.6411
-1.1619 3.5760 5.6411
-1.1295 3.5822 5.6411
-1.0987 3.5938 5.6411
-1.0682 3.6061 5.6411
-1.0408 3.6297 5.6411
-1.0075 3.6329 5.6411
-0.9783 3.6512 5.6411
-0.9432 3.6470 5.6411
-0.9091 3.6464 5.6411
-0.8782 3.6581 5.6411
-0.8467 3.6675 5.6411
-0.8140 3.6718 5.6411
-0.7845 3.6906 5.6411
-0.7512 3.6924 5.6411
-0.7190 3.6988 5.6411
-0.6881 3.7128 5.6411
-0.6553 3.7167 5.6411
-0.5562 3.3238 5.6411
-0.5131 3.2396 5.6411
-0.4765 3.1886 5.6411
-0.4479 3.1867 5.6411
-0.4213 3.2004 5.6411
-0.3938 3.2069 5.6411
-0.3649 3.2023 5.6411
-0.3402 3.2372 5.6411
-0.3230 3.3545 5.6411
-3.0242 3.2740 5.6411
-2.9720 3.3224 5.6411
-2.9192 3.4440 5.6411
-2.9453 3.8389 5.6411
-2.3603 3.6522 5.6411
-1.8782 3.4358 5.6411
-1.7891 3.4495 5.6411
-1.6681 3.4418 5.6411
-1.5771 3.4511 5.6411
-1.5158 3.4781 5.6411
-1.4535 3.5037 5.6411
-1.3597 3.5073 5.6411
-1.2658 3.5751 5.6411
-1.2026 3.5969 5.6411
-0.5198 3.1676 5.6411
-0.4550 3.1781 5.6411
-0.5860 3.3353 5.6411
-0.5845 3.3951 5.6411
-0.5847 3.4569 5.6411
-0.5841 3.5191 5.6411
-0.5835 3.5821 5.6411
-0.5830 3.6460 5.6411
-0.5839 3.7121 5.6411
-2.9816 3.3115 6.0750
-2.9586 3.3441 6.0750
-2.9267 3.3668 6.0750
-2.9180 3.4165 6.0750
-2.9118 3.4702 6.0750
-2.9024 3.5209 6.0750
-2.9018 3.5834 6.0750
-2.9109 3.6595 6.0750
-2.9078 3.7218 6.0750
-2.9014 3.7811 6.0750
-2.8995 3.8478 6.0750
-2.8986 3.9172 6.0750
-2.8937 3.9828 6.0750
-2.9000 4.0657 6.0750
-2.8943 4.1334 6.0750
-2.8637 4.1668 6.0750
-2.7859 4.1303 6.0750
-2.7039 4.0852 6.0750
-2.6475 4.0768 6.0750
-2.5892 4.0643 6.0750
-2.4774 3.9646 6.0750
-2.4239 3.9554 6.0750
-2.3491 3.9095 6.0750
-2.2986 3.9023 6.0750
-2.2450 3.8885 6.0750
-2.1982 3.8853 6.0750
-2.1283 3.8396 6.0750
-2.0594 3.7930 6.0750
-1.9713 3.7075 6.0750
-1.8876 3.6261 6.0750
-1.8182 3.5685 6.0750
-1.7768 3.5636 6.0750
-1.7386 3.5646 6.0750
-1.6949 3.5535 6.0750
-1.6613 3.5627 6.0750
-1.6239 3.5634 6.0750
-1.5907 3.5729 6.0750
-1.5511 3.5674 6.0750
-1.5199 3.5808 6.0750
-1.4840 3.5828 6.0750
-1.4509 3.5910 6.0750
-1.4176 3.5989 6.0750
-1.3826 3.6018 6.0750
-1.3529 3.6184 6.0750
-1.3212 3.6300 6.0750
-1.2888 3.6395 6.0750
-1.2593 3.6573 6.0750
-1.2270 3.6672 6.0750
-1.1959 3.6806 6.0750
-1.1658 3.6976 6.0750
-1.1283 3.6904 6.0750
-1.0980 3.7068 6.0750
-1.0667 3.7201 6.0750
-1.0315 3.7196 6.0750
-1.0034 3.7449 6.0750
-0.9697 3.7496 6.0750
-0.9394 3.7677 6.0750
-0.9069 3.7777 6.0750
-0.8739 3.7854 6.0750
-0.8428 3.8017 6.0750
-0.8115 3.8177 6.0750
-0.7759 3.8139 6.0750
-0.7421 3.8175 6.0750
-0.7062 3.8101 6.0750
-0.6746 3.8260 6.0750
-0.5549 3.3159 6.0750
-0.5156 3.2554 6.0750
-0.4764 3.1876 6.0750
-0.4486 3.1916 6.0750
-0.4212 3.1994 6.0750
-0.3930 3.2010 6.0750
-0.3642 3.1963 6.0750
-0.3417 3.2511 6.0750
-0.3391 3.5217 6.0750
-0.4543 5.1922 6.0750
-0.4639 5.8938 6.0750
-3.0242 3.2740 6.0750
-2.9729 3.3229 6.0750
-2.8924 3.5047 6.0750
-2.9680 3.7738 6.0750
-1.7605 3.4996 6.0750
-1.6994 3.5290 6.0750
-1.6088 3.5385 6.0750
-1.5160 3.5451 6.0750
-1.4542 3.5710 6.0750
-1.3924 3.5961 6.0750
-1.3297 3.6198 6.0750
-1.2661 3.6422 6.0750
-0.5198 3.1676 6.0750
-0.4550 3.1781 6.0750
-0.5860 3.3353 6.0750
-0.5853 3.3957 6.0750
-0.5839 3.4563 6.0750
-0.5841 3.5191 6.0750
-0.5835 3.5821 6.0750
-0.5837 3.6466 6.0750
-0.5839 3.7121 6.0750
-0.5840 3.7785 6.0750
-3.0024 3.3345 6.5089
-2.9732 3.3606 6.5089
-2.9352 3.3766 6.5089
-2.9121 3.4097 6.5089
-2.9041 3.4610 6.5089
-2.9113 3.5317 6.5089
-2.8999 3.5811 6.5089
-2.9034 3.6501 6.5089
-2.9035 3.7163 6.5089
-2.9068 3.7883 6.5089
-2.9032 3.8526 6.5089
-2.8962 3.9140 6.5089
-2.8960 3.9860 6.5089
-2.8960 4.0600 6.5089
-2.8954 4.1351 6.5089
-2.8836 4.1956 6.5089
-2.8715 4.2571 6.5089
-2.8353 4.2837 6.5089
-2.7455 4.2277 6.5089
-2.6677 4.1874 6.5089
-2.6035 4.1665 6.5089
-2.5378 4.1413 6.5089
-2.4593 4.0930 6.5089
-2.3819 4.0436 6.5089
-2.3120 4.0045 6.5089
-2.2287 3.9392 6.5089
-2.1661 3.9078 6.5089
-2.0976 3.8633 6.5089
-2.0159 3.7914 6.5089
-1.9269 3.7015 6.5089
-1.8505 3.6317 6.5089
-1.8084 3.6272 6.5089
-1.7530 3.5943 6.5089
-1.7152 3.5959 6.5089
-1.6812 3.6053 6.5089
-1.6426 3.6044 6.5089
-1.6074 3.6103 6.5089
-1.5723 3.6160 6.5089
-1.5367 3.6203 6.5089
-1.4982 3.6170 6.5089
-1.4670 3.6309 6.5089
-1.4334 3.6389 6.5089
-1.3984 3.6428 6.5089
-1.3669 3.6558 6.5089
-1.3332 3.6629 6.5089
-1.3025 3.6782 6.5089
-1.2687 3.6847 6.5089
-1.2365 3.6956 6.5089
-1.2055 3.7101 6.5089
-1.1734 3.7214 6.5089
-1.1420 3.7353 6.5089
-1.1105 3.7490 6.5089
-1.0824 3.7749 6.5089
-1.0502 3.7871 6.5089
-1.0169 3.7951 6.5089
-0.9857 3.8116 6.5089
-0.9517 3.8171 6.5089
-0.9181 3.8243 6.5089
-0.8847 3.8322 6.5089
-0.8504 3.8359 6.5089
-0.8183 3.8500 6.5089
-0.7825 3.8462 6.5089
-0.7506 3.8617 6.5089
-0.7147 3.8563 6.5089
-0.6802 3.8575 6.5089
-0.5537 3.3090 6.5089
-0.5190 3.2771 6.5089
-0.4776 3.1955 6.5089
-0.4480 3.1877 6.5089
-0.4208 3.1964 6.5089
-0.3935 3.2049 6.5089
-0.3649 3.2023 6.5089
-0.3398 3.2332 6.5089
-0.4824 5.0098 6.5089
-0.4964 5.6743 6.5089
-0.4660 5.9217 6.5089
-3.0251 3.2745 6.5089
-2.9729 3.3229 6.5089
-2.9004 3.5088 6.5089
-2.9680 3.7738 6.5089
-1.7626 3.5693 6.5089
-1.6709 3.5788 6.5089
-1.6086 3.6064 6.5089
-1.5172 3.6135 6.5089
-1.4245 3.6182 6.5089
-1.3608 3.6416 6.5089
-1.2979 3.6648 6.5089
-0.5174 3.1658 6.5089
-0.4550 3.1781 6.5089
-0.5868 3.3359 6.5089
-0.5853 3.3957 6.5089
-0.5839 3.4563 6.5089
-0.5849 3.5197 6.5089
-0.5843 3.5827 6.5089
-0.5837 3.6466 6.5089
-0.5839 3.7121 6.5089
-0.5840 3.7785 6.5089
-0.5849 3.8465 6.5089
-2.8894 5.9536 6.5089
-2.9712 3.3583 6.9429
-2.9352 3.3766 6.9429
-2.9173 3.4157 6.9429
-2.9093 3.4671 6.9429
-2.9031 3.5217 6.9429
-2.8986 3.5795 6.9429
-2.9071 3.6548 6.9429
-2.9047 3.7178 6.9429
-2.9014 3.7811 6.9429
-2.9020 3.8510 6.9429
-2.9010 3.9204 6.9429
-2.8948 3.9844 6.9429
-2.8907 4.0527 6.9429
-2.8914 4.1293 6.9429
-2.8932 4.2096 6.9429
-2.8709 4.2563 6.9429
-2.8552 4.3137 6.9429
-2.8343 4.3644 6.9429
-2.7563 4.3266 6.9429
-2.6830 4.2937 6.9429
-2.5895 4.2257 6.9429
-2.5170 4.1890 6.9429
-2.4418 4.1453 6.9429
-2.3710 4.1067 6.9429
-2.2996 4.0646 6.9429
-2.2287 4.0206 6.9429
-2.1510 3.9617 6.9429
-2.0863 3.9238 6.9429
-2.0146 3.8700 6.9429
-1.9317 3.7912 6.9429
-1.8522 3.7149 6.9429
-1.7916 3.6734 6.9429
-1.7543 3.6780 6.9429
-1.7163 3.6805 6.9429
-1.6799 3.6863 6.9429
-1.6477 3.7008 6.9429
-1.6058 3.6930 6.9429
-1.5703 3.6995 6.9429
-1.5330 3.7011 6.9429
-1.4947 3.6995 6.9429
-1.4601 3.7068 6.9429
-1.4281 3.7203 6.9429
-1.3917 3.7223 6.9429
-1.3561 3.7259 6.9429
-1.3262 3.7451 6.9429
-1.2883 3.7414 6.9429
-1.2562 3.7544 6.9429
-1.2206 3.7567 6.9429
-1.1905 3.7758 6.9429
-1.1578 3.7870 6.9429
-1.1256 3.7998 6.9429
-1.0924 3.8095 6.9429
-1.0647 3.8391 6.9429
-1.0319 3.8511 6.9429
-0.9993 3.8639 6.9429
-0.9684 3.8841 6.9429
-0.9368 3.9021 6.9429
-0.9023 3.9082 6.9429
-0.8675 3.9130 6.9429
-0.8341 3.9243 6.9429
-0.7985 3.9246 6.9429
-0.7653 3.9373 6.9429
-0.7297 3.9370 6.9429
-0.6918 3.9235 6.9429
-0.5529 3.3041 6.9429
-0.5181 3.2712 6.9429
-0.4802 3.2133 6.9429
-0.4479 3.1867 6.9429
-0.4194 3.1855 6.9429
-0.3908 3.1831 6.9429
-0.3636 3.1914 6.9429
-0.3331 3.1695 6.9429
-0.4942 5.1323 6.9429
-0.4584 5.2400 6.9429
-3.0251 3.2745 6.9429
-2.9738 3.3233 6.9429
-2.9103 3.4394 6.9429
-2.9488 3.8409 6.9429
-1.7959 3.6600 6.9429
-1.7045 3.6698 6.9429
-1.6433 3.6985 6.9429
-1.5514 3.7054 6.9429
-1.4575 3.7093 6.9429
-1.3939 3.7333 6.9429
-0.5174 3.1658 6.9429
-0.4558 3.1787 6.9429
-0.5868 3.3359 6.9429
-0.5861 3.3963 6.9429
-1.0764 3.8411 6.9429
-0.5841 3.5191 6.9429
-0.9799 3.9030 6.9429
-0.5837 3.6466 6.9429
-0.5839 3.7121 6.9429
-0.5840 3.7785 6.9429
-0.5849 3.8465 6.9429
-0.5856 3.9154 6.9429
-2.9712 3.3583 7.3768
-2.9332 3.3743 7.3768
-2.9134 3.4112 7.3768
-2.9022 3.4587 7.3768
-2.9043 3.5232 7.3768
-2.8968 3.5772 7.3768
-2.8984 3.6438 7.3768
-2.8961 3.7068 7.3768
-2.9014 3.7811 7.3768
-2.8971 3.8446 7.3768
-2.8914 3.9075 7.3768
-2.8907 3.9787 7.3768
-2.8919 4.0543 7.3768
-2.8862 4.1220 7.3768
-2.8779 4.1874 7.3768
-2.8603 4.2405 7.3768
-2.8585 4.3187 7.3768
-2.8392 4.3720 7.3768
-2.8133 4.4160 7.3768
-2.7784 4.4463 7.3768
-2.7274 4.4508 7.3768
-2.6499 4.4101 7.3768
-2.5412 4.3142 7.3768
-2.4675 4.2738 7.3768
-2.4065 4.2534 7.3768
-2.3353 4.2130 7.3768
-2.2613 4.1647 7.3768
-2.1995 4.1366 7.3768
-2.1365 4.1042 7.3768
-2.0720 4.0666 7.3768
-2.0079 4.0272 7.3768
-1.9481 3.9942 7.3768
-1.8960 3.9750 7.3768
-1.8426 3.9515 7.3768
-1.7940 3.9365 7.3768
-1.7445 3.9182 7.3768
-1.7015 3.9131 7.3768
-1.6555 3.9002 7.3768
-1.6065 3.8784 7.3768
-1.5640 3.8710 7.3768
-1.5239 3.8687 7.3768
-1.4833 3.8641 7.3768
-1.4474 3.8713 7.3768
-1.4101 3.8744 7.3768
-1.3750 3.8827 7.3768
-1.3348 3.8766 7.3768
-1.2997 3.8843 7.3768
-1.2648 3.8927 7.3768
-1.2347 3.9160 7.3768
-1.2016 3.9304 7.3768
-1.1679 3.9427 7.3768
-1.1318 3.9469 7.3768
-1.0992 3.9634 7.3768
-1.0669 3.9815 7.3768
-1.0328 3.9936 7.3768
-0.9982 4.0034 7.3768
-0.9616 4.0052 7.3768
-0.9250 4.0066 7.3768
-0.8900 4.0145 7.3768
-0.8539 4.0173 7.3768
-0.8196 4.0285 7.3768
-0.7840 4.0335 7.3768
-0.7490 4.0412 7.3768
-0.7048 3.9973 7.3768
-0.5536 3.3080 7.3768
-0.5200 3.2831 7.3768
-0.4822 3.2262 7.3768
-0.4505 3.2055 7.3768
-0.4234 3.2162 7.3768
-0.3955 3.2208 7.3768
-0.3662 3.2142 7.3768
-0.3433 3.2660 7.3768
-0.4981 5.1731 7.3768
-0.4562 5.2141 7.3768
-0.4642 5.8988 7.3768
-3.0251 3.2745 7.3768
-2.9747 3.3237 7.3768
-2.9373 3.3791 7.3768
-2.1946 4.0704 7.3768
-1.8737 3.9269 7.3768
-1.7147 3.8894 7.3768
-1.6203 3.8948 7.3768
-1.5278 3.9000 7.3768
-0.4502 3.1746 7.3768
-0.6172 3.3587 7.3768
-0.6155 3.4188 7.3768
-1.2411 3.9698 7.3768
-0.5841 3.5191 7.3768
-0.5843 3.5827 7.3768
-0.6169 3.6740 7.3768
-0.6506 3.7680 7.3768
-0.6510 3.8356 7.3768
-0.7192 3.9633 7.3768
-0.7189 4.0334 7.3768
-2.7778 3.4303 7.8107
-2.7777 3.4920 7.8107
-2.9089 5.2477 7.8107
-2.9145 5.3678 7.8107
-2.8060 5.2774 7.8107
-2.7303 5.2449 7.8107
-1.9245 3.7770 7.8107
-1.8772 3.7650 7.8107
-1.8911 3.8774 7.8107
-1.9209 4.0273 7.8107
-2.0636 4.4255 7.8107
-1.7600 3.8619 7.8107
-1.6977 3.8131 7.8107
-1.6688 3.8379 7.8107
-1.6426 3.8698 7.8107
-1.5460 3.7325 7.8107
-1.5351 3.7996 7.8107
-1.5177 3.8529 7.8107
-1.5904 4.1432 7.8107
-1.8060 4.8304 7.8107
-1.7152 4.7126 7.8107
-1.7141 4.8405 7.8107
-1.7454 5.0689 7.8107
-1.6110 4.8146 7.8107
-1.5126 4.6554 7.8107
-1.4605 4.6322 7.8107
-1.4370 4.7002 7.8107
-1.4448 4.8775 7.8107
-1.3972 4.8726 7.8107
-1.2940 4.6659 7.8107
-1.2956 4.8354 7.8107
-1.2364 4.7807 7.8107
-1.1932 4.7855 7.8107
-1.1488 4.7850 7.8107
-1.1025 4.7754 7.8107
-1.0534 4.7516 7.8107
-0.8404 3.9537 7.8107
-0.7339 3.6071 7.8107
-0.7096 3.6507 7.8107
-0.9491 5.1208 7.8107
-0.6741 3.8230 7.8107
-0.8680 5.1869 7.8107
-0.8208 5.1824 7.8107
-0.7742 5.1805 7.8107
-0.7270 5.1732 7.8107
-0.4318 3.2797 7.8107
-0.4042 3.2923 7.8107
-0.4293 3.7676 7.8107
-0.5463 5.1974 7.8107
-0.4984 5.1761 7.8107
-0.4586 5.2420 7.8107
-0.4540 5.7692 7.8107
-1.7597 3.4991 7.8107
-1.8217 3.6069 7.8107
-1.8554 3.6986 7.8107
-1.6420 3.6284 7.8107
-2.4261 4.6366 7.8107
-0.4830 3.2576 7.8107
-2.1657 4.6083 7.8107
-2.1662 4.6926 7.8107
-2.0037 4.6483 7.8107
-1.9039 4.6513 7.8107
-1.9217 4.7496 7.8107
-2.3803 5.2194 7.8107
-1.7215 4.8345 7.8107
-2.0445 5.2062 7.8107
-1.5626 5.1269 7.8107
-1.4910 5.1481 7.8107
-1.4195 5.1685 7.8107
-0.5529 5.1434 7.8107
-0.5248 5.2949 7.8107
-0.5306 5.3973 7.8107
-2.7135 3.4114 8.2447
-2.6930 4.3945 8.2447
-2.6468 4.4050 8.2447
-2.5925 4.4012 8.2447
-2.5370 4.3942 8.2447
-2.4907 4.4023 8.2447
-2.4371 4.3967 8.2447
-2.3877 4.3976 8.2447
-2.3417 4.4041 8.2447
-2.2884 4.3960 8.2447
-2.2395 4.3953 8.2447
-2.1940 4.4004 8.2447
-2.1423 4.3924 8.2447
-2.0962 4.3947 8.2447
-2.0455 4.3865 8.2447
-2.0017 4.3924 8.2447
-1.9531 4.3868 8.2447
-1.9076 4.3872 8.2447
-1.8614 4.3853 8.2447
-1.8155 4.3829 8.2447
-1.7723 4.3865 8.2447
-1.7277 4.3860 8.2447
-1.6772 4.3692 8.2447
-1.6337 4.3696 8.2447
-1.5918 4.3733 8.2447
-1.5505 4.3786 8.2447
-1.5054 4.3721 8.2447
-1.4590 4.3604 8.2447
-1.4199 4.3701 8.2447
-1.3751 4.3613 8.2447
-1.3370 4.3732 8.2447
-1.2928 4.3645 8.2447
-1.2517 4.3651 8.2447
-1.2109 4.3662 8.2447
-1.1678 4.3583 8.2447
-1.1290 4.3654 8.2447
-1.0879 4.3634 8.2447
-1.0465 4.3591 8.2447
-0.9052 3.9209 8.2447
-0.7552 3.4063 8.2447
-0.9156 4.3078 8.2447
-0.8778 4.3146 8.2447
-0.7541 3.8794 8.2447
-0.7978 4.3047 8.2447
-0.7628 4.3263 8.2447
-0.4991 5.1830 8.2447
-0.4575 5.2290 8.2447
-0.4540 5.7682 8.2447
-2.6143 4.2720 8.2447
-2.5585 4.3159 8.2447
-1.0116 3.3344 8.2447
-2.3864 4.3598 8.2447
-2.2594 4.3506 8.2447
-2.1945 4.3843 8.2447
-2.0981 4.3940 8.2447
-1.9397 4.3553 8.2447
-1.8428 4.3606 8.2447
-1.7171 4.3416 8.2447
-1.6203 4.3433 8.2447
-0.9480 3.8772 8.2447
-1.4248 4.3400 8.2447
-1.3568 4.3607 8.2447
-0.8198 3.9798 8.2447
-1.1283 4.3188 8.2447
-1.0627 4.3375 8.2447
-2.9156 5.2600 8.6786
-2.8782 5.3010 8.6786
-2.7765 5.2218 8.6786
-2.7179 5.2209 8.6786
-2.6563 5.2133 8.6786
-2.6009 5.2166 8.6786
-2.5439 5.2157 8.6786
-2.4871 5.2142 8.6786
-2.4309 5.2131 8.6786
-2.3745 5.2104 8.6786
-2.3200 5.2109 8.6786
-2.2653 5.2098 8.6786
-2.2026 5.1889 8.6786
-2.1323 5.1479 8.6786
-2.0911 5.1755 8.6786
-2.0359 5.1685 8.6786
-1.9922 5.1898 8.6786
-1.9419 5.1938 8.6786
-1.8866 5.1833 8.6786
-1.8376 5.1892 8.6786
-1.7861 5.1871 8.6786
-1.7325 5.1778 8.6786
-1.6823 5.1776 8.6786
-1.6361 5.1892 8.6786
-1.5867 5.1899 8.6786
-1.5354 5.1834 8.6786
-1.4868 5.1850 8.6786
-1.4482 5.2219 8.6786
-1.3935 5.2005 8.6786
-1.3218 5.1109 8.6786
-1.2907 5.1765 8.6786
-1.2422 5.1740 8.6786
-1.2273 5.3162 8.6786
-1.1534 5.2027 8.6786
-1.0988 5.1695 8.6786
-1.0547 5.1838 8.6786
-1.0077 5.1840 8.6786
-0.9591 5.1749 8.6786
-0.9115 5.1693 8.6786
-0.8647 5.1672 8.6786
-0.8197 5.1755 8.6786
-0.7723 5.1676 8.6786
-0.7263 5.1682 8.6786
-0.6804 5.1684 8.6786
-0.6358 5.1781 8.6786
-0.5889 5.1686 8.6786
-0.5451 5.1864 8.6786
-0.5001 5.1940 8.6786
-0.4593 5.2499 8.6786
-0.4511 5.7313 8.6786
-2.9352 5.1988 8.6786
-2.7958 5.1845 8.6786
-2.6619 5.1719 8.6786
-2.5551 5.1787 8.6786
-2.4210 5.1611 8.6786
-2.3167 5.1661 8.6786
-2.1756 5.1378 8.6786
-2.0407 5.1120 8.6786
-1.9682 5.1386 8.6786
-1.8666 5.1383 8.6786
-1.7670 5.1379 8.6786
-1.6642 5.1327 8.6786
-1.5611 5.1255 8.6786
-1.3810 5.0418 8.6786
-1.3888 5.1384 8.6786
-1.2759 5.1159 8.6786
-1.1456 5.1627 8.6786
-1.0418 5.1444 8.6786
-0.9381 5.1239 8.6786
-0.8675 5.1373 8.6786
-0.7957 5.1485 8.6786
-0.7235 5.1581 8.6786
-0.6232 5.1343 8.6786
-0.5232 5.1999 8.6786
-2.9346 2.2518 9.1125
-2.8778 2.2484 9.1125
-2.9481 2.3450 9.1125
-2.9431 2.3832 9.1125
-2.9947 2.4686 9.1125
-2.9677 2.4902 9.1125
-2.9884 2.5523 9.1125
-3.0037 2.6111 9.1125
-2.9906 2.6458 9.1125
-2.9822 2.6852 9.1125
-2.9808 2.7314 9.1125
-2.9803 2.7791 9.1125
-2.9842 2.8319 9.1125
-2.9788 2.8766 9.1125
-2.9807 2.9291 9.1125
-2.9691 2.9691 9.1125
-2.9641 3.0163 9.1125
-2.9349 3.0392 9.1125
-2.9496 3.1082 9.1125
-2.9694 3.1843 9.1125
-2.9625 3.2330 9.1125
-2.9596 3.2869 9.1125
-2.9632 3.3493 9.1125
-2.9654 3.4113 9.1125
-2.9589 3.4644 9.1125
-2.9568 3.5238 9.1125
-2.9495 3.5780 9.1125
-2.9565 3.6510 9.1125
-2.9464 3.7041 9.1125
-2.9502 3.7761 9.1125
-2.9434 3.8359 9.1125
-2.8707 3.8095 9.1125
-2.9081 3.9301 9.1125
-2.9037 3.9965 9.1125
-2.8675 4.0201 9.1125
-2.8323 4.0450 9.1125
-2.9413 4.2797 9.1125
-2.9486 4.3715 9.1125
-2.9457 4.4504 9.1125
-2.9443 4.5339 9.1125
-2.9347 4.6066 9.1125
-2.8801 4.6091 9.1125
-2.8769 4.6946 9.1125
-2.8497 4.7427 9.1125
-2.8539 4.8449 9.1125
-2.8815 4.9909 9.1125
-2.9205 5.2687 9.1125
-2.9794 5.4873 9.1125
-2.8065 5.2783 9.1125
-2.7322 5.2484 9.1125
-2.3580 4.6279 9.1125
-2.3135 4.6402 9.1125
-2.2633 4.6405 9.1125
-2.2671 4.7530 9.1125
-2.2399 4.8034 9.1125
-2.0996 4.6071 9.1125
-2.2895 5.1423 9.1125
-2.1528 4.9512 9.1125
-2.1088 4.9680 9.1125
-2.1775 5.2569 9.1125
-1.9993 4.9484 9.1125
-1.9087 4.8456 9.1125
-1.9965 5.2010 9.1125
-0.8682 2.3220 9.1125
-0.8031 2.2064 9.1125
-0.7824 2.2096 9.1125
-0.7635 2.2172 9.1125
-0.7438 2.2229 9.1125
-0.7206 2.2179 9.1125
-0.7012 2.2241 9.1125
-0.6783 2.2186 9.1125
-0.6583 2.2225 9.1125
-0.6389 2.2282 9.1125
-0.6168 2.2241 9.1125
-0.5989 2.2352 9.1125
-0.5851 2.2626 9.1125
-0.5765 2.3122 9.1125
-0.5703 2.3755 9.1125
-0.5498 2.3814 9.1125
-0.5357 2.4163 9.1125
-0.5277 2.4825 9.1125
-0.5221 2.5664 9.1125
-0.5156 2.6524 9.1125
-0.5183 2.7964 9.1125
-0.5147 2.9190 9.1125
-0.5282 3.1561 9.1125
-0.5383 3.3986 9.1125
-0.5361 3.5872 9.1125
-0.5102 3.6303 9.1125
-0.5087 3.8637 9.1125
-0.5008 4.0784 9.1125
-0.4982 4.3727 9.1125
-0.4845 4.6096 9.1125
-0.4726 4.9083 9.1125
-0.4588 5.2440 9.1125
-0.4628 5.8798 9.1125
-2.7215 2.1954 9.1125
-2.5214 2.1904 9.1125
-2.4766 2.2368 9.1125
-2.9972 2.4885 9.1125
-2.9996 2.5572 9.1125
-3.0031 2.6268 9.1125
-3.0051 2.6963 9.1125
-3.0110 2.7680 9.1125
-3.0170 2.8403 9.1125
-3.0260 2.9145 9.1125
-1.1479 2.1688 9.1125
-1.0475 2.1760 9.1125
-0.9000 2.1601 9.1125
-0.8320 2.1786 9.1125
-0.7144 2.1724 9.1125
-1.1663 2.4417 9.1125
-1.1645 2.4951 9.1125
-1.1621 2.5487 9.1125
-1.2115 2.6297 9.1125
-1.2105 2.6854 9.1125
-1.2650 2.7718 9.1125
-1.3789 2.8929 9.1125
-2.9772 4.0156 9.1125
-2.9973 4.1899 9.1125
-2.9645 4.5038 9.1125
-2.9508 4.7549 9.1125
-2.9356 5.1058 9.1125
-2.9662 5.2226 9.1125
-2.9585 5.5053 9.1125
-2.7359 2.3367 9.5464
-2.6747 2.3251 9.5464
-2.6311 2.3278 9.5464
-2.5847 2.3272 9.5464
-2.5333 2.3213 9.5464
-2.4881 2.3202 9.5464
-2.4467 2.3218 9.5464
-2.4026 2.3202 9.5464
-2.3544 2.3137 9.5464
-2.3094 2.3094 9.5464
-2.2716 2.3116 9.5464
-2.2264 2.3055 9.5464
-2.1855 2.3031 9.5464
-2.1449 2.3001 9.5464
-2.1051 2.2974 9.5464
-2.0723 2.3015 9.5464
-2.0369 2.3023 9.5464
-2.0010 2.3019 9.5464
-1.9652 2.3010 9.5464
-1.9290 2.2989 9.5464
-1.8885 2.2910 9.5464
-1.8565 2.2926 9.5464
-1.8258 2.2954 9.5464
-1.7934 2.2955 9.5464
-1.7587 2.2920 9.5464
-1.7188 2.2809 9.5464
-1.6923 2.2870 9.5464
-1.6652 2.2919 9.5464
-1.6306 2.2860 9.5464
-1.6037 2.2903 9.5464
-1.5763 2.2935 9.5464
-1.5445 2.2898 9.5464
-1.5145 2.2882 9.5464
-1.4874 2.2904 9.5464
-1.4609 2.2932 9.5464
-1.4329 2.2931 9.5464
-1.4071 2.2962 9.5464
-1.3803 2.2972 9.5464
-1.3536 2.2980 9.5464
-1.3270 2.2984 9.5464
-1.3000 2.2977 9.5464
-1.2741 2.2985 9.5464
-1.2482 2.2990 9.5464
-1.2258 2.3054 9.5464
-1.1959 2.2974 9.5464
-1.1767 2.3095 9.5464
-1.1503 2.3071 9.5464
-1.1257 2.3081 9.5464
-1.0952 2.2962 9.5464
-1.0730 2.3011 9.5464
-1.0504 2.3049 9.5464
-1.0303 2.3140 9.5464
-1.0009 2.3018 9.5464
-0.9760 2.2994 9.5464
-0.9559 2.3079 9.5464
-0.9354 2.3152 9.5464
-0.9108 2.3121 9.5464
-0.8884 2.3143 9.5464
-0.8664 2.3173 9.5464
-0.8462 2.3248 9.5464
-0.8215 2.3198 9.5464
-0.8032 2.3326 9.5464
-0.7891 2.3585 9.5464
-0.7790 2.3976 9.5464
-0.7521 2.3852 9.5464
-0.7289 2.3841 9.5464
-0.7063 2.3846 9.5464
-0.6872 2.3964 9.5464
-0.6641 2.3946 9.5464
-0.6401 2.3887 9.5464
-0.6189 2.3933 9.5464
-0.5990 2.4025 9.5464
-0.5757 2.3979 9.5464
-0.5590 2.4213 9.5464
-0.5493 2.4778 9.5464
-0.5426 2.5530 9.5464
-0.5361 2.6350 9.5464
-0.5419 2.7878 9.5464
-0.5363 2.8937 9.5464
-0.5501 3.1199 9.5464
-0.5389 3.2202 9.5464
-0.5272 3.3285 9.5464
-0.5179 3.4655 9.5464
-0.5152 3.6660 9.5464
-0.4991 3.7913 9.5464
-0.4992 4.0655 9.5464
-0.4993 4.3826 9.5464
-0.4842 4.6066 9.5464
-0.4756 4.9392 9.5464
-0.4732 5.4083 9.5464
-0.4699 5.9705 9.5464
-2.4823 2.3011 9.5464
-2.3121 2.3002 9.5464
-2.1349 2.2936 9.5464
-1.9760 2.2910 9.5464
-1.8084 2.2821 9.5464
-1.6903 2.2907 9.5464
-1.5726 2.2975 9.5464
-1.4799 2.3131 9.5464
-1.3827 2.3253 9.5464
-1.2794 2.3331 9.5464
-1.1211 2.3134 9.5464
-2.9926 3.2590 9.5464
-1.0243 2.3725 9.5464
-0.9103 2.3684 9.5464
-0.8004 2.3644 9.5464
-0.7325 2.3803 9.5464
-0.6683 2.3971 9.5464
-2.9995 3.7912 9.5464
-2.9973 3.9475 9.5464
-2.9820 4.1805 9.5464
-2.9776 4.4274 9.5464
-2.9954 4.6105 9.5464
-2.9978 4.8773 9.5464
-2.9637 5.3156 9.5464
-3.0023 5.4426 9.5464
-2.9818 5.9301 9.5464
-2.7519 2.4778 9.9804
-2.6947 2.4693 9.9804
-2.6629 2.4832 9.9804
-2.6135 2.4801 9.9804
-2.5709 2.4827 9.9804
-2.5328 2.4889 9.9804
-2.4862 2.4862 9.9804
-2.4322 2.4750 9.9804
-2.3792 2.4637 9.9804
-2.3404 2.4663 9.9804
-2.2949 2.4610 9.9804
-2.2490 2.4544 9.9804
-2.2155 2.4606 9.9804
-2.1582 2.4393 9.9804
-2.1197 2.4385 9.9804
-2.0815 2.4371 9.9804
-2.0441 2.4360 9.9804
-2.0062 2.4337 9.9804
-1.9773 2.4418 9.9804
-1.9329 2.4300 9.9804
-1.9036 2.4365 9.9804
-1.8665 2.4324 9.9804
-1.8379 2.4390 9.9804
-1.8005 2.4333 9.9804
-1.7657 2.4303 9.9804
-1.7375 2.4358 9.9804
-1.7093 2.4411 9.9804
-1.6743 2.4361 9.9804
-1.6418 2.4341 9.9804
-1.6100 2.4324 9.9804
-1.5822 2.4363 9.9804
-1.5469 2.4281 9.9804
-1.5187 2.4305 9.9804
-1.4865 2.4258 9.9804
-1.4581 2.4266 9.9804
-1.4313 2.4298 9.9804
-1.3980 2.4214 9.9804
-1.3793 2.4379 9.9804
-1.3565 2.4472 9.9804
-1.3174 2.4264 9.9804
-1.2920 2.4299 9.9804
-1.2707 2.4411 9.9804
-1.2435 2.4405 9.9804
-1.2168 2.4405 9.9804
-1.1902 2.4402 9.9804
-1.1615 2.4352 9.9804
-1.1411 2.4470 9.9804
-1.1180 2.4533 9.9804
-1.0921 2.4529 9.9804
-1.0682 2.4568 9.9804
-1.0421 2.4550 9.9804
-1.0141 2.4483 9.9804
-0.9897 2.4496 9.9804
-0.9639 2.4470 9.9804
-0.9436 2.4581 9.9804
-0.9151 2.4475 9.9804
-0.8893 2.4432 9.9804
-0.8659 2.4452 9.9804
-0.8458 2.4565 9.9804
-0.8225 2.4581 9.9804
-0.8031 2.4718 9.9804
-0.7794 2.4720 9.9804
-0.7593 2.4835 9.9804
-0.7379 2.4910 9.9804
-0.7191 2.5079 9.9804
-0.6991 2.5209 9.9804
-0.6866 2.5626 9.9804
-0.6658 2.5743 9.9804
-0.6479 2.5985 9.9804
-0.6319 2.6322 9.9804
-0.6152 2.6649 9.9804
-0.5926 2.6731 9.9804
-0.5734 2.6977 9.9804
-0.5634 2.7693 9.9804
-0.5591 2.8762 9.9804
-0.5533 2.9852 9.9804
-0.5633 3.1947 9.9804
-0.5529 3.3041 9.9804
-0.5464 3.4500 9.9804
-0.5416 3.6238 9.9804
-0.5325 3.7888 9.9804
-0.5072 3.8528 9.9804
-0.5012 4.0823 9.9804
-0.4902 4.3022 9.9804
-0.4864 4.6275 9.9804
-0.4779 4.9630 9.9804
-0.4657 5.3227 9.9804
-0.4564 5.7991 9.9804
-2.6839 2.4392 9.9804
-2.4234 2.4043 9.9804
-2.2980 2.4178 9.9804
-1.9929 2.3567 9.9804
-1.8511 2.3573 9.9804
-1.7346 2.3663 9.9804
-1.5872 2.3598 9.9804
-1.4640 2.3615 9.9804
-1.3368 2.4140 9.9804
-1.2036 2.4057 9.9804
-1.1384 2.4281 9.9804
-1.0025 2.4144 9.9804
-0.9073 2.4189 9.9804
-0.8337 2.4330 9.9804
-2.9875 3.7070 9.9804
-2.9818 3.8596 9.9804
-2.9973 3.9475 9.9804
-3.0096 4.1157 9.9804
-2.9932 4.3532 9.9804
-2.9698 4.6802 9.9804
-2.9986 4.8779 9.9804
-2.9923 5.1485 9.9804
-2.9349 5.6848 9.9804
-2.9614 5.9124 9.9804
-2.7528 2.5670 10.4143
-2.6897 2.5524 10.4143
-2.6443 2.5536 10.4143
-2.5984 2.5534 10.4143
-2.5512 2.5512 10.4143
-2.5177 2.5620 10.4143
-2.4730 2.5608 10.4143
-2.4292 2.5598 10.4143
-2.3529 2.5232 10.4143
-2.2916 2.5008 10.4143
-2.2817 2.5341 10.4143
-2.2410 2.5330 10.4143
-2.2024 2.5336 10.4143
-2.1328 2.4972 10.4143
-2.0756 2.4736 10.4143
-2.0405 2.4754 10.4143
-2.0056 2.4768 10.4143
-1.9752 2.4832 10.4143
-1.9184 2.4554 10.4143
-1.8920 2.4657 10.4143
-1.8608 2.4694 10.4143
-1.8279 2.4703 10.4143
-1.8033 2.4821 10.4143
-1.7659 2.4757 10.4143
-1.7311 2.4722 10.4143
-1.6936 2.4641 10.4143
-1.6642 2.4672 10.4143
-1.6387 2.4758 10.4143
-1.6051 2.4716 10.4143
-1.5780 2.4770 10.4143
-1.5352 2.4568 10.4143
-1.5053 2.4565 10.4143
-1.4776 2.4592 10.4143
-1.4602 2.4789 10.4143
-1.4285 2.4742 10.4143
-1.4044 2.4823 10.4143
-1.3914 2.5102 10.4143
-1.3699 2.5231 10.4143
-1.3375 2.5155 10.4143
-1.3040 2.5049 10.4143
-1.2830 2.5180 10.4143
-1.2547 2.5166 10.4143
-1.2274 2.5166 10.4143
-1.2011 2.5182 10.4143
-1.1783 2.5268 10.4143
-1.1566 2.5379 10.4143
-1.1291 2.5360 10.4143
-1.1005 2.5311 10.4143
-1.0722 2.5259 10.4143
-1.0497 2.5342 10.4143
-1.0216 2.5284 10.4143
-0.9958 2.5279 10.4143
-0.9723 2.5328 10.4143
-0.9466 2.5318 10.4143
-0.9163 2.5174 10.4143
-0.8959 2.5300 10.4143
-0.8699 2.5264 10.4143
-0.8478 2.5339 10.4143
-0.8257 2.5412 10.4143
-0.8032 2.5474 10.4143
-0.7830 2.5610 10.4143
-0.7637 2.5783 10.4143
-0.7473 2.6060 10.4143
-0.7242 2.6114 10.4143
-0.7068 2.6379 10.4143
-0.6858 2.6518 10.4143
-0.6704 2.6887 10.4143
-0.6501 2.7081 10.4143
-0.6278 2.7195 10.4143
-0.6088 2.7463 10.4143
-0.5961 2.8043 10.4143
-0.5851 2.8761 10.4143
-0.5751 2.9586 10.4143
-0.5684 3.0668 10.4143
-0.5866 3.3267 10.4143
-0.5770 3.4481 10.4143
-0.5092 3.2149 10.4143
-0.4860 3.2519 10.4143
-0.5028 3.5778 10.4143
-0.5097 3.8716 10.4143
-0.5097 4.1508 10.4143
-0.5126 4.4989 10.4143
-0.4915 4.6762 10.4143
-0.4774 4.9581 10.4143
-0.4719 5.3944 10.4143
-0.4532 5.7582 10.4143
-2.6801 2.5028 10.4143
-2.5371 2.5120 10.4143
-2.3647 2.5069 10.4143
-2.1624 2.4863 10.4143
-2.0015 2.4796 10.4143
-1.8348 2.4675 10.4143
-1.7509 2.4892 10.4143
-1.6307 2.4931 10.4143
-1.5099 2.4947 10.4143
-1.4167 2.5073 10.4143
-1.2876 2.5009 10.4143
-1.1895 2.5076 10.4143
-1.0935 2.5137 10.4143
-0.9570 2.4971 10.4143
-0.8891 2.5145 10.4143
-2.9480 3.6856 10.4143
-2.9540 3.8439 10.4143
-2.9644 3.9285 10.4143
-2.9914 4.1863 10.4143
-2.9876 4.4339 10.4143
-2.9805 4.6876 10.4143
-2.9961 4.8762 10.4143
-2.9654 5.2220 10.4143
-2.9849 5.5267 10.4143
-2.6859 2.7332 10.8482
-2.6098 2.7026 10.8482
-2.5683 2.7064 10.8482
-2.5302 2.7133 10.8482
-2.4848 2.7117 10.8482
-2.4316 2.7006 10.8482
-2.3940 2.7060 10.8482
-2.3474 2.7004 10.8482
-2.3055 2.6994 10.8482
-2.2620 2.6957 10.8482
-2.2218 2.6953 10.8482
-2.1762 2.6874 10.8482
-2.1377 2.6875 10.8482
-2.0988 2.6863 10.8482
-2.0686 2.6958 10.8482
-2.0233 2.6850 10.8482
-1.9808 2.6768 10.8482
-1.9503 2.6843 10.8482
-1.9152 2.6850 10.8482
-1.8733 2.6754 10.8482
-1.8306 2.6636 10.8482
-1.8000 2.6687 10.8482
-1.7634 2.6643 10.8482
-1.7379 2.6762 10.8482
-1.7075 2.6803 10.8482
-1.6719 2.6756 10.8482
-1.6412 2.6781 10.8482
-1.6105 2.6804 10.8482
-1.5805 2.6831 10.8482
-1.5475 2.6803 10.8482
-1.5211 2.6885 10.8482
-1.4893 2.6868 10.8482
-1.4596 2.6883 10.8482
-1.4272 2.6842 10.8482
-1.3977 2.6850 10.8482
-1.3688 2.6864 10.8482
-1.3404 2.6884 10.8482
-1.3112 2.6883 10.8482
-1.2881 2.7005 10.8482
-1.2531 2.6872 10.8482
-1.2279 2.6944 10.8482
-1.2023 2.7004 10.8482
-1.1755 2.7035 10.8482
-1.1499 2.7090 10.8482
-1.1209 2.7060 10.8482
-1.0920 2.7027 10.8482
-1.0676 2.7103 10.8482
-1.0368 2.7008 10.8482
-1.0065 2.6920 10.8482
-0.9850 2.7063 10.8482
-0.9570 2.7026 10.8482
-0.9334 2.7108 10.8482
-0.9097 2.7188 10.8482
-0.8856 2.7257 10.8482
-0.8657 2.7458 10.8482
-0.8412 2.7513 10.8482
-0.8182 2.7624 10.8482
-0.7985 2.7848 10.8482
-0.7771 2.8022 10.8482
-0.7583 2.8302 10.8482
-0.7361 2.8464 10.8482
-0.7137 2.8624 10.8482
-0.6950 2.8947 10.8482
-0.6760 2.9280 10.8482
-0.6558 2.9582 10.8482
-0.6352 2.9882 10.8482
-0.6115 3.0054 10.8482
-0.6150 3.1638 10.8482
-0.5997 3.2359 10.8482
-0.5822 3.3021 10.8482
-0.5942 3.5506 10.8482
-0.5904 3.7275 10.8482
-0.5763 3.8562 10.8482
-0.5463 3.8868 10.8482
-0.5123 3.8914 10.8482
-0.5000 4.0724 10.8482
-0.5356 4.7006 10.8482
-0.5000 4.7568 10.8482
-0.4950 5.1412 10.8482
-0.4735 5.4123 10.8482
-2.5308 2.7701 10.8482
-2.4041 2.7800 10.8482
-2.2213 2.7623 10.8482
-2.1126 2.7758 10.8482
-1.9465 2.7600 10.8482
-1.8332 2.7670 10.8482
-1.7462 2.7852 10.8482
-1.6281 2.7861 10.8482
-1.5397 2.8005 10.8482
-1.4471 2.8112 10.8482
-1.3503 2.8181 10.8482
-1.2888 2.8429 10.8482
-1.1907 2.8462 10.8482
-1.1267 2.8675 10.8482
-1.0670 2.8904 10.8482
-0.9970 2.9064 10.8482
-2.9504 4.1612 10.8482
-2.9365 4.4007 10.8482
-0.7280 3.0235 10.8482
-0.6584 3.0342 10.8482
-2.9155 4.7303 10.8482
-2.9572 5.1220 10.8482
-2.9773 5.2311 10.8482
-2.9170 5.7710 10.8482
-2.8256 4.1891 11.2822
-2.8182 4.2578 11.2822
-2.7994 4.3108 11.2822
-2.7032 4.2431 11.2822
-2.5786 4.1266 11.2822
-2.5122 4.0995 11.2822
-2.3671 3.9395 11.2822
-2.3093 3.9204 11.2822
-2.2655 3.9240 11.2822
-2.2331 3.9471 11.2822
-2.1773 3.9279 11.2822
-2.1486 3.9573 11.2822
-2.0929 3.9362 11.2822
-2.0197 3.8798 11.2822
-1.9649 3.8563 11.2822
-1.9253 3.8616 11.2822
-1.8863 3.8675 11.2822
-1.8628 3.9055 11.2822
-1.8308 3.9261 11.2822
-1.7865 3.9201 11.2822
-1.7461 3.9219 11.2822
-1.7070 3.9259 11.2822
-1.6696 3.9333 11.2822
-1.6283 3.9311 11.2822
-1.5891 3.9331 11.2822
-1.5488 3.9319 11.2822
-1.5152 3.9472 11.2822
-1.4726 3.9387 11.2822
-1.4143 3.8856 11.2822
-1.3810 3.8997 11.2822
-1.3579 3.9438 11.2822
-1.3359 3.9924 11.2822
-1.3115 4.0363 11.2822
-1.2780 4.0533 11.2822
-1.2408 4.0586 11.2822
-1.1886 4.0127 11.2822
-1.1276 3.9325 11.2822
-1.1192 4.0357 11.2822
-0.8546 3.1895 11.2822
-0.8195 3.1687 11.2822
-0.7935 3.1826 11.2822
-0.7678 3.1981 11.2822
-0.7426 3.2164 11.2822
-0.7199 3.2472 11.2822
-0.8982 4.2256 11.2822
-0.8934 4.3910 11.2822
-0.8731 4.4919 11.2822
-0.8811 4.7540 11.2822
-0.8257 4.6828 11.2822
-0.7841 4.6858 11.2822
-0.6908 4.3616 11.2822
-0.6671 4.4634 11.2822
-0.7522 5.3524 11.2822
-0.7708 5.8545 11.2822
-2.0007 5.8407 11.2822
-1.8472 5.7873 11.2822
-1.7360 5.7741 11.2822
-1.6487 5.8859 11.2822
-1.5735 5.9078 11.2822
-1.4120 5.8329 11.2822
