-2.0014 3.3310 0.0000
-1.9500 3.3104 0.0000
-1.8820 3.2597 0.0000
-1.8303 3.2351 0.0000
-1.7793 3.2099 0.0000
-1.7416 3.2077 0.0000
-1.7051 3.2069 0.0000
-1.6669 3.2021 0.0000
-1.6344 3.2076 0.0000
-1.6001 3.2092 0.0000
-1.5720 3.2231 0.0000
-1.5391 3.2267 0.0000
-1.5126 3.2437 0.0000
-1.4842 3.2568 0.0000
-1.4573 3.2732 0.0000
-1.4327 3.2950 0.0000
-1.4051 3.3101 0.0000
-1.3865 3.3472 0.0000
-1.4029 3.4723 0.0000
-1.5177 3.8529 0.0000
-1.5765 4.1068 0.0000
-1.5938 4.2628 0.0000
-1.5463 4.2484 0.0000
-1.5215 4.2966 0.0000
-1.4794 4.2964 0.0000
-1.4656 4.3803 0.0000
-1.4379 4.4253 0.0000
-1.4525 4.7509 0.0000
-0.9648 3.8695 0.0000
-0.9107 3.7932 0.0000
-0.8787 3.8059 0.0000
-1.7444 4.2851 0.0000
-1.7454 4.3638 0.0000
-1.5853 4.3933 0.0000
-1.1177 4.0868 0.0000
-1.7399 4.6821 0.0000
-1.8732 4.9664 0.0000
-2.8392 2.4681 0.4482
-2.8340 2.5074 0.4482
-2.7853 2.5079 0.4482
-2.7633 2.5321 0.4482
-2.7002 2.5179 0.4482
-2.6389 2.5042 0.4482
-2.5652 2.4772 0.4482
-2.4415 2.3992 0.4482
-2.5109 2.5109 0.4482
-2.4672 2.5106 0.4482
-2.4431 2.5299 0.4482
-2.3748 2.5025 0.4482
-2.4828 2.7095 0.4482
-2.3594 2.6203 0.4482
-2.2728 2.5689 0.4482
-2.2057 2.5373 0.4482
-2.1497 2.5169 0.4482
-2.0923 2.4935 0.4482
-2.0463 2.4823 0.4482
-1.9981 2.4674 0.4482
-1.9572 2.4605 0.4482
-1.9166 2.4531 0.4482
-1.8786 2.4483 0.4482
-1.8464 2.4502 0.4482
-1.8059 2.4405 0.4482
-1.7710 2.4376 0.4482
-1.7357 2.4334 0.4482
-1.7075 2.4386 0.4482
-1.6766 2.4394 0.4482
-1.6451 2.4390 0.4482
-1.6166 2.4425 0.4482
-1.5887 2.4464 0.4482
-1.5609 2.4501 0.4482
-1.5325 2.4526 0.4482
-1.5001 2.4479 0.4482
-1.4776 2.4592 0.4482
-1.4505 2.4625 0.4482
-1.4220 2.4630 0.4482
-1.3990 2.4727 0.4482
-1.3323 2.4035 0.4482
-1.3026 2.3992 0.4482
-1.2845 2.4157 0.4482
-1.2947 2.4872 0.4482
-1.2798 2.5117 0.4482
-1.2592 2.5255 0.4482
-1.2318 2.5256 0.4482
-1.2106 2.5381 0.4482
-1.1461 2.4579 0.4482
-1.1242 2.4669 0.4482
-1.1340 2.5470 0.4482
-1.1253 2.5879 0.4482
-1.1030 2.5986 0.4482
-1.0799 2.6072 0.4482
-1.0568 2.6156 0.4482
-1.0383 2.6359 0.4482
-1.0196 2.6560 0.4482
-0.9963 2.6648 0.4482
-0.9744 2.6772 0.4482
-0.9534 2.6922 0.4482
-0.9363 2.7193 0.4482
-0.9164 2.7388 0.4482
-0.8965 2.7590 0.4482
-0.8717 2.7648 0.4482
-0.8581 2.8068 0.4482
-0.8330 2.8122 0.4482
-0.8145 2.8405 0.4482
-0.7924 2.8572 0.4482
-0.7734 2.8862 0.4482
-0.7504 2.9015 0.4482
-0.7316 2.9342 0.4482
-0.7118 2.9648 0.4482
-0.6904 2.9903 0.4482
-0.6684 3.0148 0.4482
-0.6481 3.0489 0.4482
-0.6268 3.0809 0.4482
-0.6091 3.1334 0.4482
-0.5881 3.1730 0.4482
-0.5711 3.2390 0.4482
-0.5882 3.5151 0.4482
-0.6589 4.1601 0.4482
-0.6427 4.3002 0.4482
-0.6040 4.2978 0.4482
-2.8422 2.4321 0.4482
-2.4572 2.3544 0.4482
-2.7053 2.5125 0.4482
-2.4720 2.4863 0.4482
-2.5622 2.5867 0.4482
-2.4849 2.6199 0.4482
-2.1304 2.5343 0.4482
-1.8082 2.4559 0.4482
-1.7262 2.4782 0.4482
-1.5715 2.4662 0.4482
-1.5190 2.4989 0.4482
-1.2641 2.4345 0.4482
-1.3541 2.5333 0.4482
-1.1412 2.4835 0.4482
-2.5780 3.6311 0.4482
-2.7456 4.5262 0.4482
-2.7519 4.7020 0.4482
-2.2998 5.0613 0.4482
-2.3113 5.1616 0.4482
-2.3315 5.2709 0.4482
-2.1848 5.2373 0.4482
-2.1262 5.2784 0.4482
-2.0576 5.3102 0.4482
-2.3303 5.6540 0.4482
-2.8362 2.4655 0.8965
-2.8363 2.5093 0.8965
-2.8017 2.5226 0.8965
-2.7449 2.5152 0.8965
-2.6994 2.5173 0.8965
-2.6505 2.5152 0.8965
-2.6112 2.5216 0.8965
-2.5634 2.5191 0.8965
-2.4791 2.4791 0.8965
-2.2548 2.2945 0.8965
-2.2368 2.3163 0.8965
-2.2323 2.3524 0.8965
-2.1749 2.3323 0.8965
-2.1531 2.3497 0.8965
-2.1319 2.3677 0.8965
-2.0647 2.3337 0.8965
-2.0456 2.3532 0.8965
-2.0672 2.4204 0.8965
-2.0460 2.4383 0.8965
-1.9954 2.4206 0.8965
-1.9528 2.4115 0.8965
-1.9186 2.4120 0.8965
-1.8845 2.4121 0.8965
-1.8452 2.4047 0.8965
-1.8085 2.3999 0.8965
-1.7732 2.3963 0.8965
-1.7481 2.4060 0.8965
-1.7090 2.3959 0.8965
-1.6771 2.3952 0.8965
-1.6499 2.4007 0.8965
-1.6217 2.4042 0.8965
-1.5879 2.3991 0.8965
-1.5577 2.3986 0.8965
-1.5329 2.4062 0.8965
-1.5055 2.4093 0.8965
-1.4781 2.4121 0.8965
-1.4565 2.4241 0.8965
-1.4297 2.4272 0.8965
-1.4045 2.4327 0.8965
-1.3803 2.4396 0.8965
-1.3478 2.4314 0.8965
-1.2716 2.3420 0.8965
-1.2544 2.3592 0.8965
-1.2814 2.4615 0.8965
-1.2625 2.4779 0.8965
-1.2404 2.4879 0.8965
-1.2200 2.5013 0.8965
-1.1951 2.5056 0.8965
-1.1698 2.5087 0.8965
-1.1499 2.5233 0.8965
-1.1315 2.5415 0.8965
-1.1041 2.5393 0.8965
-1.0862 2.5590 0.8965
-1.0639 2.5684 0.8965
-1.0459 2.5887 0.8965
-1.0233 2.5977 0.8965
-1.0006 2.6066 0.8965
-0.9816 2.6255 0.8965
-0.9624 2.6443 0.8965
-0.9393 2.6526 0.8965
-0.9201 2.6720 0.8965
-0.9002 2.6904 0.8965
-0.8801 2.7086 0.8965
-0.8603 2.7286 0.8965
-0.8397 2.7465 0.8965
-0.8217 2.7739 0.8965
-0.8002 2.7905 0.8965
-0.7822 2.8205 0.8965
-0.7604 2.8379 0.8965
-0.7399 2.8609 0.8965
-0.7217 2.8944 0.8965
-0.6987 2.9103 0.8965
-0.6798 2.9445 0.8965
-0.6575 2.9660 0.8965
-0.6383 3.0029 0.8965
-0.6162 3.0289 0.8965
-0.5957 3.0646 0.8965
-0.5768 3.1120 0.8965
-0.5564 3.1553 0.8965
-0.5349 3.1966 0.8965
-0.5153 3.2534 0.8965
-0.4966 3.3231 0.8965
-0.4782 3.4026 0.8965
-0.4579 3.4780 0.8965
-0.4513 3.6754 0.8965
-0.6270 5.5034 0.8965
-2.8422 2.4321 0.8965
-2.7973 2.4816 0.8965
-1.9435 2.2201 0.8965
-1.8458 2.2397 0.8965
-1.7648 2.2645 0.8965
-1.6931 2.2919 0.8965
-1.5606 2.3482 0.8965
-1.4650 2.3619 0.8965
-1.3186 2.3509 0.8965
-1.2571 2.3768 0.8965
-1.2731 2.4388 0.8965
-2.9450 3.3093 0.8965
-2.9919 3.4063 0.8965
-3.0011 3.4857 0.8965
-3.0219 3.5721 0.8965
-2.8437 2.4720 1.3447
-2.8468 2.5186 1.3447
-2.8009 2.5220 1.3447
-2.7493 2.5193 1.3447
-2.7082 2.5254 1.3447
-2.6578 2.5221 1.3447
-2.6047 2.5154 1.3447
-2.5670 2.5226 1.3447
-2.5336 2.5336 1.3447
-2.4819 2.5256 1.3447
-2.4174 2.5033 1.3447
-2.3769 2.5047 1.3447
-2.3945 2.5678 1.3447
-2.3227 2.5348 1.3447
-2.2530 2.5022 1.3447
-2.1906 2.4760 1.3447
-2.1381 2.4596 1.3447
-2.0880 2.4447 1.3447
-1.9631 2.3395 1.3447
-1.9311 2.3427 1.3447
-1.8609 2.2980 1.3447
-1.8358 2.3079 1.3447
-1.8279 2.3396 1.3447
-1.7934 2.3372 1.3447
-1.7669 2.3448 1.3447
-1.7291 2.3368 1.3447
-1.6911 2.3275 1.3447
-1.6626 2.3308 1.3447
-1.6364 2.3370 1.3447
-1.6063 2.3372 1.3447
-1.5713 2.3296 1.3447
-1.5493 2.3407 1.3447
-1.5179 2.3374 1.3447
-1.4942 2.3455 1.3447
-1.5002 2.4008 1.3447
-1.4787 2.4130 1.3447
-1.4359 2.3898 1.3447
-1.4176 2.4065 1.3447
-1.4000 2.4249 1.3447
-1.3236 2.3395 1.3447
-1.3032 2.3510 1.3447
-1.3179 2.4273 1.3447
-1.3056 2.4555 1.3447
-1.2832 2.4650 1.3447
-1.2621 2.4770 1.3447
-1.2351 2.4772 1.3447
-1.2156 2.4924 1.3447
-1.1912 2.4975 1.3447
-1.1702 2.5096 1.3447
-1.1508 2.5251 1.3447
-1.1271 2.5314 1.3447
-1.1045 2.5403 1.3447
-1.0874 2.5618 1.3447
-1.0646 2.5702 1.3447
-1.0418 2.5785 1.3447
-1.0233 2.5977 1.3447
-1.0045 2.6168 1.3447
-0.9816 2.6255 1.3447
-0.9628 2.6452 1.3447
-0.9393 2.6526 1.3447
-0.9197 2.6711 1.3447
-0.9002 2.6904 1.3447
-0.8779 2.7020 1.3447
-0.8600 2.7276 1.3447
-0.8394 2.7456 1.3447
-0.8214 2.7729 1.3447
-0.8002 2.7905 1.3447
-0.7787 2.8080 1.3447
-0.7602 2.8369 1.3447
-0.7399 2.8609 1.3447
-0.7187 2.8827 1.3447
-0.6989 2.9113 1.3447
-0.6809 2.9494 1.3447
-0.6575 2.9660 1.3447
-0.6385 3.0039 1.3447
-0.6162 3.0289 1.3447
-0.5982 3.0774 1.3447
-0.5768 3.1120 1.3447
-0.5541 3.1425 1.3447
-0.5344 3.1936 1.3447
-0.5156 3.2554 1.3447
-0.4955 3.3152 1.3447
-0.4767 3.3917 1.3447
-0.4589 3.4859 1.3447
-2.8422 2.4321 1.3447
-2.7738 2.4728 1.3447
-2.5644 2.4584 1.3447
-2.3752 2.4482 1.3447
-1.7815 2.2712 1.3447
-1.7199 2.3030 1.3447
-1.6637 2.3362 1.3447
-1.5633 2.3494 1.3447
-1.3243 2.2993 1.3447
-1.4032 2.3895 1.3447
-1.3151 2.4039 1.3447
-2.9357 3.2318 1.3447
-2.9774 3.3250 1.3447
-2.9866 3.4036 1.3447
-2.9994 3.4848 1.3447
-3.0175 3.5698 1.3447
-2.9775 3.8572 1.3447
-2.7253 5.8085 1.3447
-2.6536 5.8469 1.3447
-2.8483 2.4760 1.7930
-2.8490 2.5206 1.7930
-2.8232 2.5420 1.7930
-2.7493 2.5193 1.7930
-2.7016 2.5193 1.7930
-2.6505 2.5152 1.7930
-2.6126 2.5230 1.7930
-2.5606 2.5163 1.7930
-2.5215 2.5215 1.7930
-2.4693 2.5128 1.7930
-2.4132 2.4990 1.7930
-2.3728 2.5004 1.7930
-2.3918 2.5649 1.7930
-2.3139 2.5252 1.7930
-2.2449 2.4933 1.7930
-2.1866 2.4716 1.7930
-2.0023 2.3034 1.7930
-2.0821 2.4379 1.7930
-2.0434 2.4353 1.7930
-1.9954 2.4206 1.7930
-1.9616 2.4224 1.7930
-1.9136 2.4057 1.7930
-1.8802 2.4066 1.7930
-1.8056 2.3531 1.7930
-1.8012 2.3903 1.7930
-1.7678 2.3891 1.7930
-1.7381 2.3923 1.7930
-1.6660 2.3357 1.7930
-1.6754 2.3927 1.7930
-1.6488 2.3990 1.7930
-1.6200 2.4017 1.7930
-1.5162 2.2907 1.7930
-1.5566 2.3969 1.7930
-1.5324 2.4054 1.7930
-1.5113 2.4186 1.7930
-1.4839 2.4215 1.7930
-1.4565 2.4241 1.7930
-1.4292 2.4263 1.7930
-1.4010 2.4266 1.7930
-1.3231 2.3386 1.7930
-1.3017 2.3484 1.7930
-1.3241 2.4387 1.7930
-1.3117 2.4670 1.7930
-1.2837 2.4659 1.7930
-1.2571 2.4672 1.7930
-1.2360 2.4790 1.7930
-1.2152 2.4915 1.7930
-1.1912 2.4975 1.7930
-1.1723 2.5141 1.7930
-1.1454 2.5133 1.7930
-1.1295 2.5369 1.7930
-1.1041 2.5393 1.7930
-1.0870 2.5608 1.7930
-1.0639 2.5684 1.7930
-1.0459 2.5887 1.7930
-1.0225 2.5959 1.7930
-1.0027 2.6122 1.7930
-0.9816 2.6255 1.7930
-0.9624 2.6443 1.7930
-0.9393 2.6526 1.7930
-0.9188 2.6683 1.7930
-0.8999 2.6894 1.7930
-0.8776 2.7010 1.7930
-0.8600 2.7276 1.7930
-0.8394 2.7456 1.7930
-0.8211 2.7719 1.7930
-0.7999 2.7896 1.7930
-0.7817 2.8186 1.7930
-0.7602 2.8369 1.7930
-0.7381 2.8541 1.7930
-0.7185 2.8818 1.7930
-0.7017 2.9229 1.7930
-0.6798 2.9445 1.7930
-0.6588 2.9718 1.7930
-0.6383 3.0029 1.7930
-0.6162 3.0289 1.7930
-0.5959 3.0656 1.7930
-0.5768 3.1120 1.7930
-0.5564 3.1553 1.7930
-0.5343 3.1926 1.7930
-0.5156 3.2554 1.7930
-0.4965 3.3221 1.7930
-0.4783 3.4036 1.7930
-0.4615 3.5057 1.7930
-2.8422 2.4321 1.7930
-2.7973 2.4816 1.7930
-1.9622 2.2273 1.7930
-1.9025 2.2620 1.7930
-1.7815 2.2712 1.7930
-1.5601 2.2368 1.7930
-1.5578 2.2912 1.7930
-2.8050 2.8893 1.7930
-1.3288 2.3013 1.7930
-1.3395 2.3604 1.7930
-2.9292 3.1565 1.7930
-2.9339 3.2310 1.7930
-2.9747 3.3237 1.7930
-2.9866 3.4036 1.7930
-2.9976 3.4839 1.7930
-3.0148 3.5684 1.7930
-3.0157 3.7223 1.7930
-2.8566 2.4832 2.2412
-2.8528 2.5239 2.2412
-2.8031 2.5240 2.2412
-2.7478 2.5179 2.2412
-2.7053 2.5227 2.2412
-2.6592 2.5235 2.2412
-2.6062 2.5167 2.2412
-2.5691 2.5247 2.2412
-2.5215 2.5215 2.2412
-2.4854 2.5292 2.2412
-2.3973 2.4824 2.2412
-2.3838 2.5120 2.2412
-2.3972 2.5707 2.2412
-2.3200 2.5318 2.2412
-2.2449 2.4933 2.2412
-2.1860 2.4708 2.2412
-2.1374 2.4588 2.2412
-2.0815 2.4371 2.2412
-2.0351 2.4253 2.2412
-1.9966 2.4221 2.2412
-1.9540 2.4130 2.2412
-1.9130 2.4050 2.2412
-1.8747 2.3995 2.2412
-1.8354 2.3920 2.2412
-1.8085 2.3999 2.2412
-1.7708 2.3931 2.2412
-1.7381 2.3923 2.2412
-1.7044 2.3894 2.2412
-1.6777 2.3960 2.2412
-1.6431 2.3908 2.2412
-1.6110 2.3885 2.2412
-1.5857 2.3958 2.2412
-1.5620 2.4053 2.2412
-1.5281 2.3986 2.2412
-1.5066 2.4110 2.2412
-1.4787 2.4130 2.2412
-1.4503 2.4138 2.2412
-1.4302 2.4281 2.2412
-1.3800 2.3902 2.2412
-1.3202 2.3334 2.2412
-1.3032 2.3510 2.2412
-1.3327 2.4545 2.2412
-1.3061 2.4564 2.2412
-1.2818 2.4623 2.2412
-1.2635 2.4797 2.2412
-1.2369 2.4808 2.2412
-1.2134 2.4879 2.2412
-1.1947 2.5047 2.2412
-1.1732 2.5159 2.2412
-1.1508 2.5251 2.2412
-1.1275 2.5323 2.2412
-1.1045 2.5403 2.2412
-1.0862 2.5590 2.2412
-1.0639 2.5684 2.2412
-1.0418 2.5785 2.2412
-1.0233 2.5977 2.2412
-1.0031 2.6131 2.2412
-0.9820 2.6264 2.2412
-0.9628 2.6452 2.2412
-0.9393 2.6526 2.2412
-0.9201 2.6720 2.2412
-0.9002 2.6904 2.2412
-0.8764 2.6972 2.2412
-0.8585 2.7229 2.2412
-0.8397 2.7465 2.2412
-0.8217 2.7739 2.2412
-0.8002 2.7905 2.2412
-0.7787 2.8080 2.2412
-0.7604 2.8379 2.2412
-0.7414 2.8667 2.2412
-0.7202 2.8886 2.2412
-0.7015 2.9220 2.2412
-0.6809 2.9494 2.2412
-0.6573 2.9650 2.2412
-0.6385 3.0039 2.2412
-0.6186 3.0407 2.2412
-0.5980 3.0764 2.2412
-0.5764 3.1100 2.2412
-0.5558 3.1524 2.2412
-0.5349 3.1966 2.2412
-0.5162 3.2594 2.2412
-0.4990 3.3389 2.2412
-0.4782 3.4026 2.2412
-0.4639 3.5236 2.2412
-0.5207 4.2411 2.2412
-0.5047 4.4293 2.2412
-0.4734 4.5042 2.2412
-0.4912 5.1014 2.2412
-0.4805 5.4920 2.2412
-2.8647 2.4403 2.2412
-2.7748 2.4732 2.2412
-2.4010 2.3957 2.2412
-2.3947 2.4559 2.2412
-1.9401 2.3353 2.2412
-1.7744 2.3256 2.2412
-1.6554 2.3327 2.2412
-1.5642 2.3498 2.2412
-1.3270 2.3005 2.2412
-1.3468 2.3638 2.2412
-1.3423 2.4165 2.2412
-2.9646 3.2456 2.2412
-2.9711 3.3220 2.2412
-2.9839 3.4023 2.2412
-2.9940 3.4821 2.2412
-3.0086 3.5652 2.2412
-3.0183 3.7237 2.2412
-2.9096 4.3833 2.2412
-3.0283 4.7204 2.2412
-2.9654 5.2220 2.2412
-2.8558 2.4825 2.6895
-2.8490 2.5206 2.6895
-2.8262 2.5447 2.6895
-2.7471 2.5172 2.6895
-2.6980 2.5159 2.6895
-2.6512 2.5159 2.6895
-2.6069 2.5174 2.6895
-2.5570 2.5128 2.6895
-2.5230 2.5230 2.6895
-2.4742 2.5178 2.6895
-2.3973 2.4824 2.6895
-2.3975 2.5265 2.6895
-2.3911 2.5641 2.6895
-2.3065 2.5171 2.6895
-2.2456 2.4940 2.6895
-2.1860 2.4708 2.6895
-2.1296 2.4498 2.6895
-2.0808 2.4363 2.6895
-2.0383 2.4291 2.6895
-1.9947 2.4198 2.6895
-1.9540 2.4130 2.6895
-1.9117 2.4034 2.6895
-1.8772 2.4026 2.6895
-1.8354 2.3920 2.6895
-1.8012 2.3903 2.6895
-1.7678 2.3891 2.6895
-1.7375 2.3915 2.6895
-1.7044 2.3894 2.6895
-1.6708 2.3862 2.6895
-1.6431 2.3908 2.6895
-1.6099 2.3868 2.6895
-1.5819 2.3899 2.6895
-1.5549 2.3944 2.6895
-1.5270 2.3969 2.6895
-1.5066 2.4110 2.6895
-1.4787 2.4130 2.6895
-1.4514 2.4155 2.6895
-1.4236 2.4169 2.6895
-1.3610 2.3573 2.6895
-1.3217 2.3360 2.6895
-1.3114 2.3658 2.6895
-1.3275 2.4449 2.6895
-1.3056 2.4555 2.6895
-1.2846 2.4677 2.6895
-1.2635 2.4797 2.6895
-1.2369 2.4808 2.6895
-1.2165 2.4942 2.6895
-1.1985 2.5128 2.6895
-1.1732 2.5159 2.6895
-1.1499 2.5233 2.6895
-1.1324 2.5433 2.6895
-1.1097 2.5522 2.6895
-1.0870 2.5608 2.6895
-1.0639 2.5684 2.6895
-1.0459 2.5887 2.6895
-1.0233 2.5977 2.6895
-1.0049 2.6178 2.6895
-0.9820 2.6264 2.6895
-0.9631 2.6462 2.6895
-0.9413 2.6582 2.6895
-0.9201 2.6720 2.6895
-0.9002 2.6904 2.6895
-0.8801 2.7086 2.6895
-0.8600 2.7276 2.6895
-0.8394 2.7456 2.6895
-0.8214 2.7729 2.6895
-0.8002 2.7905 2.6895
-0.7822 2.8205 2.6895
-0.7602 2.8369 2.6895
-0.7399 2.8609 2.6895
-0.7217 2.8944 2.6895
-0.7015 2.9220 2.6895
-0.6807 2.9484 2.6895
-0.6597 2.9758 2.6895
-0.6393 3.0078 2.6895
-0.6180 3.0378 2.6895
-0.5976 3.0745 2.6895
-0.5760 3.1081 2.6895
-0.5571 3.1593 2.6895
-0.5369 3.2084 2.6895
-0.5180 3.2702 2.6895
-0.5003 3.3478 2.6895
-0.4806 3.4194 2.6895
-0.4651 3.5325 2.6895
-0.5318 4.3315 2.6895
-0.5050 4.4323 2.6895
-0.4826 4.5917 2.6895
-0.4761 4.9441 2.6895
-0.5106 5.8367 2.6895
-0.4691 5.9606 2.6895
-2.8647 2.4403 2.6895
-2.7514 2.4644 2.6895
-2.4010 2.3957 2.6895
-2.4692 2.4852 2.6895
-1.9401 2.3353 2.6895
-1.7744 2.3256 2.6895
-1.6582 2.3338 2.6895
-1.5642 2.3498 2.6895
-1.3279 2.3009 2.6895
-1.3495 2.3650 2.6895
-1.3414 2.4161 2.6895
-2.9637 3.2452 2.6895
-3.0097 3.3408 2.6895
-3.0215 3.4210 2.6895
-3.0368 3.5039 2.6895
-3.0069 3.7175 2.6895
-2.9130 4.3854 2.6895
-2.9813 4.6010 2.6895
-2.9953 4.8756 2.6895
-2.9923 5.1485 2.6895
-2.9192 5.8757 2.6895
-2.9063 2.4822 3.1377
-2.8588 2.4852 3.1377
-2.8468 2.5186 3.1377
-2.8046 2.5253 3.1377
-2.7412 2.5118 3.1377
-2.7038 2.5213 3.1377
-2.6563 2.5208 3.1377
-2.6098 2.5202 3.1377
-2.5663 2.5219 3.1377
-2.5194 2.5194 3.1377
-2.4910 2.5349 3.1377
-2.3889 2.4738 3.1377
-2.3920 2.5207 3.1377
-2.3870 2.5597 3.1377
-2.3139 2.5252 3.1377
-2.2429 2.4910 3.1377
-2.1827 2.4671 3.1377
-2.1374 2.4588 3.1377
-2.0795 2.4348 3.1377
-2.0306 2.4199 3.1377
-1.9884 2.4121 3.1377
-1.9540 2.4130 3.1377
-1.9117 2.4034 3.1377
-1.8704 2.3940 3.1377
-1.8354 2.3920 3.1377
-1.8018 2.3911 3.1377
-1.7583 2.3762 3.1377
-1.7351 2.3882 3.1377
-1.7055 2.3911 3.1377
-1.6708 2.3862 3.1377
-1.6431 2.3908 3.1377
-1.6071 2.3827 3.1377
-1.5830 2.3916 3.1377
-1.5549 2.3944 3.1377
-1.5270 2.3969 3.1377
-1.5002 2.4008 3.1377
-1.4724 2.4027 3.1377
-1.4503 2.4138 3.1377
-1.4231 2.4160 3.1377
-1.3505 2.3391 3.1377
-1.3212 2.3352 3.1377
-1.3201 2.3816 3.1377
-1.3275 2.4449 3.1377
-1.3061 2.4564 3.1377
-1.2846 2.4677 3.1377
-1.2625 2.4779 3.1377
-1.2364 2.4799 3.1377
-1.2169 2.4951 3.1377
-1.1951 2.5056 3.1377
-1.1723 2.5141 3.1377
-1.1499 2.5233 3.1377
-1.1324 2.5433 3.1377
-1.1089 2.5503 3.1377
-1.0870 2.5608 3.1377
-1.0685 2.5795 3.1377
-1.0459 2.5887 3.1377
-1.0233 2.5977 3.1377
-1.0045 2.6168 3.1377
-0.9862 2.6377 3.1377
-0.9628 2.6452 3.1377
-0.9393 2.6526 3.1377
-0.9243 2.6843 3.1377
-0.9002 2.6904 3.1377
-0.8801 2.7086 3.1377
-0.8600 2.7276 3.1377
-0.8397 2.7465 3.1377
-0.8251 2.7854 3.1377
-0.8002 2.7905 3.1377
-0.7825 2.8215 3.1377
-0.7604 2.8379 3.1377
-0.7411 2.8657 3.1377
-0.7202 2.8886 3.1377
-0.7017 2.9229 3.1377
-0.6809 2.9494 3.1377
-0.6610 2.9816 3.1377
-0.6395 3.0088 3.1377
-0.6184 3.0397 3.1377
-0.5978 3.0754 3.1377
-0.5779 3.1179 3.1377
-0.5572 3.1602 3.1377
-0.5362 3.2044 3.1377
-0.5197 3.2811 3.1377
-0.5011 3.3528 3.1377
-0.4806 3.4194 3.1377
-0.4662 3.5414 3.1377
-0.5390 4.3900 3.1377
-0.5068 4.4482 3.1377
-0.4989 4.7469 3.1377
-0.5132 5.3294 3.1377
-0.4715 5.3894 3.1377
-2.8647 2.4403 3.1377
-2.7289 2.4560 3.1377
-2.4010 2.3957 3.1377
-2.4692 2.4852 3.1377
-1.9122 2.3241 3.1377
-1.7449 2.3133 3.1377
-1.6250 2.3198 3.1377
-1.5679 2.3514 3.1377
-1.3179 2.2964 3.1377
-1.4087 2.3920 3.1377
-1.3432 2.4170 3.1377
-2.9628 3.2448 3.1377
-3.0079 3.3399 3.1377
-3.0206 3.4206 3.1377
-3.0332 3.5021 3.1377
-3.0320 3.6539 3.1377
-2.9138 4.3860 3.1377
-2.9797 4.5999 3.1377
-2.9655 5.0358 3.1377
-2.9867 5.1443 3.1377
-3.0008 5.4414 3.1377
-2.8949 2.4724 3.5860
-2.8641 2.4897 3.5860
-2.8528 2.5239 3.5860
-2.8210 2.5400 3.5860
-2.7405 2.5112 3.5860
-2.7082 2.5254 3.5860
-2.6679 2.5318 3.5860
-2.6285 2.5383 3.5860
-2.5634 2.5191 3.5860
-2.5237 2.5237 3.5860
-2.4805 2.5242 3.5860
-2.3813 2.4659 3.5860
-2.4037 2.5330 3.5860
-2.3788 2.5510 3.5860
-2.2990 2.5090 3.5860
-2.2389 2.4866 3.5860
-2.1794 2.4633 3.5860
-2.1302 2.4505 3.5860
-2.0782 2.4333 3.5860
-2.0306 2.4199 3.5860
-1.9890 2.4129 3.5860
-1.9440 2.4006 3.5860
-1.9068 2.3971 3.5860
-1.8747 2.3995 3.5860
-1.8324 2.3880 3.5860
-1.7928 2.3791 3.5860
-1.7648 2.3850 3.5860
-1.7310 2.3826 3.5860
-1.6962 2.3780 3.5860
-1.6703 2.3854 3.5860
-1.6414 2.3883 3.5860
-1.6088 2.3851 3.5860
-1.5819 2.3899 3.5860
-1.5544 2.3936 3.5860
-1.5270 2.3969 3.5860
-1.5002 2.4008 3.5860
-1.4719 2.4019 3.5860
-1.4514 2.4155 3.5860
-1.4236 2.4169 3.5860
-1.3440 2.3279 3.5860
-1.3207 2.3343 3.5860
-1.3255 2.3912 3.5860
-1.3275 2.4449 3.5860
-1.3061 2.4564 3.5860
-1.2850 2.4686 3.5860
-1.2607 2.4743 3.5860
-1.2373 2.4817 3.5860
-1.2174 2.4960 3.5860
-1.1947 2.5047 3.5860
-1.1711 2.5114 3.5860
-1.1499 2.5233 3.5860
-1.1328 2.5442 3.5860
-1.1089 2.5503 3.5860
-1.0862 2.5590 3.5860
-1.0639 2.5684 3.5860
-1.0459 2.5887 3.5860
-1.0255 2.6033 3.5860
-1.0052 2.6187 3.5860
-0.9820 2.6264 3.5860
-0.9631 2.6462 3.5860
-0.9437 2.6648 3.5860
-0.9197 2.6711 3.5860
-0.9002 2.6904 3.5860
-0.8801 2.7086 3.5860
-0.8606 2.7295 3.5860
-0.8397 2.7465 3.5860
-0.8217 2.7739 3.5860
-0.8038 2.8030 3.5860
-0.7822 2.8205 3.5860
-0.7620 2.8437 3.5860
-0.7414 2.8667 3.5860
-0.7214 2.8934 3.5860
-0.7015 2.9220 3.5860
-0.6809 2.9494 3.5860
-0.6597 2.9758 3.5860
-0.6408 3.0147 3.5860
-0.6208 3.0515 3.5860
-0.5976 3.0745 3.5860
-0.5782 3.1199 3.5860
-0.5583 3.1662 3.5860
-0.5389 3.2202 3.5860
-0.5203 3.2851 3.5860
-0.5017 3.3567 3.5860
-0.4829 3.4362 3.5860
-0.4690 3.5623 3.5860
-0.5404 4.4009 3.5860
-0.5070 4.4502 3.5860
-0.5184 4.9318 3.5860
-0.4885 5.0735 3.5860
-0.5011 5.7271 3.5860
-2.8647 2.4403 3.5860
-2.7514 2.4644 3.5860
-2.4019 2.3960 3.5860
-2.4682 2.4849 3.5860
-1.9132 2.3244 3.5860
-1.7744 2.3256 3.5860
-1.6600 2.3346 3.5860
-1.5321 2.3359 3.5860
-1.3215 2.2981 3.5860
-1.3550 2.3675 3.5860
-1.3450 2.4178 3.5860
-2.9610 3.2439 3.5860
-3.0043 3.3382 3.5860
-3.0170 3.4188 3.5860
-3.0323 3.5016 3.5860
-3.0249 3.6501 3.5860
-2.9088 4.3827 3.5860
-3.0120 4.5353 3.5860
-2.9638 5.0346 3.5860
-2.9851 5.1431 3.5860
-3.0031 5.4433 3.5860
-2.8964 2.4737 4.0342
-2.8709 2.4956 4.0342
-2.8513 2.5226 4.0342
-2.8061 2.5266 4.0342
-2.7641 2.5328 4.0342
-2.7243 2.5404 4.0342
-2.6599 2.5242 4.0342
-2.6126 2.5230 4.0342
-2.5620 2.5177 4.0342
-2.5244 2.5244 4.0342
-2.4889 2.5328 4.0342
-2.3820 2.4666 4.0342
-2.4037 2.5330 4.0342
-2.3822 2.5546 4.0342
-2.2997 2.5097 4.0342
-2.2382 2.4858 4.0342
-2.1741 2.4573 4.0342
-2.1256 2.4453 4.0342
-2.0308 2.3778 4.0342
-1.9258 2.2951 4.0342
-1.9140 2.3218 4.0342
-1.8836 2.3260 4.0342
-1.8433 2.3173 4.0342
-1.8107 2.3175 4.0342
-1.7733 2.3110 4.0342
-1.7429 2.3128 4.0342
-1.7101 2.3111 4.0342
-1.6805 2.3130 4.0342
-1.6509 2.3145 4.0342
-1.6278 2.3248 4.0342
-1.5927 2.3174 4.0342
-1.5646 2.3196 4.0342
-1.5338 2.3174 4.0342
-1.5375 2.3676 4.0342
-1.5249 2.3935 4.0342
-1.4960 2.3940 4.0342
-1.4714 2.4010 4.0342
-1.4462 2.4069 4.0342
-1.4247 2.4186 4.0342
-1.3455 2.3305 4.0342
-1.3202 2.3334 4.0342
-1.3381 2.4140 4.0342
-1.3284 2.4466 4.0342
-1.3065 2.4572 4.0342
-1.2823 2.4632 4.0342
-1.2648 2.4823 4.0342
-1.2373 2.4817 4.0342
-1.2174 2.4960 4.0342
-1.1938 2.5029 4.0342
-1.1736 2.5168 4.0342
-1.1520 2.5279 4.0342
-1.1303 2.5387 4.0342
-1.1073 2.5467 4.0342
-1.0870 2.5608 4.0342
-1.0646 2.5702 4.0342
-1.0459 2.5887 4.0342
-1.0233 2.5977 4.0342
-1.0052 2.6187 4.0342
-0.9841 2.6320 4.0342
-0.9624 2.6443 4.0342
-0.9437 2.6648 4.0342
-0.9201 2.6720 4.0342
-0.9002 2.6904 4.0342
-0.8804 2.7096 4.0342
-0.8600 2.7276 4.0342
-0.8458 2.7666 4.0342
-0.8214 2.7729 4.0342
-0.8021 2.7973 4.0342
-0.7822 2.8205 4.0342
-0.7635 2.8495 4.0342
-0.7409 2.8647 4.0342
-0.7214 2.8934 4.0342
-0.7008 2.9191 4.0342
-0.6807 2.9484 4.0342
-0.6623 2.9875 4.0342
-0.6404 3.0127 4.0342
-0.6206 3.0505 4.0342
-0.5997 3.0853 4.0342
-0.5799 3.1287 4.0342
-0.5590 3.1701 4.0342
-0.5382 3.2163 4.0342
-0.5203 3.2851 4.0342
-0.5033 3.3676 4.0342
-0.4835 3.4402 4.0342
-0.4720 3.5851 4.0342
-0.5418 4.4129 4.0342
-0.5075 4.4542 4.0342
-0.5183 4.9308 4.0342
-0.4937 5.1273 4.0342
-0.5072 5.7969 4.0342
-2.8647 2.4403 4.0342
-2.7289 2.4560 4.0342
-2.4001 2.3953 4.0342
-1.8728 2.2503 4.0342
-1.7342 2.2521 4.0342
-1.6072 2.2563 4.0342
-1.5551 2.2901 4.0342
-1.3882 2.2733 4.0342
-1.3261 2.3001 4.0342
-2.9201 3.0808 4.0342
-2.9546 3.1684 4.0342
-2.9953 3.2603 4.0342
-3.0034 3.3378 4.0342
-3.0161 3.4183 4.0342
-3.0288 3.4998 4.0342
-3.0232 3.6492 4.0342
-2.9088 4.3827 4.0342
-3.0045 4.5303 4.0342
-2.9994 4.8785 4.0342
-2.9907 5.1473 4.0342
-2.9199 5.8763 4.0342
-2.9017 2.4783 4.4824
-2.8770 2.5009 4.4824
-2.8520 2.5233 4.4824
-2.8143 2.5340 4.4824
-2.7412 2.5118 4.4824
-2.6994 2.5173 4.4824
-2.6556 2.5201 4.4824
-2.6126 2.5230 4.4824
-2.5648 2.5205 4.4824
-2.5159 2.5159 4.4824
-2.4805 2.5242 4.4824
-2.3827 2.4673 4.4824
-2.3851 2.5134 4.4824
-2.3740 2.5458 4.4824
-2.2882 2.4972 4.4824
-2.2289 2.4754 4.4824
-2.1648 2.4468 4.4824
-2.1164 2.4347 4.4824
-2.0685 2.4219 4.4824
-2.0274 2.4161 4.4824
-1.9750 2.3959 4.4824
-1.9396 2.3952 4.4824
-1.9012 2.3901 4.4824
-1.8716 2.3956 4.4824
-1.8293 2.3840 4.4824
-1.7952 2.3823 4.4824
-1.7589 2.3770 4.4824
-1.7310 2.3826 4.4824
-1.6980 2.3805 4.4824
-1.6714 2.3870 4.4824
-1.6312 2.3735 4.4824
-1.6110 2.3885 4.4824
-1.5785 2.3849 4.4824
-1.5517 2.3894 4.4824
-1.5270 2.3969 4.4824
-1.5002 2.4008 4.4824
-1.4734 2.4044 4.4824
-1.4452 2.4052 4.4824
-1.4231 2.4160 4.4824
-1.3430 2.3261 4.4824
-1.3182 2.3299 4.4824
-1.3439 2.4244 4.4824
-1.3284 2.4466 4.4824
-1.3065 2.4572 4.4824
-1.2800 2.4588 4.4824
-1.2598 2.4725 4.4824
-1.2373 2.4817 4.4824
-1.2178 2.4968 4.4824
-1.1947 2.5047 4.4824
-1.1715 2.5123 4.4824
-1.1512 2.5261 4.4824
-1.1307 2.5397 4.4824
-1.1089 2.5503 4.4824
-1.0862 2.5590 4.4824
-1.0639 2.5684 4.4824
-1.0485 2.5952 4.4824
-1.0277 2.6089 4.4824
-1.0045 2.6168 4.4824
-0.9862 2.6377 4.4824
-0.9645 2.6499 4.4824
-0.9433 2.6639 4.4824
-0.9240 2.6834 4.4824
-0.9002 2.6904 4.4824
-0.8838 2.7200 4.4824
-0.8615 2.7324 4.4824
-0.8423 2.7551 4.4824
-0.8214 2.7729 4.4824
-0.8032 2.8011 4.4824
-0.7854 2.8321 4.4824
-0.7635 2.8495 4.4824
-0.7409 2.8647 4.4824
-0.7243 2.9051 4.4824
-0.7013 2.9210 4.4824
-0.6816 2.9523 4.4824
-0.6619 2.9855 4.4824
-0.6427 3.0235 4.4824
-0.6200 3.0476 4.4824
-0.6005 3.0892 4.4824
-0.5793 3.1258 4.4824
-0.5590 3.1701 4.4824
-0.5402 3.2281 4.4824
-0.5225 3.2989 4.4824
-0.5037 3.3706 4.4824
-0.4846 3.4481 4.4824
-0.4743 3.6029 4.4824
-0.5427 4.4198 4.4824
-0.5052 4.4343 4.4824
-0.5512 5.2441 4.4824
-0.5441 5.6509 4.4824
-0.5168 5.9074 4.4824
-2.8647 2.4403 4.4824
-2.8197 2.4900 4.4824
-2.4010 2.3957 4.4824
-2.2728 2.4079 4.4824
-1.8863 2.3136 4.4824
-1.7772 2.3267 4.4824
-1.6241 2.3194 4.4824
-1.5312 2.3355 4.4824
-1.3270 2.3005 4.4824
-1.4123 2.3936 4.4824
-1.3450 2.4178 4.4824
-2.9917 3.2585 4.4824
-3.0034 3.3378 4.4824
-3.0152 3.4179 4.4824
-3.0279 3.4994 4.4824
-3.0223 3.6487 4.4824
-2.9054 4.3805 4.4824
-2.9987 4.5264 4.4824
-2.9542 5.0274 4.4824
-2.9843 5.1425 4.4824
-2.9865 5.5280 4.4824
-2.8865 2.4653 4.9307
-2.8785 2.5022 4.9307
-2.8490 2.5206 4.9307
-2.8017 2.5226 4.9307
-2.7427 2.5132 4.9307
-2.7024 2.5200 4.9307
-2.6549 2.5194 4.9307
-2.6083 2.5188 4.9307
-2.5620 2.5177 4.9307
-2.5116 2.5116 4.9307
-2.4854 2.5292 4.9307
-2.3778 2.4623 4.9307
-2.3996 2.5287 4.9307
-2.3713 2.5429 4.9307
-2.2889 2.4979 4.9307
-2.2208 2.4665 4.9307
-2.1688 2.4513 4.9307
-2.1125 2.4302 4.9307
-2.0646 2.4173 4.9307
-2.0229 2.4107 4.9307
-1.9776 2.3990 4.9307
-1.9440 2.4006 4.9307
-1.8980 2.3862 4.9307
-1.8642 2.3861 4.9307
-1.8220 2.3745 4.9307
-1.7952 2.3823 4.9307
-1.7589 2.3770 4.9307
-1.7246 2.3737 4.9307
-1.6916 2.3715 4.9307
-1.6720 2.3878 4.9307
-1.6324 2.3751 4.9307
-1.6043 2.3785 4.9307
-1.5763 2.3816 4.9307
-1.5555 2.3952 4.9307
-1.5216 2.3885 4.9307
-1.5007 2.4017 4.9307
-1.4729 2.4036 4.9307
-1.4519 2.4164 4.9307
-1.4191 2.4091 4.9307
-1.3390 2.3192 4.9307
-1.3212 2.3352 4.9307
-1.3521 2.4393 4.9307
-1.3275 2.4449 4.9307
-1.3065 2.4572 4.9307
-1.2781 2.4552 4.9307
-1.2635 2.4797 4.9307
-1.2373 2.4817 4.9307
-1.2147 2.4906 4.9307
-1.1929 2.5011 4.9307
-1.1728 2.5150 4.9307
-1.1491 2.5215 4.9307
-1.1279 2.5333 4.9307
-1.1089 2.5503 4.9307
-1.0917 2.5719 4.9307
-1.0639 2.5684 4.9307
-1.0459 2.5887 4.9307
-1.0233 2.5977 4.9307
-1.0092 2.6290 4.9307
-0.9816 2.6255 4.9307
-0.9624 2.6443 4.9307
-0.9413 2.6582 4.9307
-0.9236 2.6824 4.9307
-0.9024 2.6970 4.9307
-0.8801 2.7086 4.9307
-0.8618 2.7334 4.9307
-0.8455 2.7656 4.9307
-0.8248 2.7844 4.9307
-0.8032 2.8011 4.9307
-0.7817 2.8186 4.9307
-0.7633 2.8485 4.9307
-0.7439 2.8764 4.9307
-0.7214 2.8934 4.9307
-0.7013 2.9210 4.9307
-0.6832 2.9592 4.9307
-0.6621 2.9865 4.9307
-0.6427 3.0235 4.9307
-0.6214 3.0544 4.9307
-0.6037 3.1059 4.9307
-0.5817 3.1385 4.9307
-0.5604 3.1780 4.9307
-0.5417 3.2370 4.9307
-0.5223 3.2979 4.9307
-0.5057 3.3834 4.9307
-0.4864 3.4610 4.9307
-0.4739 3.5999 4.9307
-0.5434 4.4258 4.9307
-0.5073 4.4522 4.9307
-0.5168 4.9169 4.9307
-0.4977 5.1691 4.9307
-0.5086 5.8128 4.9307
-2.8647 2.4403 4.9307
-2.7963 2.4812 4.9307
-2.4019 2.3960 4.9307
-2.2728 2.4079 4.9307
-1.9160 2.3256 4.9307
-1.7458 2.3137 4.9307
-1.6241 2.3194 4.9307
-1.3872 2.2729 4.9307
-1.3197 2.2972 4.9307
-1.4123 2.3936 4.9307
-1.3459 2.4182 4.9307
-2.9926 3.2590 4.9307
-3.0007 3.3364 4.9307
-3.0116 3.4161 4.9307
-3.0270 3.4989 4.9307
-3.0476 3.5855 4.9307
-2.9257 4.3102 4.9307
-2.9373 4.4012 4.9307
-2.9929 4.5226 4.9307
-2.9994 4.8785 4.9307
-3.0081 5.0673 4.9307
-2.9859 5.4296 4.9307
-2.9915 5.8346 4.9307
-2.8850 2.4640 5.3789
-2.8785 2.5022 5.3789
-2.8505 2.5219 5.3789
-2.8061 2.5266 5.3789
-2.7427 2.5132 5.3789
-2.7002 2.5179 5.3789
-2.6520 2.5166 5.3789
-2.6112 2.5216 5.3789
-2.5549 2.5107 5.3789
-2.5131 2.5131 5.3789
-2.4833 2.5270 5.3789
-2.3723 2.4565 5.3789
-2.4147 2.5446 5.3789
-2.3556 2.5261 5.3789
-2.2869 2.4957 5.3789
-2.2242 2.4702 5.3789
-2.1628 2.4446 5.3789
-2.1125 2.4302 5.3789
-2.0652 2.4181 5.3789
-2.0229 2.4107 5.3789
-1.9731 2.3936 5.3789
-1.9320 2.3858 5.3789
-1.8937 2.3807 5.3789
-1.8630 2.3845 5.3789
-1.8214 2.3737 5.3789
-1.7892 2.3743 5.3789
-1.7565 2.3738 5.3789
-1.7246 2.3737 5.3789
-1.6910 2.3707 5.3789
-1.6651 2.3780 5.3789
-1.6284 2.3694 5.3789
-1.6043 2.3785 5.3789
-1.5763 2.3816 5.3789
-1.5490 2.3852 5.3789
-1.5216 2.3885 5.3789
-1.5007 2.4017 5.3789
-1.4729 2.4036 5.3789
-1.4462 2.4069 5.3789
-1.3912 2.3617 5.3789
-1.3435 2.3270 5.3789
-1.3222 2.3369 5.3789
-1.3487 2.4332 5.3789
-1.3275 2.4449 5.3789
-1.3061 2.4564 5.3789
-1.2846 2.4677 5.3789
-1.2598 2.4725 5.3789
-1.2378 2.4825 5.3789
-1.2187 2.4986 5.3789
-1.1917 2.4984 5.3789
-1.1728 2.5150 5.3789
-1.1495 2.5224 5.3789
-1.1319 2.5424 5.3789
-1.1097 2.5522 5.3789
-1.0862 2.5590 5.3789
-1.0639 2.5684 5.3789
-1.0459 2.5887 5.3789
-1.0233 2.5977 5.3789
-1.0049 2.6178 5.3789
-0.9816 2.6255 5.3789
-0.9618 2.6424 5.3789
-0.9433 2.6639 5.3789
-0.9240 2.6834 5.3789
-0.9037 2.7008 5.3789
-0.8838 2.7200 5.3789
-0.8636 2.7391 5.3789
-0.8455 2.7656 5.3789
-0.8248 2.7844 5.3789
-0.8032 2.8011 5.3789
-0.7849 2.8302 5.3789
-0.7633 2.8485 5.3789
-0.7439 2.8764 5.3789
-0.7241 2.9041 5.3789
-0.7041 2.9327 5.3789
-0.6834 2.9601 5.3789
-0.6619 2.9855 5.3789
-0.6429 3.0244 5.3789
-0.6226 3.0603 5.3789
-0.6003 3.0882 5.3789
-0.5817 3.1385 5.3789
-0.5604 3.1780 5.3789
-0.5417 3.2370 5.3789
-0.5241 3.3088 5.3789
-0.5054 3.3814 5.3789
-0.4870 3.4649 5.3789
-0.4752 3.6099 5.3789
-0.5409 4.4049 5.3789
-0.5070 4.4502 5.3789
-0.5232 4.9776 5.3789
-0.5025 5.2189 5.3789
-0.4979 5.6913 5.3789
-2.8647 2.4403 5.3789
-2.7738 2.4728 5.3789
-2.4019 2.3960 5.3789
-2.3212 2.4270 5.3789
-1.8872 2.3139 5.3789
-1.7495 2.3152 5.3789
-1.6287 2.3213 5.3789
-1.3882 2.2733 5.3789
-1.3873 2.3273 5.3789
-1.2840 2.3351 5.3789
-2.9519 3.1671 5.3789
-2.9908 3.2581 5.3789
-2.9989 3.3356 5.3789
-3.0243 3.4975 5.3789
-3.0405 3.5818 5.3789
-2.9675 4.1716 5.3789
-2.9356 4.4001 5.3789
-2.9815 4.8657 5.3789
-3.0097 5.0685 5.3789
-2.9991 5.8411 5.3789
-2.9124 5.8698 5.3789
-2.8705 2.4517 5.8272
-2.8747 2.4989 5.8272
-2.8528 2.5239 5.8272
-2.7972 2.5186 5.8272
-2.7427 2.5132 5.8272
-2.6943 2.5125 5.8272
-2.6483 2.5132 5.8272
-2.6047 2.5154 5.8272
-2.5606 2.5163 5.8272
-2.5060 2.5060 5.8272
-2.4069 2.4493 5.8272
-2.3639 2.4479 5.8272
-2.4216 2.5519 5.8272
-2.3495 2.5195 5.8272
-2.2801 2.4883 5.8272
-2.2182 2.4635 5.8272
-2.1648 2.4468 5.8272
-2.1145 2.4324 5.8272
-2.0555 2.4067 5.8272
-2.0164 2.4031 5.8272
-1.9750 2.3959 5.8272
-1.9339 2.3882 5.8272
-1.8993 2.3877 5.8272
-1.8562 2.3759 5.8272
-1.8214 2.3737 5.8272
-1.7892 2.3743 5.8272
-1.7589 2.3770 5.8272
-1.7251 2.3745 5.8272
-1.6916 2.3715 5.8272
-1.6634 2.3755 5.8272
-1.6312 2.3735 5.8272
-1.6054 2.3802 5.8272
-1.5758 2.3807 5.8272
-1.5484 2.3843 5.8272
-1.5206 2.3868 5.8272
-1.4970 2.3957 5.8272
-1.4698 2.3985 5.8272
-1.4483 2.4104 5.8272
-1.3764 2.3367 5.8272
-1.3390 2.3192 5.8272
-1.3305 2.3517 5.8272
-1.3492 2.4341 5.8272
-1.3275 2.4449 5.8272
-1.3065 2.4572 5.8272
-1.2790 2.4570 5.8272
-1.2589 2.4708 5.8272
-1.2378 2.4825 5.8272
-1.2152 2.4915 5.8272
-1.1917 2.4984 5.8272
-1.1707 2.5105 5.8272
-1.1512 2.5261 5.8272
-1.1275 2.5323 5.8272
-1.1053 2.5421 5.8272
-1.0870 2.5608 5.8272
-1.0639 2.5684 5.8272
-1.0459 2.5887 5.8272
-1.0233 2.5977 5.8272
-1.0052 2.6187 5.8272
-0.9816 2.6255 5.8272
-0.9624 2.6443 5.8272
-0.9433 2.6639 5.8272
-0.9240 2.6834 5.8272
-0.9040 2.7018 5.8272
-0.8819 2.7143 5.8272
-0.8597 2.7267 5.8272
-0.8455 2.7656 5.8272
-0.8245 2.7835 5.8272
-0.8032 2.8011 5.8272
-0.7841 2.8273 5.8272
-0.7656 2.8572 5.8272
-0.7436 2.8754 5.8272
-0.7243 2.9051 5.8272
-0.7036 2.9307 5.8272
-0.6832 2.9592 5.8272
-0.6645 2.9972 5.8272
-0.6427 3.0235 5.8272
-0.6220 3.0574 5.8272
-0.6031 3.1029 5.8272
-0.5813 3.1366 5.8272
-0.5612 3.1829 5.8272
-0.5414 3.2350 5.8272
-0.5255 3.3176 5.8272
-0.5080 3.3992 5.8272
-0.4868 3.4640 5.8272
-0.4848 3.6822 5.8272
-0.5428 4.4208 5.8272
-0.5057 4.4383 5.8272
-0.5660 5.3853 5.8272
-0.5023 5.2169 5.8272
-0.4935 5.6405 5.8272
-2.8647 2.4403 5.8272
-2.7504 2.4641 5.8272
-2.4019 2.3960 5.8272
-2.2980 2.4178 5.8272
-1.8622 2.3038 5.8272
-1.7190 2.3026 5.8272
-1.6287 2.3213 5.8272
-1.3900 2.2741 5.8272
-1.3928 2.3298 5.8272
-1.3677 2.3733 5.8272
-2.9836 3.1819 5.8272
-1.2181 2.4126 5.8272
-3.0376 3.3544 5.8272
-3.0234 3.4971 5.8272
-2.9919 4.0243 5.8272
-2.9381 4.4018 5.8272
-2.9170 5.1848 5.8272
-3.0118 5.3532 5.8272
-2.8842 2.4634 6.2754
-2.8777 2.5016 6.2754
-2.8423 2.5146 6.2754
-2.7875 2.5099 6.2754
-2.7405 2.5112 6.2754
-2.6914 2.5098 6.2754
-2.6425 2.5077 6.2754
-2.5990 2.5098 6.2754
-2.5534 2.5093 6.2754
-2.5095 2.5095 6.2754
-2.4798 2.5235 6.2754
-2.3368 2.4199 6.2754
-2.3824 2.5105 6.2754
-2.3461 2.5159 6.2754
-2.2747 2.4824 6.2754
-2.2128 2.4576 6.2754
-2.1522 2.4326 6.2754
-2.0075 2.3094 6.2754
-1.9769 2.3147 6.2754
-1.9444 2.3173 6.2754
-1.8974 2.3018 6.2754
-1.8634 2.3011 6.2754
-1.8265 2.2962 6.2754
-1.7947 2.2971 6.2754
-1.7630 2.2976 6.2754
-1.7242 2.2881 6.2754
-1.6976 2.2942 6.2754
-1.6693 2.2976 6.2754
-1.6370 2.2950 6.2754
-1.6106 2.3002 6.2754
-1.5814 2.3010 6.2754
-1.5574 2.3089 6.2754
-1.5239 2.3024 6.2754
-1.5239 2.3466 6.2754
-1.5136 2.3758 6.2754
-1.4949 2.3923 6.2754
-1.4687 2.3968 6.2754
-1.4112 2.3486 6.2754
-1.3638 2.3152 6.2754
-1.3405 2.3218 6.2754
-1.3556 2.3961 6.2754
-1.3487 2.4332 6.2754
-1.3270 2.4440 6.2754
-1.3009 2.4466 6.2754
-1.2814 2.4615 6.2754
-1.2548 2.4627 6.2754
-1.2333 2.4736 6.2754
-1.2152 2.4915 6.2754
-1.1917 2.4984 6.2754
-1.1664 2.5014 6.2754
-1.1475 2.5179 6.2754
-1.1291 2.5360 6.2754
-1.1057 2.5430 6.2754
-1.0874 2.5618 6.2754
-1.0646 2.5702 6.2754
-1.0418 2.5785 6.2754
-1.0255 2.6033 6.2754
-1.0052 2.6187 6.2754
-0.9820 2.6264 6.2754
-0.9628 2.6452 6.2754
-0.9427 2.6620 6.2754
-0.9197 2.6711 6.2754
-0.9034 2.6999 6.2754
-0.8816 2.7134 6.2754
-0.8630 2.7372 6.2754
-0.8455 2.7656 6.2754
-0.8239 2.7815 6.2754
-0.8032 2.8011 6.2754
-0.7849 2.8302 6.2754
-0.7630 2.8475 6.2754
-0.7439 2.8764 6.2754
-0.7241 2.9041 6.2754
-0.7055 2.9385 6.2754
-0.6832 2.9592 6.2754
-0.6643 2.9963 6.2754
-0.6422 3.0215 6.2754
-0.6222 3.0583 6.2754
-0.6012 3.0931 6.2754
-0.5813 3.1366 6.2754
-0.5607 3.1799 6.2754
-0.5435 3.2478 6.2754
-0.5250 3.3147 6.2754
-0.5062 3.3874 6.2754
-0.4898 3.4848 6.2754
-0.5143 3.9063 6.2754
-0.5409 4.4049 6.2754
-0.5040 4.4234 6.2754
-0.5496 5.2292 6.2754
-0.5014 5.2069 6.2754
-0.4866 5.5618 6.2754
-2.8638 2.4400 6.2754
-2.7279 2.4557 6.2754
-1.9837 2.2355 6.2754
-1.8737 2.2507 6.2754
-1.6999 2.2383 6.2754
-1.5305 2.2245 6.2754
-1.5578 2.2912 6.2754
-1.3918 2.2749 6.2754
-1.3928 2.3298 6.2754
-2.9465 3.0928 6.2754
-2.9818 3.1810 6.2754
-1.2045 2.4061 6.2754
-3.0358 3.3535 6.2754
-3.0492 3.4348 6.2754
-3.0671 3.5193 6.2754
-2.9947 3.9460 6.2754
-2.9381 4.4018 6.2754
-2.9963 5.1515 6.2754
-2.9740 5.5179 6.2754
-2.8888 2.4673 6.7237
-2.8913 2.5134 6.7237
-2.8528 2.5239 6.7237
-2.7823 2.5052 6.7237
-2.7390 2.5098 6.7237
-2.6892 2.5077 6.7237
-2.6411 2.5063 6.7237
-2.5882 2.4994 6.7237
-2.5442 2.5001 6.7237
-2.5152 2.5152 6.7237
-2.4833 2.5270 6.7237
-2.3716 2.4558 6.7237
-2.3521 2.4786 6.7237
-2.3324 2.5012 6.7237
-2.2646 2.4714 6.7237
-2.2028 2.4464 6.7237
-2.1436 2.4229 6.7237
-2.0915 2.4060 6.7237
-2.0523 2.4029 6.7237
-2.0029 2.3870 6.7237
-1.9629 2.3812 6.7237
-1.9326 2.3866 6.7237
-1.8912 2.3776 6.7237
-1.8575 2.3774 6.7237
-1.8159 2.3666 6.7237
-1.7820 2.3648 6.7237
-1.7565 2.3738 6.7237
-1.7175 2.3639 6.7237
-1.6916 2.3715 6.7237
-1.6634 2.3755 6.7237
-1.6312 2.3735 6.7237
-1.6038 2.3777 6.7237
-1.5697 2.3716 6.7237
-1.5413 2.3734 6.7237
-1.5216 2.3885 6.7237
-1.4880 2.3813 6.7237
-1.4672 2.3942 6.7237
-1.4380 2.3932 6.7237
-1.3627 2.3135 6.7237
-1.3410 2.3227 6.7237
-1.3645 2.4118 6.7237
-1.3492 2.4341 6.7237
-1.3270 2.4440 6.7237
-1.3004 2.4458 6.7237
-1.2800 2.4588 6.7237
-1.2557 2.4645 6.7237
-1.2373 2.4817 6.7237
-1.2130 2.4870 6.7237
-1.1882 2.4911 6.7237
-1.1677 2.5041 6.7237
-1.1499 2.5233 6.7237
-1.1271 2.5314 6.7237
-1.1045 2.5403 6.7237
-1.0862 2.5590 6.7237
-1.0681 2.5785 6.7237
-1.0407 2.5757 6.7237
-1.0225 2.5959 6.7237
-1.0045 2.6168 6.7237
-0.9855 2.6358 6.7237
-0.9628 2.6452 6.7237
-0.9427 2.6620 6.7237
-0.9194 2.6701 6.7237
-0.9034 2.6999 6.7237
-0.8838 2.7200 6.7237
-0.8618 2.7334 6.7237
-0.8438 2.7599 6.7237
-0.8245 2.7835 6.7237
-0.8032 2.8011 6.7237
-0.7849 2.8302 6.7237
-0.7633 2.8485 6.7237
-0.7439 2.8764 6.7237
-0.7241 2.9041 6.7237
-0.7031 2.9288 6.7237
-0.6823 2.9553 6.7237
-0.6651 3.0002 6.7237
-0.6449 3.0342 6.7237
-0.6218 3.0564 6.7237
-0.6030 3.1019 6.7237
-0.5833 3.1474 6.7237
-0.5616 3.1849 6.7237
-0.5437 3.2488 6.7237
-0.5267 3.3255 6.7237
-0.5080 3.3992 6.7237
-0.4931 3.5085 6.7237
-0.5637 4.2821 6.7237
-0.5385 4.3861 6.7237
-0.5028 4.4134 6.7237
-0.5503 5.2362 6.7237
-0.5040 5.2338 6.7237
-0.4879 5.5767 6.7237
-2.8873 2.4485 6.7237
-2.7514 2.4644 6.7237
-2.3814 2.3882 6.7237
-2.0756 2.3302 6.7237
-1.7593 2.2622 6.7237
-1.7051 2.2969 6.7237
-1.5818 2.3014 6.7237
-1.3937 2.2757 6.7237
-1.4385 2.3501 6.7237
-1.3704 2.3745 6.7237
-2.9809 3.1806 6.7237
-1.2055 2.4066 6.7237
-3.0349 3.3531 6.7237
-3.0501 3.4353 6.7237
-3.0671 3.5193 6.7237
-3.0336 3.8101 6.7237
-2.9712 4.3392 6.7237
-3.0103 4.4486 6.7237
-2.9971 5.1521 6.7237
-2.9740 5.5179 6.7237
-2.8964 2.4737 7.1719
-2.8822 2.5055 7.1719
-2.8483 2.5199 7.1719
-2.7786 2.5019 7.1719
-2.7316 2.5031 7.1719
-2.6892 2.5077 7.1719
-2.6367 2.5022 7.1719
-2.5968 2.5077 7.1719
-2.5463 2.5022 7.1719
-2.5131 2.5131 7.1719
-2.4973 2.5413 7.1719
-2.4202 2.5062 7.1719
-2.3941 2.5229 7.1719
-2.3249 2.4932 7.1719
-2.2585 2.4647 7.1719
-2.1947 2.4375 7.1719
-2.1442 2.4236 7.1719
-2.0961 2.4113 7.1719
-2.0458 2.3953 7.1719
-2.0036 2.3878 7.1719
-1.9706 2.3905 7.1719
-1.9270 2.3796 7.1719
-1.8887 2.3744 7.1719
-1.8562 2.3759 7.1719
-1.8196 2.3713 7.1719
-1.7796 2.3616 7.1719
-1.7470 2.3609 7.1719
-1.7187 2.3656 7.1719
-1.6916 2.3715 7.1719
-1.6525 2.3600 7.1719
-1.6284 2.3694 7.1719
-1.5971 2.3677 7.1719
-1.5697 2.3716 7.1719
-1.5419 2.3743 7.1719
-1.5152 2.3784 7.1719
-1.4912 2.3864 7.1719
-1.4734 2.4044 7.1719
-1.4334 2.3855 7.1719
-1.3612 2.3109 7.1719
-1.3420 2.3244 7.1719
-1.3684 2.4187 7.1719
-1.3492 2.4341 7.1719
-1.3217 2.4343 7.1719
-1.3014 2.4475 7.1719
-1.2818 2.4623 7.1719
-1.2571 2.4672 7.1719
-1.2337 2.4745 7.1719
-1.2134 2.4879 7.1719
-1.1947 2.5047 7.1719
-1.1694 2.5078 7.1719
-1.1479 2.5188 7.1719
-1.1258 2.5287 7.1719
-1.1057 2.5430 7.1719
-1.0831 2.5516 7.1719
-1.0646 2.5702 7.1719
-1.0410 2.5766 7.1719
-1.0255 2.6033 7.1719
-1.0052 2.6187 7.1719
-0.9816 2.6255 7.1719
-0.9628 2.6452 7.1719
-0.9427 2.6620 7.1719
-0.9194 2.6701 7.1719
-0.8999 2.6894 7.1719
-0.8801 2.7086 7.1719
-0.8612 2.7314 7.1719
-0.8455 2.7656 7.1719
-0.8245 2.7835 7.1719
-0.8032 2.8011 7.1719
-0.7846 2.8292 7.1719
-0.7658 2.8582 7.1719
-0.7434 2.8744 7.1719
-0.7238 2.9031 7.1719
-0.7050 2.9366 7.1719
-0.6825 2.9562 7.1719
-0.6636 2.9933 7.1719
-0.6416 3.0186 7.1719
-0.6242 3.0681 7.1719
-0.6028 3.1010 7.1719
-0.5828 3.1444 7.1719
-0.5621 3.1878 7.1719
-0.5447 3.2547 7.1719
-0.5272 3.3285 7.1719
-0.5080 3.3992 7.1719
-0.4953 3.5244 7.1719
-0.7307 5.5501 7.1719
-0.5550 5.2809 7.1719
-0.5064 5.2597 7.1719
-0.5054 5.7769 7.1719
-2.9084 2.3897 7.1719
-2.8638 2.4400 7.1719
-2.7289 2.4560 7.1719
-2.5420 2.4498 7.1719
-2.0756 2.3302 7.1719
-1.8334 2.2922 7.1719
-1.7190 2.3026 7.1719
-1.6324 2.3229 7.1719
-1.3964 2.2769 7.1719
-1.4403 2.3509 7.1719
-1.3704 2.3745 7.1719
-1.2417 2.3696 7.1719
-3.0224 3.2732 7.1719
-3.0331 3.3522 7.1719
-3.0465 3.4335 7.1719
-3.0644 3.5180 7.1719
-3.0647 3.6713 7.1719
-2.9987 5.1533 7.1719
-2.9748 5.5185 7.1719
-2.8971 2.4744 7.6201
-2.8860 2.5088 7.6201
-2.8460 2.5180 7.6201
-2.7697 2.4938 7.6201
-2.7323 2.5037 7.6201
-2.6826 2.5016 7.6201
-2.6433 2.5084 7.6201
-2.5831 2.4945 7.6201
-2.5463 2.5022 7.6201
-2.5131 2.5131 7.6201
-2.4742 2.5178 7.6201
-2.4306 2.5170 7.6201
-2.3934 2.5221 7.6201
-2.3106 2.4778 7.6201
-2.2585 2.4647 7.6201
-2.1894 2.4316 7.6201
-2.1356 2.4139 7.6201
-2.0863 2.4000 7.6201
-2.0438 2.3930 7.6201
-1.9997 2.3832 7.6201
-1.9598 2.3774 7.6201
-1.9213 2.3726 7.6201
-1.8900 2.3760 7.6201
-1.8488 2.3664 7.6201
-1.8080 2.3563 7.6201
-1.7784 2.3600 7.6201
-1.7512 2.3666 7.6201
-1.7181 2.3648 7.6201
-1.6840 2.3609 7.6201
-1.6444 2.3485 7.6201
-1.6245 2.3636 7.6201
-1.5971 2.3677 7.6201
-1.5692 2.3707 7.6201
-1.5419 2.3743 7.6201
-1.5211 2.3876 7.6201
-1.4938 2.3906 7.6201
-1.4667 2.3934 7.6201
-1.4112 2.3486 7.6201
-1.3622 2.3126 7.6201
-1.3430 2.3261 7.6201
-1.3670 2.4161 7.6201
-1.3420 2.4209 7.6201
-1.3227 2.4361 7.6201
-1.2990 2.4431 7.6201
-1.2758 2.4508 7.6201
-1.2544 2.4619 7.6201
-1.2351 2.4772 7.6201
-1.2095 2.4798 7.6201
-1.1917 2.4984 7.6201
-1.1664 2.5014 7.6201
-1.1479 2.5188 7.6201
-1.1250 2.5269 7.6201
-1.1037 2.5384 7.6201
-1.0827 2.5507 7.6201
-1.0639 2.5684 7.6201
-1.0414 2.5776 7.6201
-1.0225 2.5959 7.6201
-1.0002 2.6056 7.6201
-0.9813 2.6246 7.6201
-0.9624 2.6443 7.6201
-0.9410 2.6573 7.6201
-0.9197 2.6711 7.6201
-0.9018 2.6951 7.6201
-0.8798 2.7077 7.6201
-0.8597 2.7267 7.6201
-0.8420 2.7542 7.6201
-0.8245 2.7835 7.6201
-0.8032 2.8011 7.6201
-0.7817 2.8186 7.6201
-0.7627 2.8466 7.6201
-0.7439 2.8764 7.6201
-0.7212 2.8925 7.6201
-0.7022 2.9249 7.6201
-0.6830 2.9582 7.6201
-0.6636 2.9933 7.6201
-0.6422 3.0215 7.6201
-0.6216 3.0554 7.6201
-0.6028 3.1010 7.6201
-0.5824 3.1425 7.6201
-0.5621 3.1878 7.6201
-0.5453 3.2587 7.6201
-0.5281 3.3344 7.6201
-0.5092 3.4072 7.6201
-0.4996 3.5551 7.6201
-0.5519 5.2511 7.6201
-0.5086 5.2816 7.6201
-2.9084 2.3897 7.6201
-2.9089 2.4564 7.6201
-2.7514 2.4644 7.6201
-2.5177 2.4405 7.6201
-2.0756 2.3302 7.6201
-1.8334 2.2922 7.6201
-1.7190 2.3026 7.6201
-1.5965 2.3077 7.6201
-1.3937 2.2757 7.6201
-1.4403 2.3509 7.6201
-1.2849 2.3356 7.6201
-2.9791 3.1798 7.6201
-3.0224 3.2732 7.6201
-3.0304 3.3509 7.6201
-3.0447 3.4326 7.6201
-3.0608 3.5162 7.6201
-3.0611 3.6694 7.6201
-2.9979 5.1527 7.6201
-2.9787 5.5217 7.6201
-2.9692 2.4914 8.0684
-2.9063 2.4822 8.0684
-2.8785 2.5022 8.0684
-2.8311 2.5047 8.0684
-2.7667 2.4912 8.0684
-2.7235 2.4956 8.0684
-2.6797 2.4988 8.0684
-2.6338 2.4994 8.0684
-2.5867 2.4980 8.0684
-2.5456 2.5015 8.0684
-2.5116 2.5116 8.0684
-2.4770 2.5206 8.0684
-2.4320 2.5184 8.0684
-2.3865 2.5149 8.0684
-2.3072 2.4742 8.0684
-2.2463 2.4514 8.0684
-2.1820 2.4234 8.0684
-2.1336 2.4116 8.0684
-2.0843 2.3977 8.0684
-2.0373 2.3854 8.0684
-1.9946 2.3770 8.0684
-1.9598 2.3774 8.0684
-1.9169 2.3672 8.0684
-1.8800 2.3635 8.0684
-1.8408 2.3562 8.0684
-1.8147 2.3650 8.0684
-1.7784 2.3600 8.0684
-1.7446 2.3577 8.0684
-1.7110 2.3550 8.0684
-1.6840 2.3609 8.0684
-1.6519 2.3592 8.0684
-1.6239 2.3628 8.0684
-1.5931 2.3619 8.0684
-1.5697 2.3716 8.0684
-1.5419 2.3743 8.0684
-1.5146 2.3775 8.0684
-1.4880 2.3813 8.0684
-1.4667 2.3934 8.0684
-1.3901 2.3135 8.0684
-1.3582 2.3057 8.0684
-1.3440 2.3279 8.0684
-1.3699 2.4213 8.0684
-1.3429 2.4227 8.0684
-1.3213 2.4334 8.0684
-1.2957 2.4369 8.0684
-1.2744 2.4481 8.0684
-1.2539 2.4610 8.0684
-1.2342 2.4754 8.0684
-1.2086 2.4780 8.0684
-1.1891 2.4929 8.0684
-1.1664 2.5014 8.0684
-1.1450 2.5124 8.0684
-1.1222 2.5205 8.0684
-1.1049 2.5412 8.0684
-1.0827 2.5507 8.0684
-1.0597 2.5582 8.0684
-1.0418 2.5785 8.0684
-1.0225 2.5959 8.0684
-1.0002 2.6056 8.0684
-0.9816 2.6255 8.0684
-0.9583 2.6330 8.0684
-0.9413 2.6582 8.0684
-0.9197 2.6711 8.0684
-0.9002 2.6904 8.0684
-0.8801 2.7086 8.0684
-0.8600 2.7276 8.0684
-0.8397 2.7465 8.0684
-0.8217 2.7739 8.0684
-0.8002 2.7905 8.0684
-0.7822 2.8205 8.0684
-0.7633 2.8485 8.0684
-0.7409 2.8647 8.0684
-0.7214 2.8934 8.0684
-0.7013 2.9210 8.0684
-0.6832 2.9592 8.0684
-0.6617 2.9845 8.0684
-0.6395 3.0088 8.0684
-0.6216 3.0554 8.0684
-0.6022 3.0980 8.0684
-0.5821 3.1405 8.0684
-0.5618 3.1859 8.0684
-0.5456 3.2607 8.0684
-0.5292 3.3413 8.0684
-0.5104 3.4151 8.0684
-0.5042 3.5877 8.0684
-0.5503 5.2362 8.0684
-0.5103 5.2995 8.0684
-2.9084 2.3897 8.0684
-2.8638 2.4400 8.0684
-2.6830 2.4388 8.0684
-2.5420 2.4498 8.0684
-2.0514 2.3207 8.0684
-1.7926 2.2757 8.0684
-1.6922 2.2915 8.0684
-1.5983 2.3084 8.0684
-1.3964 2.2769 8.0684
-1.3288 2.3013 8.0684
-1.3786 2.3783 8.0684
-3.0108 3.1946 8.0684
-3.0196 3.2719 8.0684
-3.0277 3.3496 8.0684
-3.0412 3.4308 8.0684
-3.0564 3.5139 8.0684
-3.0664 3.6722 8.0684
-3.0130 4.7985 8.0684
-2.8773 4.7914 8.0684
-2.9598 5.2177 8.0684
-2.9603 5.6058 8.0684
-2.9064 2.4387 8.5166
-2.9146 2.4893 8.5166
-2.8792 2.5029 8.5166
-2.8161 2.4915 8.5166
-2.7608 2.4858 8.5166
-2.7183 2.4909 8.5166
-2.6724 2.4920 8.5166
-2.6367 2.5022 8.5166
-2.5810 2.4924 8.5166
-2.5313 2.4875 8.5166
-2.5017 2.5017 8.5166
-2.4651 2.5085 8.5166
-2.4494 2.5364 8.5166
-2.3714 2.4989 8.5166
-2.2983 2.4647 8.5166
-2.2463 2.4514 8.5166
-2.1814 2.4227 8.5166
-2.1058 2.3802 8.5166
-1.9931 2.2928 8.5166
-1.9399 2.2713 8.5166
-1.9348 2.3058 8.5166
-1.8949 2.2987 8.5166
-1.8603 2.2972 8.5166
-1.8314 2.3024 8.5166
-1.7971 2.3002 8.5166
-1.7611 2.2952 8.5166
-1.7290 2.2945 8.5166
-1.6994 2.2966 8.5166
-1.6646 2.2911 8.5166
-1.5998 2.2429 8.5166
-1.5785 2.2543 8.5166
-1.5627 2.2738 8.5166
-1.5680 2.3246 8.5166
-1.5520 2.3449 8.5166
-1.5261 2.3500 8.5166
-1.5087 2.3682 8.5166
-1.4870 2.3796 8.5166
-1.4588 2.3806 8.5166
-1.3808 2.2981 8.5166
-1.3556 2.3014 8.5166
-1.3550 2.3469 8.5166
-1.3640 2.4109 8.5166
-1.3420 2.4209 8.5166
-1.3184 2.4282 8.5166
-1.2976 2.4405 8.5166
-1.2740 2.4473 8.5166
-1.2476 2.4485 8.5166
-1.2297 2.4664 8.5166
-1.2086 2.4780 8.5166
-1.1839 2.4821 8.5166
-1.1664 2.5014 8.5166
-1.1462 2.5151 8.5166
-1.1238 2.5241 8.5166
-1.1017 2.5338 8.5166
-1.0819 2.5489 8.5166
-1.0639 2.5684 8.5166
-1.0414 2.5776 8.5166
-1.0185 2.5856 8.5166
-1.0002 2.6056 8.5166
-0.9816 2.6255 8.5166
-0.9628 2.6452 8.5166
-0.9390 2.6517 8.5166
-0.9194 2.6701 8.5166
-0.8999 2.6894 8.5166
-0.8801 2.7086 8.5166
-0.8597 2.7267 8.5166
-0.8391 2.7446 8.5166
-0.8211 2.7719 8.5166
-0.8032 2.8011 8.5166
-0.7817 2.8186 8.5166
-0.7633 2.8485 8.5166
-0.7406 2.8638 8.5166
-0.7241 2.9041 8.5166
-0.7008 2.9191 8.5166
-0.6825 2.9562 8.5166
-0.6612 2.9826 8.5166
-0.6416 3.0186 8.5166
-0.6212 3.0534 8.5166
-0.6022 3.0980 8.5166
-0.5819 3.1395 8.5166
-0.5633 3.1947 8.5166
-0.5452 3.2577 8.5166
-0.5302 3.3473 8.5166
-0.5128 3.4309 8.5166
-0.5129 3.6491 8.5166
-0.7521 5.7127 8.5166
-2.9084 2.3897 8.5166
-2.9521 2.4721 8.5166
-2.7064 2.4476 8.5166
-2.4953 2.4319 8.5166
-2.0263 2.3108 8.5166
-1.5636 2.1832 8.5166
-1.6950 2.2927 8.5166
-1.5993 2.3088 8.5166
-1.3662 2.2637 8.5166
-1.3937 2.3302 8.5166
-2.9720 3.1044 8.5166
-3.0090 3.1937 8.5166
-3.0169 3.2706 8.5166
-3.0277 3.3496 8.5166
-3.0412 3.4308 8.5166
-3.0546 3.5130 8.5166
-3.0567 3.6670 8.5166
-2.9110 2.4426 8.9649
-2.9063 2.4822 8.9649
-2.8770 2.5009 8.9649
-2.8041 2.4808 8.9649
-2.7578 2.4831 8.9649
-2.7147 2.4875 8.9649
-2.6658 2.4859 8.9649
-2.6237 2.4898 8.9649
-2.5637 2.4758 8.9649
-2.5406 2.4966 8.9649
-2.5180 2.5180 8.9649
-2.4630 2.5064 8.9649
-2.4362 2.5227 8.9649
-2.3686 2.4960 8.9649
-2.3011 2.4676 8.9649
-2.2281 2.4315 8.9649
-2.1814 2.4227 8.9649
-2.0382 2.3038 8.9649
-2.0049 2.3064 8.9649
-1.9613 2.2964 8.9649
-1.9573 2.3326 8.9649
-1.9375 2.3504 8.9649
-1.8609 2.2980 8.9649
-1.8283 2.2985 8.9649
-1.7934 2.2955 8.9649
-1.7636 2.2983 8.9649
-1.7344 2.3017 8.9649
-1.7000 2.2974 8.9649
-1.7022 2.3429 8.9649
-1.6556 2.3210 8.9649
-1.5940 2.2764 8.9649
-1.6063 2.3372 8.9649
-1.5814 2.3445 8.9649
-1.5603 2.3574 8.9649
-1.5359 2.3651 8.9649
-1.5109 2.3716 8.9649
-1.4870 2.3796 8.9649
-1.4625 2.3865 8.9649
-1.3721 2.2835 8.9649
-1.3475 2.2876 8.9649
-1.3780 2.3868 8.9649
-1.3684 2.4187 8.9649
-1.3473 2.4306 8.9649
-1.3155 2.4229 8.9649
-1.2906 2.4272 8.9649
-1.2753 2.4499 8.9649
-1.2548 2.4627 8.9649
-1.2275 2.4620 8.9649
-1.2073 2.4753 8.9649
-1.1848 2.4839 8.9649
-1.1660 2.5005 8.9649
-1.1433 2.5088 8.9649
-1.1210 2.5177 8.9649
-1.1013 2.5329 8.9649
-1.0812 2.5470 8.9649
-1.0616 2.5628 8.9649
-1.0410 2.5766 8.9649
-1.0178 2.5838 8.9649
-0.9998 2.6047 8.9649
-0.9792 2.6189 8.9649
-0.9583 2.6330 8.9649
-0.9387 2.6507 8.9649
-0.9197 2.6711 8.9649
-0.8999 2.6894 8.9649
-0.8776 2.7010 8.9649
-0.8576 2.7200 8.9649
-0.8435 2.7589 8.9649
-0.8211 2.7719 8.9649
-0.7999 2.7896 8.9649
-0.7811 2.8167 8.9649
-0.7627 2.8466 8.9649
-0.7416 2.8677 8.9649
-0.7212 2.8925 8.9649
-0.7003 2.9171 8.9649
-0.6823 2.9553 8.9649
-0.6610 2.9816 8.9649
-0.6414 3.0176 8.9649
-0.6212 3.0534 8.9649
-0.6022 3.0980 8.9649
-0.5813 3.1366 8.9649
-0.5633 3.1947 8.9649
-0.5456 3.2607 8.9649
-0.5298 3.3453 8.9649
-0.5144 3.4418 8.9649
-0.5223 3.7165 8.9649
-2.9084 2.3897 8.9649
-2.8647 2.4403 8.9649
-2.6839 2.4392 8.9649
-1.9631 2.2276 8.9649
-1.7927 2.2188 8.9649
-1.5905 2.1941 8.9649
-1.5896 2.2490 8.9649
-1.3977 2.2233 8.9649
-1.4285 2.2908 8.9649
-2.9102 3.0054 8.9649
-1.3841 2.3808 8.9649
-3.0081 3.1933 8.9649
-3.0151 3.2697 8.9649
-3.0672 3.3689 8.9649
-3.0528 3.5121 8.9649
-3.0549 3.6661 8.9649
-2.9232 2.4529 9.4131
-2.9063 2.4822 9.4131
-2.8671 2.4924 9.4131
-2.7944 2.4722 9.4131
-2.7548 2.4805 9.4131
-2.7095 2.4828 9.4131
-2.6548 2.4757 9.4131
-2.6092 2.4760 9.4131
-2.5716 2.4834 9.4131
-2.5363 2.4924 9.4131
-2.5194 2.5194 9.4131
-2.4637 2.5071 9.4131
-2.4376 2.5242 9.4131
-2.3569 2.4837 9.4131
-2.2806 2.4456 9.4131
-2.2193 2.4220 9.4131
-2.1680 2.4078 9.4131
-2.1104 2.3854 9.4131
-2.0705 2.3819 9.4131
-2.0302 2.3770 9.4131
-1.9836 2.3640 9.4131
-1.9419 2.3558 9.4131
-1.9068 2.3548 9.4131
-1.8458 2.3204 9.4131
-1.7811 2.2797 9.4131
-1.7465 2.2761 9.4131
-1.7236 2.2873 9.4131
-1.7060 2.3055 9.4131
-1.7022 2.3429 9.4131
-1.6707 2.3422 9.4131
-1.6427 2.3461 9.4131
-1.6160 2.3512 9.4131
-1.5881 2.3545 9.4131
-1.5614 2.3591 9.4131
-1.5342 2.3625 9.4131
-1.5136 2.3758 9.4131
-1.4859 2.3779 9.4131
-1.4593 2.3814 9.4131
-1.4318 2.3829 9.4131
-1.4110 2.3953 9.4131
-1.3835 2.3963 9.4131
-1.3630 2.4091 9.4131
-1.3390 2.4157 9.4131
-1.3155 2.4229 9.4131
-1.2943 2.4343 9.4131
-1.2684 2.4366 9.4131
-1.2489 2.4512 9.4131
-1.2270 2.4611 9.4131
-1.2086 2.4780 9.4131
-1.1843 2.4830 9.4131
-1.1664 2.5014 9.4131
-1.1433 2.5088 9.4131
-1.1238 2.5241 9.4131
-1.0994 2.5283 9.4131
-1.0792 2.5424 9.4131
-1.0593 2.5573 9.4131
-1.0414 2.5776 9.4131
-1.0185 2.5856 9.4131
-0.9955 2.5935 9.4131
-0.9771 2.6133 9.4131
-0.9580 2.6321 9.4131
-0.9373 2.6469 9.4131
-0.9197 2.6711 9.4131
-0.8961 2.6781 9.4131
-0.8761 2.6962 9.4131
-0.8558 2.7143 9.4131
-0.8374 2.7389 9.4131
-0.8211 2.7719 9.4131
-0.7996 2.7886 9.4131
-0.7817 2.8186 9.4131
-0.7599 2.8360 9.4131
-0.7406 2.8638 9.4131
-0.7233 2.9012 9.4131
-0.7017 2.9229 9.4131
-0.6823 2.9553 9.4131
-0.6608 2.9806 9.4131
-0.6414 3.0176 9.4131
-0.6212 3.0534 9.4131
-0.6022 3.0980 9.4131
-0.5837 3.1494 9.4131
-0.5649 3.2036 9.4131
-0.5481 3.2755 9.4131
-0.5298 3.3453 9.4131
-0.5154 3.4487 9.4131
-0.5958 4.2393 9.4131
-0.6821 5.1813 9.4131
-0.6353 5.1741 9.4131
-0.5899 5.1775 9.4131
-0.5450 5.1854 9.4131
-0.5080 5.2756 9.4131
-0.4661 5.3276 9.4131
-0.4695 5.9656 9.4131
-2.9301 2.3974 9.4131
-2.8422 2.4321 9.4131
-2.6605 2.4304 9.4131
-2.4701 2.4222 9.4131
-1.9742 2.2903 9.4131
-1.8093 2.2825 9.4131
-1.6238 2.2632 9.4131
-1.5514 2.2885 9.4131
-2.8793 2.9216 9.4131
-1.4074 2.3363 9.4131
-1.3386 2.3600 9.4131
-3.0072 3.1929 9.4131
-1.2425 2.4242 9.4131
-3.0663 3.3684 9.4131
-1.1332 2.4795 9.4131
-3.0523 3.6647 9.4131
-2.9939 2.4680 9.8614
-2.9248 2.4542 9.8614
-2.9070 2.4828 9.8614
-2.8566 2.4832 9.8614
-2.7944 2.4722 9.8614
-2.7429 2.4698 9.8614
-2.7029 2.4767 9.8614
-2.6570 2.4777 9.8614
-2.6121 2.4788 9.8614
-2.5544 2.4667 9.8614
-2.5335 2.4896 9.8614
-2.4819 2.4819 9.8614
-2.2058 2.2446 9.8614
-2.1722 2.2494 9.8614
-2.2316 2.3517 9.8614
-2.2792 2.4442 9.8614
-2.2078 2.4094 9.8614
-2.1499 2.3877 9.8614
-2.1058 2.3802 9.8614
-2.0666 2.3773 9.8614
-2.0165 2.3611 9.8614
-1.9811 2.3609 9.8614
-1.9419 2.3558 9.8614
-1.9119 2.3610 9.8614
-1.8607 2.3392 9.8614
-1.8273 2.3388 9.8614
-1.7837 2.3245 9.8614
-1.7675 2.3456 9.8614
-1.7297 2.3376 9.8614
-1.7028 2.3437 9.8614
-1.6701 2.3414 9.8614
-1.6427 2.3461 9.8614
-1.6148 2.3496 9.8614
-1.5881 2.3545 9.8614
-1.5614 2.3591 9.8614
-1.5337 2.3617 9.8614
-1.5066 2.3649 9.8614
-1.4785 2.3661 9.8614
-1.4520 2.3695 9.8614
-1.4303 2.3804 9.8614
-1.4069 2.3884 9.8614
-1.3830 2.3954 9.8614
-1.3591 2.4022 9.8614
-1.3381 2.4140 9.8614
-1.3150 2.4220 9.8614
-1.2882 2.4228 9.8614
-1.2684 2.4366 9.8614
-1.2485 2.4503 9.8614
-1.2257 2.4584 9.8614
-1.2060 2.4726 9.8614
-1.1787 2.4713 9.8614
-1.1664 2.5014 9.8614
-1.1383 2.4978 9.8614
-1.1210 2.5177 9.8614
-1.0994 2.5283 9.8614
-1.0812 2.5470 9.8614
-1.0589 2.5564 9.8614
-1.0365 2.5655 9.8614
-1.0185 2.5856 9.8614
-0.9995 2.6038 9.8614
-0.9771 2.6133 9.8614
-0.9580 2.6321 9.8614
-0.9367 2.6451 9.8614
-0.9194 2.6701 9.8614
-0.8948 2.6743 9.8614
-0.8754 2.6943 9.8614
-0.8555 2.7133 9.8614
-0.8388 2.7436 9.8614
-0.8205 2.7700 9.8614
-0.7996 2.7886 9.8614
-0.7817 2.8186 9.8614
-0.7627 2.8466 9.8614
-0.7404 2.8628 9.8614
-0.7207 2.8905 9.8614
-0.7001 2.9161 9.8614
-0.6818 2.9533 9.8614
-0.6619 2.9855 9.8614
-0.6412 3.0166 9.8614
-0.6206 3.0505 9.8614
-0.6041 3.1078 9.8614
-0.5830 3.1454 9.8614
-0.5656 3.2075 9.8614
-0.5480 3.2745 9.8614
-0.5319 3.3581 9.8614
-0.5163 3.4546 9.8614
-0.6911 4.9177 9.8614
-0.6543 4.9701 9.8614
-0.6106 4.9727 9.8614
-0.5667 4.9738 9.8614
-0.5219 4.9656 9.8614
-0.4789 4.9740 9.8614
-0.5066 5.7909 9.8614
-0.4630 5.8828 9.8614
-2.9301 2.3974 9.8614
-2.2050 2.2002 9.8614
-2.6371 2.4217 9.8614
-2.1172 2.2867 9.8614
-1.9742 2.2903 9.8614
-1.7806 2.2709 9.8614
-1.6617 2.2789 9.8614
-1.5726 2.2975 9.8614
-1.4744 2.3108 9.8614
-1.4111 2.3379 9.8614
-1.3422 2.3617 9.8614
-3.0062 3.1925 9.8614
-1.2479 2.4268 9.8614
-3.0636 3.3671 9.8614
-1.1376 2.4818 9.8614
-3.0796 3.6021 9.8614
-3.0261 4.9885 9.8614
-2.8851 4.9763 9.8614
-2.8126 5.0131 9.8614
-3.0066 5.2536 9.8614
-2.9870 5.7285 9.8614
-3.0070 2.4788 10.3096
-2.9286 2.4574 10.3096
-2.9017 2.4783 10.3096
-2.8505 2.4779 10.3096
-2.7846 2.4636 10.3096
-2.7288 2.4570 10.3096
-2.6940 2.4686 10.3096
-2.6438 2.4654 10.3096
-2.5664 2.4354 10.3096
-2.5544 2.4667 10.3096
-2.5256 2.4819 10.3096
-2.5074 2.5074 10.3096
-2.4693 2.5128 10.3096
-2.3785 2.4630 10.3096
-2.2069 2.3256 10.3096
-2.1565 2.3125 10.3096
-2.1585 2.3556 10.3096
-2.1573 2.3959 10.3096
-2.1018 2.3757 10.3096
-2.0489 2.3570 10.3096
-1.9386 2.2698 10.3096
-1.9804 2.3602 10.3096
-1.9349 2.3473 10.3096
-1.8943 2.3392 10.3096
-1.8252 2.2946 10.3096
-1.7811 2.2797 10.3096
-1.6930 2.2063 10.3096
-1.7531 2.3264 10.3096
-1.7208 2.3256 10.3096
-1.6987 2.3381 10.3096
-1.6631 2.3316 10.3096
-1.6358 2.3362 10.3096
-1.6069 2.3380 10.3096
-1.5864 2.3520 10.3096
-1.5587 2.3549 10.3096
-1.5315 2.3583 10.3096
-1.5044 2.3615 10.3096
-1.4838 2.3745 10.3096
-1.4499 2.3661 10.3096
-1.4292 2.3786 10.3096
-1.4018 2.3798 10.3096
-1.3805 2.3911 10.3096
-1.3542 2.3935 10.3096
-1.3337 2.4061 10.3096
-1.3127 2.4176 10.3096
-1.2915 2.4290 10.3096
-1.2652 2.4304 10.3096
-1.2403 2.4342 10.3096
-1.2221 2.4512 10.3096
-1.2020 2.4645 10.3096
-1.1787 2.4713 10.3096
-1.1550 2.4769 10.3096
-1.1383 2.4978 10.3096
-1.1157 2.5059 10.3096
-1.0938 2.5155 10.3096
-1.0765 2.5360 10.3096
-1.0535 2.5434 10.3096
-1.0384 2.5702 10.3096
-1.0137 2.5735 10.3096
-0.9955 2.5935 10.3096
-0.9722 2.6002 10.3096
-0.9577 2.6311 10.3096
-0.9387 2.6507 10.3096
-0.9152 2.6579 10.3096
-0.8954 2.6762 10.3096
-0.8754 2.6943 10.3096
-0.8558 2.7143 10.3096
-0.8371 2.7379 10.3096
-0.8205 2.7700 10.3096
-0.7993 2.7877 10.3096
-0.7809 2.8157 10.3096
-0.7591 2.8331 10.3096
-0.7404 2.8628 10.3096
-0.7233 2.9012 10.3096
-0.7027 2.9268 10.3096
-0.6823 2.9553 10.3096
-0.6619 2.9855 10.3096
-0.6435 3.0274 10.3096
-0.6228 3.0613 10.3096
-0.6031 3.1029 10.3096
-0.5830 3.1454 10.3096
-0.5678 3.2203 10.3096
-0.5473 3.2705 10.3096
-0.5319 3.3581 10.3096
-0.5184 3.4685 10.3096
-0.6978 4.9652 10.3096
-0.6599 5.0127 10.3096
-0.6139 4.9995 10.3096
-0.5711 5.0126 10.3096
-0.5266 5.0104 10.3096
-0.4846 5.0327 10.3096
-0.4735 5.4123 10.3096
-0.4660 5.9207 10.3096
-2.9310 2.3977 10.3096
-2.2389 2.2125 10.3096
-2.5481 2.3884 10.3096
-2.1461 2.2979 10.3096
-1.9481 2.2800 10.3096
-1.8140 2.2844 10.3096
-1.6617 2.2789 10.3096
-1.5735 2.2979 10.3096
-1.4762 2.3115 10.3096
-1.4147 2.3395 10.3096
-1.3459 2.3633 10.3096
-1.2743 2.3848 10.3096
-3.0485 3.2857 10.3096
-1.1699 2.4435 10.3096
-3.0743 3.4473 10.3096
-3.0769 3.6007 10.3096
-2.9832 4.9574 10.3096
-2.8505 4.9507 10.3096
-2.9322 5.7840 10.3096
-2.9515 2.4330 10.7579
-2.9340 2.4619 10.7579
-2.8956 2.4731 10.7579
-2.8339 2.4635 10.7579
-2.7614 2.4431 10.7579
-2.7333 2.4611 10.7579
-2.7228 2.4950 10.7579
-2.6804 2.4995 10.7579
-2.6222 2.4884 10.7579
-2.5702 2.4820 10.7579
-2.5328 2.4889 10.7579
-2.5053 2.5053 10.7579
-2.4616 2.5049 10.7579
-2.3875 2.4724 10.7579
-2.3129 2.4373 10.7579
-2.2513 2.4142 10.7579
-2.2004 2.4013 10.7579
-2.1352 2.3714 10.7579
-2.0091 2.2708 10.7579
-1.9879 2.2868 10.7579
-1.9451 2.2774 10.7579
-1.9155 2.2828 10.7579
-1.8707 2.2693 10.7579
-1.8471 2.2809 10.7579
-1.8059 2.2703 10.7579
-1.7780 2.2758 10.7579
-1.7447 2.2738 10.7579
-1.7188 2.2809 10.7579
-1.6845 2.2765 10.7579
-1.6505 2.2717 10.7579
-1.6236 2.2763 10.7579
-1.5963 2.2797 10.7579
-1.5599 2.2696 10.7579
-1.4970 2.2193 10.7579
-1.5294 2.3107 10.7579
-1.5261 2.3500 10.7579
-1.5007 2.3556 10.7579
-1.4753 2.3610 10.7579
-1.4515 2.3686 10.7579
-1.4313 2.3821 10.7579
-1.4033 2.3824 10.7579
-1.3800 2.3902 10.7579
-1.3561 2.3970 10.7579
-1.3357 2.4096 10.7579
-1.3088 2.4106 10.7579
-1.2882 2.4228 10.7579
-1.2670 2.4340 10.7579
-1.2480 2.4494 10.7579
-1.2212 2.4494 10.7579
-1.1989 2.4582 10.7579
-1.1727 2.4586 10.7579
-1.1601 2.4878 10.7579
-1.1379 2.4969 10.7579
-1.1157 2.5059 10.7579
-1.0938 2.5155 10.7579
-1.0765 2.5360 10.7579
-1.0543 2.5453 10.7579
-1.0317 2.5535 10.7579
-1.0130 2.5717 10.7579
-0.9952 2.5926 10.7579
-0.9771 2.6133 10.7579
-0.9580 2.6321 10.7579
-0.9340 2.6375 10.7579
-0.9152 2.6579 10.7579
-0.8954 2.6762 10.7579
-0.8754 2.6943 10.7579
-0.8558 2.7143 10.7579
-0.8388 2.7436 10.7579
-0.8188 2.7643 10.7579
-0.7996 2.7886 10.7579
-0.7811 2.8167 10.7579
-0.7625 2.8456 10.7579
-0.7414 2.8667 10.7579
-0.7204 2.8895 10.7579
-0.7027 2.9268 10.7579
-0.6823 2.9553 10.7579
-0.6634 2.9923 10.7579
-0.6435 3.0274 10.7579
-0.6228 3.0613 10.7579
-0.6028 3.1010 10.7579
-0.5844 3.1533 10.7579
-0.5673 3.2174 10.7579
-0.5503 3.2883 10.7579
-0.5345 3.3749 10.7579
-0.5193 3.4744 10.7579
-0.7578 5.3920 10.7579
-0.7050 5.3548 10.7579
-0.6575 5.3548 10.7579
-0.6079 5.3355 10.7579
-0.5620 5.3475 10.7579
-0.5254 5.4568 10.7579
-0.5215 5.9612 10.7579
-2.9310 2.3977 10.7579
-2.7097 2.3839 10.7579
-1.9477 2.1639 10.7579
-1.8838 2.1972 10.7579
-1.7713 2.2104 10.7579
-1.6517 2.2188 10.7579
-1.5933 2.2506 10.7579
-1.5293 2.2791 10.7579
-2.9041 2.9324 10.7579
-1.4147 2.3395 10.7579
-1.3504 2.3654 10.7579
-1.2770 2.3861 10.7579
-3.0485 3.2857 10.7579
-1.1771 2.4470 10.7579
-3.0734 3.4469 10.7579
-3.0689 3.5966 10.7579
-2.9035 5.1745 10.7579
-2.7998 5.1876 10.7579
-2.8951 5.3574 10.7579
-2.9245 2.4107 11.2061
-2.8788 2.4156 11.2061
-2.9017 2.4783 11.2061
-2.8287 2.4589 11.2061
-2.7824 2.4616 11.2061
-2.7340 2.4617 11.2061
-2.6889 2.4639 11.2061
-2.6424 2.4641 11.2061
-2.6019 2.4691 11.2061
-2.5565 2.4688 11.2061
-2.5406 2.4966 11.2061
-2.4968 2.4968 11.2061
-2.4770 2.5206 11.2061
-2.3806 2.4652 11.2061
-2.3039 2.4278 11.2061
-2.2322 2.3937 11.2061
-2.1801 2.3792 11.2061
-2.1339 2.3699 11.2061
-2.0859 2.3577 11.2061
-2.0449 2.3524 11.2061
-2.0009 2.3428 11.2061
-1.9682 2.3456 11.2061
-1.9235 2.3334 11.2061
-1.8892 2.3330 11.2061
-1.8538 2.3306 11.2061
-1.8217 2.3317 11.2061
-1.7898 2.3325 11.2061
-1.7507 2.3232 11.2061
-1.7232 2.3288 11.2061
-1.6911 2.3275 11.2061
-1.6573 2.3235 11.2061
-1.6301 2.3280 11.2061
-1.6029 2.3323 11.2061
-1.5825 2.3462 11.2061
-1.5476 2.3382 11.2061
-1.5272 2.3516 11.2061
-1.5007 2.3556 11.2061
-1.4732 2.3576 11.2061
-1.4463 2.3601 11.2061
-1.4256 2.3726 11.2061
-1.3983 2.3738 11.2061
-1.3775 2.3859 11.2061
-1.3571 2.3987 11.2061
-1.3298 2.3991 11.2061
-1.3093 2.4115 11.2061
-1.2859 2.4184 11.2061
-1.2666 2.4331 11.2061
-1.2417 2.4369 11.2061
-1.2217 2.4503 11.2061
-1.2033 2.4672 11.2061
-1.1774 2.4686 11.2061
-1.1580 2.4833 11.2061
-1.1383 2.4978 11.2061
-1.1161 2.5068 11.2061
-1.0990 2.5274 11.2061
-1.0769 2.5369 11.2061
-1.0562 2.5499 11.2061
-1.0365 2.5655 11.2061
-1.0137 2.5735 11.2061
-0.9955 2.5935 11.2061
-0.9750 2.6077 11.2061
-0.9577 2.6311 11.2061
-0.9347 2.6394 11.2061
-0.9155 2.6588 11.2061
-0.8951 2.6752 11.2061
-0.8776 2.7010 11.2061
-0.8567 2.7171 11.2061
-0.8374 2.7389 11.2061
-0.8197 2.7672 11.2061
-0.8002 2.7905 11.2061
-0.7806 2.8148 11.2061
-0.7622 2.8447 11.2061
-0.7399 2.8609 11.2061
-0.7229 2.8992 11.2061
-0.7041 2.9327 11.2061
-0.6832 2.9592 11.2061
-0.6627 2.9894 11.2061
-0.6431 3.0254 11.2061
-0.6256 3.0750 11.2061
-0.6047 3.1108 11.2061
-0.5837 3.1494 11.2061
-0.5696 3.2302 11.2061
-0.5536 3.3080 11.2061
-0.5375 3.3937 11.2061
-0.5247 3.5110 11.2061
-0.7841 5.5792 11.2061
-2.8660 2.3747 11.2061
-2.7980 2.4160 11.2061
-2.6155 2.4136 11.2061
-2.1340 2.2932 11.2061
-1.9239 2.2705 11.2061
-1.7546 2.2604 11.2061
-1.6340 2.2674 11.2061
-1.5763 2.2991 11.2061
-1.4817 2.3139 11.2061
-1.4193 2.3416 11.2061
-1.3504 2.3654 11.2061
-1.2797 2.3874 11.2061
-3.0485 3.2857 11.2061
-1.1744 2.4457 11.2061
-3.0752 3.4478 11.2061
-3.0716 3.5979 11.2061
-2.8948 5.1678 11.2061
-2.7911 5.1808 11.2061
-2.9335 5.3879 11.2061
-2.9623 2.4857 11.6543
-2.9394 2.9394 11.6543
-2.4822 2.6157 11.6543
-2.4068 2.5809 11.6543
-2.3308 2.5436 11.6543
-2.2603 2.5103 11.6543
-2.2006 2.4873 11.6543
-2.1486 2.4717 11.6543
-2.1101 2.4706 11.6543
-2.0601 2.4552 11.6543
-2.0145 2.4437 11.6543
-1.9754 2.4395 11.6543
-1.9410 2.4402 11.6543
-1.9024 2.4350 11.6543
-1.8677 2.4340 11.6543
-1.8319 2.4310 11.6543
-1.8005 2.4333 11.6543
-1.7669 2.4319 11.6543
-1.7386 2.4375 11.6543
-1.7035 2.4329 11.6543
-1.6760 2.4386 11.6543
-1.6479 2.4432 11.6543
-1.6199 2.4475 11.6543
-1.5920 2.4514 11.6543
-1.5641 2.4551 11.6543
-1.5352 2.4568 11.6543
-1.5027 2.4522 11.6543
-1.4818 2.4661 11.6543
-1.4541 2.4686 11.6543
-1.4310 2.4786 11.6543
-1.4044 2.4823 11.6543
-1.3827 2.4944 11.6543
-1.3609 2.5064 11.6543
-1.3328 2.5067 11.6543
-1.3114 2.5191 11.6543
-1.2898 2.5313 11.6543
-1.2672 2.5416 11.6543
-1.2450 2.5526 11.6543
-1.2231 2.5642 11.6543
-1.2002 2.5739 11.6543
-1.1810 2.5916 11.6543
-1.1612 2.6082 11.6543
-1.1380 2.6173 11.6543
-1.1140 2.6244 11.6543
-1.0941 2.6414 11.6543
-1.0717 2.6527 11.6543
-1.0533 2.6740 11.6543
-1.0296 2.6822 11.6543
-1.0135 2.7107 11.6543
-0.9946 2.7326 11.6543
-0.9737 2.7497 11.6543
-0.9536 2.7694 11.6543
-0.9332 2.7890 11.6543
-0.9122 2.8075 11.6543
-0.8916 2.8278 11.6543
-0.8716 2.8507 11.6543
-0.8532 2.8803 11.6543
-0.8319 2.9011 11.6543
-0.8135 2.9333 11.6543
-0.7935 2.9615 11.6543
-0.7757 2.9993 11.6543
-0.7546 3.0264 11.6543
-0.7370 3.0698 11.6543
-0.7210 3.1229 11.6543
-0.7253 3.2716 11.6543
-0.9768 4.5953 11.6543
-0.9514 4.6762 11.6543
-2.8684 2.2446 11.6543
-2.8694 2.3102 11.6543
-2.6463 2.2969 11.6543
-2.6016 2.3445 11.6543
-2.7308 2.4567 11.6543
-2.2003 2.3793 11.6543
-1.9679 2.3465 11.6543
-1.8031 2.3374 11.6543
-1.6867 2.3459 11.6543
-1.5917 2.3618 11.6543
-1.4969 2.3762 11.6543
-1.4360 2.4044 11.6543
-1.3695 2.4292 11.6543
-1.2984 2.4509 11.6543
-3.0322 3.3518 11.6543
-1.1949 2.5103 11.6543
-2.9051 5.1757 11.6543
-2.7564 5.1537 11.6543
-2.6823 5.1880 11.6543
-1.8155 3.0215 12.1026
-1.7850 3.0303 12.1026
-1.7640 3.0553 12.1026
-1.7417 3.0784 12.1026
-1.7308 3.1224 12.1026
-1.7159 3.1602 12.1026
-1.7051 3.2069 12.1026
-1.6988 3.2633 12.1026
-1.6902 3.3172 12.1026
-1.6781 3.3658 12.1026
-1.6781 3.4406 12.1026
-1.6846 3.5318 12.1026
-1.7036 3.6533 12.1026
-1.7471 3.8337 12.1026
-1.7258 3.8762 12.1026
-1.8342 4.2185 12.1026
-1.7622 4.1515 12.1026
-1.7519 4.2295 12.1026
-1.6625 4.1148 12.1026
-1.6170 4.1050 12.1026
-1.6051 4.1815 12.1026
-1.5626 4.1794 12.1026
-1.8753 5.1523 12.1026
-1.8283 5.1628 12.1026
-1.7786 5.1654 12.1026
-1.7274 5.1627 12.1026
-1.6770 5.1614 12.1026
-1.6271 5.1606 12.1026
-1.5735 5.1468 12.1026
-1.5331 5.1757 12.1026
-1.4816 5.1668 12.1026
-1.4303 5.1574 12.1026
-1.3798 5.1494 12.1026
-1.3320 5.1505 12.1026
-1.2853 5.1552 12.1026
-1.2499 5.2061 12.1026
-1.3706 5.9368 12.1026
-1.1437 5.8839 12.1026
-1.0601 5.7196 12.1026
-0.9636 5.4647 12.1026
-0.9225 5.5124 12.1026
-0.8569 5.4106 12.1026
-0.7985 5.3427 12.1026
-0.8414 5.9872 12.1026
-1.8468 3.3498 12.1026
-1.9082 3.4538 12.1026
-1.9094 3.5232 12.1026
-1.9420 3.6130 12.1026
-1.7002 3.5295 12.1026
-1.6399 3.5587 12.1026
-2.0556 3.9022 12.1026
-1.5185 3.6828 12.1026
-2.4881 4.5977 12.1026
-2.0708 4.3737 12.1026
-2.2927 4.6213 12.1026
-2.1681 4.6102 12.1026
-2.0701 4.6175 12.1026
-1.9967 4.6427 12.1026
-1.8363 4.5966 12.1026
-1.7674 4.6224 12.1026
-2.1168 3.5230 12.5508
-2.0804 3.5318 12.5508
-2.0335 3.5221 12.5508
-1.9968 3.5293 12.5508
-1.9562 3.5291 12.5508
-1.9096 3.5170 12.5508
-1.8788 3.5336 12.5508
-1.8705 3.5933 12.5508
-1.8636 3.6576 12.5508
-1.8669 3.7444 12.5508
-1.8653 3.8244 12.5508
-1.8525 3.8838 12.5508
-1.6803 3.6035 12.5508
-1.6036 3.5188 12.5508
-1.5688 3.5235 12.5508
-1.5316 3.5224 12.5508
-1.4914 3.5136 12.5508
-1.4615 3.5283 12.5508
-1.4179 3.5094 12.5508
-1.3901 3.5291 12.5508
-1.3901 3.6214 12.5508
-1.3770 3.6830 12.5508
-1.3845 3.8039 12.5508
-1.3736 3.8790 12.5508
-1.3830 4.0166 12.5508
-1.4095 4.2125 12.5508
-1.6780 5.1642 12.5508
-1.6434 5.2121 12.5508
-1.5920 5.2071 12.5508
-1.5385 5.1939 12.5508
-1.4868 5.1850 12.5508
-1.4383 5.1863 12.5508
-1.3805 5.1522 12.5508
-1.3047 5.0450 12.5508
-1.1049 4.4313 12.5508
-1.0423 4.3416 12.5508
-1.0019 4.3398 12.5508
-0.9634 4.3455 12.5508
-0.9252 4.3528 12.5508
-0.8876 4.3626 12.5508
-0.8550 4.3987 12.5508
-0.8170 4.4079 12.5508
-0.7790 4.4178 12.5508
-0.7434 4.4422 12.5508
-0.7052 4.4525 12.5508
-0.6818 4.5623 12.5508
-0.6555 4.6642 12.5508
-0.6231 4.7332 12.5508
-0.6137 4.9985 12.5508
-0.5876 5.1576 12.5508
-0.5448 5.1834 12.5508
-0.5042 5.2368 12.5508
-0.4943 5.6504 12.5508
-1.8053 2.7534 12.5508
-2.0159 4.1770 12.5508
-2.0569 4.2844 12.5508
-1.6762 4.2327 12.5508
-2.8053 5.1919 12.5508
-2.6979 5.2005 12.5508
-2.5614 5.1837 12.5508
-1.6640 4.5371 12.5508
-2.2753 5.1314 12.5508
-2.1383 5.1060 12.5508
-1.4362 4.5865 12.5508
-1.8139 5.0021 12.5508
-1.8309 5.1061 12.5508
-1.6100 4.9940 12.5508
-0.8314 4.4330 12.5508
-0.9033 4.5806 12.5508
-0.9131 4.6709 12.5508
-0.9174 4.7574 12.5508
-0.8830 4.8908 12.5508
-0.8883 4.9826 12.5508
-0.8972 5.0800 12.5508
-2.8671 2.4924 12.9991
-2.8131 2.4888 12.9991
-2.7489 2.4751 12.9991
-2.7036 2.4774 12.9991
-2.6490 2.4702 12.9991
-2.6092 2.4760 12.9991
-2.5594 2.4716 12.9991
-2.5064 2.4630 12.9991
-2.4933 2.4933 12.9991
-2.4483 2.4914 12.9991
-2.3994 2.4846 12.9991
-2.3583 2.4851 12.9991
-2.3140 2.4815 12.9991
-2.2646 2.4714 12.9991
-2.2289 2.4754 12.9991
-2.1953 2.4813 12.9991
-2.1479 2.4709 12.9991
-2.1081 2.4683 12.9991
-2.0685 2.4651 12.9991
-2.0361 2.4700 12.9991
-1.9931 2.4612 12.9991
-1.9578 2.4613 12.9991
-1.9215 2.4594 12.9991
-1.8884 2.4610 12.9991
-1.8566 2.4638 12.9991
-1.8196 2.4590 12.9991
-1.7833 2.4546 12.9991
-1.7572 2.4635 12.9991
-1.7265 2.4656 12.9991
-1.6907 2.4600 12.9991
-1.6586 2.4589 12.9991
-1.6266 2.4575 12.9991
-1.6051 2.4716 12.9991
-1.5652 2.4568 12.9991
-1.5352 2.4568 12.9991
-1.5085 2.4616 12.9991
-1.4802 2.4635 12.9991
-1.4511 2.4634 12.9991
-1.4175 2.4552 12.9991
-1.3941 2.4640 12.9991
-1.3623 2.4577 12.9991
-1.3308 2.4510 12.9991
-1.3065 2.4572 12.9991
-1.2800 2.4588 12.9991
-1.2539 2.4610 12.9991
-1.2235 2.4539 12.9991
-1.1985 2.4573 12.9991
-1.1688 2.4505 12.9991
-1.1487 2.4633 12.9991
-1.1217 2.4614 12.9991
-1.0974 2.4647 12.9991
-1.0770 2.4770 12.9991
-1.0522 2.4789 12.9991
-1.0221 2.4677 12.9991
-1.0009 2.4774 12.9991
-0.9723 2.4684 12.9991
-0.9468 2.4665 12.9991
-0.9252 2.4747 12.9991
-0.9002 2.4733 12.9991
-0.8749 2.4707 12.9991
-0.8546 2.4820 12.9991
-0.8294 2.4789 12.9991
-0.8090 2.4899 12.9991
-0.7866 2.4949 12.9991
-0.7646 2.5007 12.9991
-0.7424 2.5064 12.9991
-0.7202 2.5118 12.9991
-0.7010 2.5276 12.9991
-0.6890 2.5713 12.9991
-0.6725 2.6004 12.9991
-0.6638 2.6625 12.9991
-0.6527 2.7187 12.9991
-0.6461 2.7984 12.9991
-0.6331 2.8557 12.9991
-0.6194 2.9139 12.9991
-0.6111 3.0035 12.9991
-0.6093 3.1343 12.9991
-0.5988 3.2310 12.9991
-0.5972 3.3868 12.9991
-0.5902 3.5270 12.9991
-0.5854 3.6959 12.9991
-0.5587 3.7385 12.9991
-0.5763 4.1007 12.9991
-0.5392 4.0957 12.9991
-0.5445 4.4347 12.9991
-0.5225 4.5863 12.9991
-0.5103 4.8553 12.9991
-0.4988 5.1800 12.9991
-0.5092 5.8198 12.9991
-2.8422 2.4321 12.9991
-2.5912 2.4045 12.9991
-2.4467 2.4132 12.9991
-2.2980 2.4178 12.9991
-2.1459 2.4185 12.9991
-1.9564 2.4010 12.9991
-1.8183 2.4018 12.9991
-1.6724 2.3969 12.9991
-1.5527 2.4010 12.9991
-1.4269 2.4002 12.9991
-1.3368 2.4140 12.9991
-1.2397 2.4229 12.9991
-1.1420 2.4299 12.9991
-1.0016 2.4139 12.9991
-0.9385 2.4348 12.9991
-0.8709 2.4523 12.9991
-0.8008 2.4675 12.9991
-2.9770 3.7013 12.9991
-3.0030 3.7932 12.9991
-3.0077 3.9535 12.9991
-2.9879 4.1842 12.9991
-2.9776 4.4274 12.9991
-2.9938 4.6094 12.9991
-2.9896 4.8715 12.9991
-2.9337 5.7853 12.9991
-2.8191 2.4941 13.4473
-2.7630 2.4878 13.4473
-2.7132 2.4862 13.4473
-2.6672 2.4872 13.4473
-2.6302 2.4960 13.4473
-2.5997 2.5105 13.4473
-2.5506 2.5065 13.4473
-2.5010 2.5010 13.4473
-2.4434 2.4864 13.4473
-2.4049 2.4904 13.4473
-2.3590 2.4859 13.4473
-2.3127 2.4800 13.4473
-2.2659 2.4728 13.4473
-2.2295 2.4762 13.4473
-2.1853 2.4701 13.4473
-2.1414 2.4634 13.4473
-2.0990 2.4576 13.4473
-2.0666 2.4628 13.4473
-2.0272 2.4592 13.4473
-1.9924 2.4604 13.4473
-1.9559 2.4590 13.4473
-1.9202 2.4578 13.4473
-1.8835 2.4546 13.4473
-1.8542 2.4606 13.4473
-1.8184 2.4574 13.4473
-1.7892 2.4626 13.4473
-1.7566 2.4627 13.4473
-1.7184 2.4542 13.4473
-1.6856 2.4526 13.4473
-1.6642 2.4672 13.4473
-1.6288 2.4608 13.4473
-1.5974 2.4598 13.4473
-1.5635 2.4543 13.4473
-1.5352 2.4568 13.4473
-1.5074 2.4599 13.4473
-1.4792 2.4618 13.4473
-1.4516 2.4643 13.4473
-1.4220 2.4630 13.4473
-1.3936 2.4631 13.4473
-1.3575 2.4489 13.4473
-1.3303 2.4501 13.4473
-1.3117 2.4670 13.4473
-1.2790 2.4570 13.4473
-1.2494 2.4520 13.4473
-1.2235 2.4539 13.4473
-1.2016 2.4636 13.4473
-1.1753 2.4641 13.4473
-1.1491 2.4643 13.4473
-1.1226 2.4633 13.4473
-1.1010 2.4730 13.4473
-1.0782 2.4797 13.4473
-1.0499 2.4734 13.4473
-1.0264 2.4778 13.4473
-1.0017 2.4793 13.4473
-0.9760 2.4777 13.4473
-0.9475 2.4684 13.4473
-0.9256 2.4756 13.4473
-0.9050 2.4864 13.4473
-0.8789 2.4820 13.4473
-0.8559 2.4858 13.4473
-0.8301 2.4808 13.4473
-0.8130 2.5022 13.4473
-0.7912 2.5092 13.4473
-0.7643 2.4998 13.4473
-0.7424 2.5064 13.4473
-0.7224 2.5195 13.4473
-0.7063 2.5469 13.4473
-0.6923 2.5839 13.4473
-0.6760 2.6140 13.4473
-0.6687 2.6819 13.4473
-0.6576 2.7392 13.4473
-0.6452 2.7945 13.4473
-0.6340 2.8596 13.4473
-0.6246 2.9384 13.4473
-0.6127 3.0113 13.4473
-0.6144 3.1608 13.4473
-0.6105 3.2939 13.4473
-0.6000 3.4025 13.4473
-0.5935 3.5467 13.4473
-0.5919 3.7374 13.4473
-0.5704 3.8166 13.4473
-0.5508 3.9195 13.4473
-0.5370 4.0788 13.4473
-0.5307 4.3225 13.4473
-0.5241 4.6002 13.4473
-0.5117 4.8682 13.4473
-0.5236 5.4378 13.4473
-0.4950 5.6584 13.4473
-2.8422 2.4321 13.4473
-2.6614 2.4308 13.4473
-2.4467 2.4132 13.4473
-2.2487 2.3984 13.4473
-2.0930 2.3971 13.4473
-1.9306 2.3902 13.4473
-1.8183 2.4018 13.4473
-1.6715 2.3965 13.4473
-1.5554 2.4022 13.4473
-1.4642 2.4172 13.4473
-1.3368 2.4140 13.4473
-1.2036 2.4057 13.4473
-1.1402 2.4290 13.4473
-1.0365 2.4313 13.4473
-0.9367 2.4338 13.4473
-0.8727 2.4533 13.4473
-0.7999 2.4671 13.4473
-2.9910 3.7090 13.4473
-3.0013 3.7922 13.4473
-2.9947 3.9460 13.4473
-2.9976 4.1085 13.4473
-3.0016 4.3586 13.4473
-3.0112 4.5347 13.4473
-2.9893 4.7819 13.4473
-3.0108 4.9774 13.4473
-2.8909 5.9550 13.4473
-2.8216 2.5855 13.8956
-2.7711 2.5841 13.8956
-2.7078 2.5696 13.8956
-2.6457 2.5550 13.8956
-2.5955 2.5506 13.8956
-2.5548 2.5548 13.8956
-2.5093 2.5534 13.8956
-2.4542 2.5414 13.8956
-2.3982 2.5272 13.8956
-2.3618 2.5327 13.8956
-2.3193 2.5311 13.8956
-2.2831 2.5356 13.8956
-2.2032 2.4903 13.8956
-2.1729 2.4996 13.8956
-2.1334 2.4979 13.8956
-2.0878 2.4881 13.8956
-2.0545 2.4923 13.8956
-2.0201 2.4946 13.8956
-1.9815 2.4910 13.8956
-1.9455 2.4901 13.8956
-1.9146 2.4951 13.8956
-1.8741 2.4870 13.8956
-1.8410 2.4879 13.8956
-1.8121 2.4942 13.8956
-1.7752 2.4888 13.8956
-1.7465 2.4943 13.8956
-1.7049 2.4806 13.8956
-1.6843 2.4971 13.8956
-1.6497 2.4925 13.8956
-1.6132 2.4841 13.8956
-1.5850 2.4880 13.8956
-1.5564 2.4907 13.8956
-1.5199 2.4803 13.8956
-1.4895 2.4789 13.8956
-1.4632 2.4841 13.8956
-1.4405 2.4950 13.8956
-1.4014 2.4770 13.8956
-1.3803 2.4900 13.8956
-1.3461 2.4791 13.8956
-1.3145 2.4723 13.8956
-1.3049 2.5067 13.8956
-1.2798 2.5117 13.8956
-1.2494 2.5058 13.8956
-1.2217 2.5049 13.8956
-1.1934 2.5020 13.8956
-1.1690 2.5068 13.8956
-1.1470 2.5170 13.8956
-1.1173 2.5095 13.8956
-1.0994 2.5283 13.8956
-1.0753 2.5332 13.8956
-1.0508 2.5370 13.8956
-1.0234 2.5331 13.8956
-0.9958 2.5279 13.8956
-0.9697 2.5263 13.8956
-0.9501 2.5412 13.8956
-0.9231 2.5362 13.8956
-0.8976 2.5348 13.8956
-0.8755 2.5425 13.8956
-0.8535 2.5510 13.8956
-0.8275 2.5469 13.8956
-0.8080 2.5626 13.8956
-0.7818 2.5572 13.8956
-0.7614 2.5706 13.8956
-0.7376 2.5723 13.8956
-0.7191 2.5931 13.8956
-0.7045 2.6293 13.8956
-0.6956 2.6895 13.8956
-0.6817 2.7343 13.8956
-0.6677 2.7810 13.8956
-0.6575 2.8481 13.8956
-0.6461 2.9142 13.8956
-0.6335 2.9804 13.8956
-0.6208 3.0515 13.8956
-0.6119 3.1481 13.8956
-0.5852 3.1572 13.8956
-0.5607 3.1799 13.8956
-0.5367 3.2074 13.8956
-0.5068 3.2001 13.8956
-0.4804 3.2143 13.8956
-0.4525 3.2194 13.8956
-0.4259 3.2351 13.8956
-0.3983 3.2436 13.8956
-0.5330 4.6777 13.8956
-0.5147 4.8970 13.8956
-0.5598 5.8141 13.8956
-2.5921 2.4049 13.8956
-2.5177 2.4405 13.8956
-2.3473 2.4372 13.8956
-2.1691 2.4278 13.8956
-2.0368 2.4342 13.8956
-1.8754 2.4260 13.8956
-1.6990 2.4084 13.8956
-1.6139 2.4282 13.8956
-1.4896 2.4289 13.8956
-1.3613 2.4254 13.8956
-1.2650 2.4350 13.8956
-1.0719 2.3957 13.8956
-1.0777 2.4519 13.8956
-0.8940 2.4644 13.8956
-0.7984 2.5184 13.8956
-2.9862 3.8621 13.8956
-3.0007 3.9495 13.8956
-3.0028 4.1115 13.8956
-3.0148 4.2833 13.8956
-3.0054 4.5309 13.8956
-2.9999 4.7894 13.8956
-2.9590 5.2171 13.8956
-2.9945 5.4364 13.8956
-3.0084 5.7465 13.8956
-2.7924 2.7441 14.3438
-2.7323 2.7323 14.3438
-2.6642 2.7111 14.3438
-2.6133 2.7062 14.3438
-2.5627 2.7006 14.3438
-2.5145 2.6965 14.3438
-2.4591 2.6837 14.3438
-2.4102 2.6768 14.3438
-2.3649 2.6730 14.3438
-2.3179 2.6664 14.3438
-2.2789 2.6683 14.3438
-2.2150 2.6398 14.3438
-2.1817 2.6467 14.3438
-2.1428 2.6462 14.3438
-2.1022 2.6429 14.3438
-2.0526 2.6272 14.3438
-2.0308 2.6466 14.3438
-1.9800 2.6275 14.3438
-1.9534 2.6399 14.3438
-1.9191 2.6414 14.3438
-1.8832 2.6402 14.3438
-1.8463 2.6369 14.3438
-1.8051 2.6265 14.3438
-1.7743 2.6305 14.3438
-1.7430 2.6334 14.3438
-1.7080 2.6301 14.3438
-1.6758 2.6305 14.3438
-1.6417 2.6273 14.3438
-1.6213 2.6457 14.3438
-1.5796 2.6289 14.3438
-1.5561 2.6418 14.3438
-1.5195 2.6319 14.3438
-1.5004 2.6520 14.3438
-1.4593 2.6326 14.3438
-1.4305 2.6347 14.3438
-1.4075 2.6471 14.3438
-1.3709 2.6335 14.3438
-1.3334 2.6169 14.3438
-1.3283 2.6642 14.3438
-1.2941 2.6532 14.3438
-1.2713 2.6653 14.3438
-1.2425 2.6645 14.3438
-1.2097 2.6544 14.3438
-1.1812 2.6529 14.3438
-1.1588 2.6650 14.3438
-1.1339 2.6713 14.3438
-1.1079 2.6746 14.3438
-1.0800 2.6731 14.3438
-1.0559 2.6805 14.3438
-1.0292 2.6812 14.3438
-1.0019 2.6798 14.3438
-0.9744 2.6772 14.3438
-0.9517 2.6875 14.3438
-0.9243 2.6843 14.3438
-0.9018 2.6951 14.3438
-0.8739 2.6896 14.3438
-0.8537 2.7076 14.3438
-0.8292 2.7121 14.3438
-0.8035 2.7125 14.3438
-0.7806 2.7223 14.3438
-0.7579 2.7329 14.3438
-0.7379 2.7539 14.3438
-0.7203 2.7854 14.3438
-0.7045 2.8255 14.3438
-0.6903 2.8753 14.3438
-0.6787 2.9397 14.3438
-0.6662 3.0050 14.3438
-0.6524 3.0694 14.3438
-0.6418 3.1544 14.3438
-0.6280 3.2305 14.3438
-0.5988 3.2310 14.3438
-0.5704 3.2351 14.3438
-0.5420 3.2390 14.3438
-0.5128 3.2376 14.3438
-0.4858 3.2509 14.3438
-0.4704 3.3471 14.3438
-0.5107 3.8795 14.3438
-0.4208 3.4273 14.3438
-0.3924 3.4437 14.3438
-0.3694 3.5146 14.3438
-0.3552 3.6889 14.3438
-0.3301 3.7736 14.3438
-0.2997 3.8082 14.3438
-2.7734 2.6051 14.3438
-2.5835 2.5953 14.3438
-2.3611 2.5686 14.3438
-2.1810 2.5558 14.3438
-2.0209 2.5484 14.3438
-1.8834 2.5482 14.3438
-1.7408 2.5433 14.3438
-1.6223 2.5471 14.3438
-1.5349 2.5637 14.3438
-1.4081 2.5596 14.3438
-1.3112 2.5683 14.3438
-1.2191 2.5778 14.3438
-1.1157 2.5798 14.3438
-1.0542 2.6023 14.3438
-0.9487 2.6000 14.3438
-0.8803 2.6165 14.3438
-0.8121 2.6320 14.3438
-2.9522 4.0009 14.3438
-2.9973 4.1899 14.3438
-2.9974 4.3559 14.3438
-2.9862 4.6915 14.3438
-2.9904 4.8721 14.3438
-2.9819 5.1407 14.3438
-2.9639 5.5097 14.3438
-2.9803 5.9288 14.3438
-2.5118 3.1578 14.7921
-2.4713 3.1631 14.7921
-2.4174 3.1504 14.7921
-2.3615 3.1338 14.7921
-2.3156 3.1294 14.7921
-2.2618 3.1131 14.7921
-2.2136 3.1034 14.7921
-2.1716 3.1013 14.7921
-2.1382 3.1111 14.7921
-2.0981 3.1105 14.7921
-2.0587 3.1104 14.7921
-2.0201 3.1106 14.7921
-1.9853 3.1163 14.7921
-1.9432 3.1098 14.7921
-1.9071 3.1121 14.7921
-1.8655 3.1047 14.7921
-1.8322 3.1105 14.7921
-1.7950 3.1090 14.7921
-1.7604 3.1115 14.7921
-1.7157 3.0953 14.7921
-1.6844 3.1022 14.7921
-1.6582 3.1186 14.7921
-1.6198 3.1116 14.7921
-1.5894 3.1194 14.7921
-1.5572 3.1233 14.7921
-1.5273 3.1314 14.7921
-1.4973 3.1392 14.7921
-1.4542 3.1186 14.7921
-1.4361 3.1512 14.7921
-1.3980 3.1399 14.7921
-1.3737 3.1593 14.7921
-1.3390 3.1546 14.7921
-1.3134 3.1708 14.7921
-1.2886 3.1895 14.7921
-1.2758 3.2388 14.7921
-1.2636 3.2918 14.7921
-1.2639 3.3804 14.7921
-1.3794 3.7898 14.7921
-1.3379 3.7781 14.7921
-1.1112 3.2271 14.7921
-1.0861 3.2461 14.7921
-1.0547 3.2460 14.7921
-1.0302 3.2674 14.7921
-1.0063 3.2916 14.7921
-0.9719 3.2811 14.7921
-0.9490 3.3096 14.7921
-0.9185 3.3120 14.7921
-1.0353 3.8637 14.7921
-0.9965 3.8532 14.7921
-0.9735 3.9045 14.7921
-0.9408 3.9187 14.7921
-0.9081 3.9335 14.7921
-0.8822 3.9794 14.7921
-0.8589 4.0407 14.7921
-0.8254 4.0569 14.7921
-0.7978 4.1042 14.7921
-0.7699 4.1543 14.7921
-0.7519 4.2642 14.7921
-0.7265 4.3416 14.7921
-0.7068 4.4624 14.7921
-0.6919 4.6296 14.7921
-0.6946 4.9424 14.7921
-0.6538 4.9661 14.7921
-0.6761 5.5066 14.7921
-0.6554 5.7528 14.7921
-2.8398 2.9741 14.7921
-2.6872 2.9746 14.7921
-2.5341 2.9723 14.7921
-2.4826 3.0157 14.7921
-2.4048 3.0458 14.7921
-2.1068 2.9650 14.7921
-2.0513 3.0018 14.7921
-1.9646 3.0217 14.7921
-1.8488 3.0248 14.7921
-1.5858 2.9460 14.7921
-1.5302 2.9767 14.7921
-1.6702 3.1175 14.7921
-1.2799 2.9560 14.7921
-1.1850 2.9600 14.7921
-1.0861 2.9599 14.7921
-1.0226 2.9798 14.7921
-0.9583 2.9983 14.7921
-2.9150 4.5563 14.7921
-2.8992 4.8071 14.7921
-2.9124 4.9965 14.7921
-2.9352 5.1988 14.7921
-2.9609 5.4097 14.7921
-2.9449 5.6932 14.7921
