-2.8711 4.1775 0.0000
-2.7881 4.1336 0.0000
-2.7304 4.1252 0.0000
-2.6769 4.1221 0.0000
-2.6301 4.1284 0.0000
-2.6125 4.1809 0.0000
-2.6000 4.2427 0.0000
-2.5819 4.2970 0.0000
-2.5631 4.3512 0.0000
-2.5550 4.4254 0.0000
-2.5133 4.4423 0.0000
-2.4619 4.4413 0.0000
-2.4111 4.4407 0.0000
-2.3577 4.4342 0.0000
-2.3115 4.4404 0.0000
-2.2604 4.4363 0.0000
-2.2109 4.4344 0.0000
-2.1620 4.4329 0.0000
-2.1177 4.4398 0.0000
-2.0662 4.4309 0.0000
-2.0196 4.4315 0.0000
-1.9710 4.4270 0.0000
-1.9276 4.4331 0.0000
-1.8790 4.4267 0.0000
-1.8346 4.4291 0.0000
-1.7861 4.4208 0.0000
-1.7434 4.4260 0.0000
-1.6972 4.4214 0.0000
-1.6498 4.4127 0.0000
-1.6075 4.4166 0.0000
-1.5639 4.4163 0.0000
-1.5204 4.4156 0.0000
-1.4767 4.4135 0.0000
-1.4332 4.4110 0.0000
-1.3884 4.4033 0.0000
-1.3472 4.4067 0.0000
-1.3048 4.4048 0.0000
-1.2621 4.4016 0.0000
-1.2194 4.3970 0.0000
-1.1794 4.4017 0.0000
-1.1340 4.3847 0.0000
-1.0913 4.3770 0.0000
-1.0517 4.3805 0.0000
-1.0127 4.3866 0.0000
-0.9716 4.3826 0.0000
-0.9306 4.3782 0.0000
-0.8886 4.3675 0.0000
-0.7712 3.9677 0.0000
-0.7350 3.9655 0.0000
-0.6988 3.9629 0.0000
-0.6605 3.9471 0.0000
-0.6270 3.9587 0.0000
-0.5896 3.9452 0.0000
-0.5739 4.0839 0.0000
-0.5374 4.0818 0.0000
-0.4519 3.6804 0.0000
-0.3715 3.2609 0.0000
-0.3430 3.2630 0.0000
-0.4107 4.2653 0.0000
-2.8116 3.9967 0.0000
-2.6904 4.0018 0.0000
-2.8723 4.1943 0.0000
-2.9725 4.4241 0.0000
-2.5742 4.2455 0.0000
-2.5099 4.3642 0.0000
-2.3847 4.3586 0.0000
-2.2887 4.3715 0.0000
-2.1621 4.3608 0.0000
-2.0338 4.3464 0.0000
-1.9038 4.3283 0.0000
-0.3854 3.2423 0.0000
-1.6477 4.2875 0.0000
-1.5490 4.2866 0.0000
-0.8151 3.7696 0.0000
-0.7164 3.7560 0.0000
-0.6506 3.7680 0.0000
-0.8509 4.0064 0.0000
-0.5517 3.8176 0.0000
-0.8882 4.1831 0.0000
-2.9679 3.3546 0.4547
-2.8978 3.3336 0.4547
-2.8777 3.3694 0.4547
-2.8970 3.4526 0.4547
-2.8878 3.5032 0.4547
-2.9345 3.6238 0.4547
-2.9364 3.6916 0.4547
-2.9330 3.7541 0.4547
-2.9306 3.8192 0.4547
-2.9314 3.8902 0.4547
-2.9325 3.9630 0.4547
-2.9201 4.0192 0.4547
-2.9204 4.0942 0.4547
-2.9207 4.1711 0.4547
-2.9181 4.2459 0.4547
-2.9179 4.3259 0.4547
-2.9159 4.4054 0.4547
-2.9111 4.4827 0.4547
-2.9095 4.5670 0.4547
-2.8891 4.6236 0.4547
-2.8293 4.6170 0.4547
-2.7549 4.5850 0.4547
-2.6691 4.5313 0.4547
-2.6110 4.5224 0.4547
-2.5522 4.5111 0.4547
-2.4948 4.5008 0.4547
-2.4302 4.4758 0.4547
-2.3666 4.4509 0.4547
-2.3106 4.4386 0.4547
-2.2423 4.4007 0.4547
-2.1819 4.3762 0.4547
-2.1314 4.3699 0.4547
-2.0811 4.3631 0.4547
-2.0231 4.3385 0.4547
-1.9710 4.3250 0.4547
-1.9165 4.3046 0.4547
-1.8709 4.3028 0.4547
-1.8192 4.2859 0.4547
-1.7688 4.2702 0.4547
-1.7236 4.2660 0.4547
-1.6800 4.2650 0.4547
-1.6535 4.3075 0.4547
-1.6187 4.3293 0.4547
-1.5818 4.3461 0.4547
-1.5315 4.3248 0.4547
-1.4888 4.3239 0.4547
-1.4415 4.3082 0.4547
-1.3924 4.2855 0.4547
-1.3544 4.2955 0.4547
-1.3125 4.2929 0.4547
-1.2732 4.2984 0.4547
-1.2307 4.2920 0.4547
-1.1908 4.2939 0.4547
-1.1520 4.2993 0.4547
-1.1154 4.3131 0.4547
-1.0797 4.3304 0.4547
-1.0409 4.3358 0.4547
-0.9999 4.3311 0.4547
-0.9636 4.3465 0.4547
-0.9277 4.3645 0.4547
-0.8882 4.3656 0.4547
-0.8480 4.3624 0.4547
-0.8119 4.3804 0.4547
-0.6788 3.8496 0.4547
-0.5478 3.2735 0.4547
-0.5297 3.3443 0.4547
-0.5108 3.4180 0.4547
-0.4857 3.4560 0.4547
-0.4237 3.2182 0.4547
-0.3922 3.1940 0.4547
-0.3628 3.1844 0.4547
-0.3363 3.1994 0.4547
-0.3100 3.2191 0.4547
-0.2843 3.2496 0.4547
-2.9234 3.2987 0.4547
-2.9691 3.4694 0.4547
-3.0086 3.5652 0.4547
-3.0157 3.7223 0.4547
-3.0068 3.9530 0.4547
-2.9854 4.1826 0.4547
-2.9876 4.4339 0.4547
-2.4208 4.3838 0.4547
-2.1560 4.2769 0.4547
-1.9930 4.2379 0.4547
-0.4510 3.1752 0.4547
-0.3872 3.1854 0.4547
-0.5829 3.3938 0.4547
-1.6438 4.2844 0.4547
-1.4833 4.2343 0.4547
-0.5175 3.5286 0.4547
-0.5174 3.5919 0.4547
-0.5173 3.6562 0.4547
-0.5171 3.7213 0.4547
-0.5177 3.7881 0.4547
-0.5182 3.8558 0.4547
-0.5193 3.9251 0.4547
-0.5195 3.9948 0.4547
-0.5211 4.0668 0.4547
-0.5224 4.1398 0.4547
-0.5235 4.2138 0.4547
-0.5258 4.2903 0.4547
-0.5285 4.3685 0.4547
-0.5309 4.4478 0.4547
-2.9566 3.3418 0.9094
-2.9260 3.3660 0.9094
-2.9017 3.3975 0.9094
-2.8996 3.4556 0.9094
-2.8980 3.5155 0.9094
-2.9427 3.6339 0.9094
-2.9383 3.6939 0.9094
-2.9416 3.7651 0.9094
-2.9403 3.8319 0.9094
-2.9326 3.8918 0.9094
-2.9313 3.9614 0.9094
-2.9225 4.0224 0.9094
-2.9267 4.1031 0.9094
-2.9184 4.1678 0.9094
-2.9147 4.2410 0.9094
-2.9195 4.3284 0.9094
-2.9186 4.4096 0.9094
-2.8517 4.3913 0.9094
-2.7891 4.3780 0.9094
-2.7222 4.3564 0.9094
-2.6397 4.3075 0.9094
-2.5546 4.2515 0.9094
-2.4874 4.2228 0.9094
-2.4270 4.2037 0.9094
-2.3548 4.1620 0.9094
-2.2902 4.1317 0.9094
-2.2293 4.1058 0.9094
-2.1699 4.0810 0.9094
-2.1180 4.0687 0.9094
-2.0752 4.0728 0.9094
-2.0289 4.0693 0.9094
-1.9814 4.0625 0.9094
-1.9339 4.0544 0.9094
-1.8883 4.0494 0.9094
-1.8421 4.0420 0.9094
-1.7978 4.0379 0.9094
-1.7190 3.9534 0.9094
-1.6876 3.9757 0.9094
-1.6578 4.0022 0.9094
-1.6220 4.0147 0.9094
-1.5859 4.0259 0.9094
-1.5510 4.0405 0.9094
-1.5052 4.0258 0.9094
-1.4591 4.0087 0.9094
-1.4167 4.0006 0.9094
-1.3814 4.0118 0.9094
-1.3498 4.0342 0.9094
-1.3133 4.0420 0.9094
-1.2726 4.0361 0.9094
-1.2283 4.0174 0.9094
-1.1943 4.0318 0.9094
-1.1596 4.0440 0.9094
-1.1288 4.0704 0.9094
-1.0938 4.0820 0.9094
-1.0549 4.0788 0.9094
-1.0168 4.0782 0.9094
-0.9840 4.0985 0.9094
-0.9504 4.1167 0.9094
-0.9147 4.1258 0.9094
-0.8809 4.1444 0.9094
-0.8467 4.1617 0.9094
-0.8132 4.1837 0.9094
-0.7761 4.1877 0.9094
-0.7399 4.1963 0.9094
-0.5697 3.4047 0.9094
-0.5225 3.2989 0.9094
-0.4898 3.2776 0.9094
-0.4626 3.2917 0.9094
-0.4395 3.3382 0.9094
-0.3963 3.2278 0.9094
-0.3686 3.2351 0.9094
-0.3397 3.2322 0.9094
-0.3082 3.2012 0.9094
-0.4779 5.4621 0.9094
-0.4610 5.8579 0.9094
-2.9962 3.2607 0.9094
-2.9468 3.3101 0.9094
-3.0143 3.4174 0.9094
-3.0228 3.5725 0.9094
-2.8510 3.5577 0.9094
-2.9917 3.7868 0.9094
-3.0016 3.9500 0.9094
-2.9845 4.1821 0.9094
-2.5733 4.1649 0.9094
-2.2182 4.0098 0.9094
-2.0926 4.0016 0.9094
-1.9388 3.9716 0.9094
-1.7458 3.9112 0.9094
-1.5934 3.9476 0.9094
-0.5169 3.2239 0.9094
-0.3496 3.1571 0.9094
-0.5837 3.3945 0.9094
-2.9298 5.2891 0.9094
-1.2094 4.0165 0.9094
-0.5175 3.5286 0.9094
-0.5166 3.5913 0.9094
-0.5173 3.6562 0.9094
-0.5171 3.7213 0.9094
-0.5177 3.7881 0.9094
-0.5182 3.8558 0.9094
-0.5185 3.9245 0.9094
-0.5195 3.9948 0.9094
-0.5211 4.0668 0.9094
-0.5217 4.1391 0.9094
-0.5242 4.2145 0.9094
-2.9910 3.3219 1.3641
-2.9566 3.3418 1.3641
-2.9175 3.3562 1.3641
-2.9011 3.3967 1.3641
-2.8990 3.4549 1.3641
-2.9069 3.5263 1.3641
-2.9383 3.6285 1.3641
-2.9401 3.6963 1.3641
-2.9355 3.7572 1.3641
-2.9403 3.8319 1.3641
-2.9314 3.8902 1.3641
-2.9277 3.9566 1.3641
-2.9248 4.0257 1.3641
-2.9215 4.0958 1.3641
-2.9218 4.1728 1.3641
-2.8853 4.1981 1.3641
-2.7932 4.1410 1.3641
-2.7161 4.1036 1.3641
-2.6426 4.0692 1.3641
-2.5710 4.0356 1.3641
-2.4954 3.9935 1.3641
-2.4145 3.9401 1.3641
-2.3517 3.9138 1.3641
-2.2854 3.8799 1.3641
-2.2260 3.8555 1.3641
-2.1780 3.8496 1.3641
-2.1206 3.8256 1.3641
-2.0666 3.8062 1.3641
-2.0173 3.7940 1.3641
-1.9832 3.8097 1.3641
-1.9385 3.8046 1.3641
-1.8972 3.8053 1.3641
-1.8539 3.8010 1.3641
-1.7759 3.7232 1.3641
-1.7294 3.7086 1.3641
-1.6957 3.7208 1.3641
-1.6652 3.7401 1.3641
-1.6269 3.7416 1.3641
-1.5942 3.7557 1.3641
-1.5571 3.7593 1.3641
-1.5179 3.7569 1.3641
-1.4829 3.7645 1.3641
-1.4492 3.7754 1.3641
-1.4127 3.7785 1.3641
-1.3780 3.7860 1.3641
-1.3406 3.7856 1.3641
-1.3091 3.8019 1.3641
-1.2768 3.8161 1.3641
-1.2509 3.8499 1.3641
-1.2139 3.8502 1.3641
-1.1818 3.8654 1.3641
-1.1446 3.8640 1.3641
-1.1108 3.8739 1.3641
-1.0748 3.8757 1.3641
-1.0389 3.8772 1.3641
-1.0055 3.8881 1.3641
-0.9711 3.8948 1.3641
-0.9342 3.8914 1.3641
-0.9009 3.9024 1.3641
-0.8655 3.9042 1.3641
-0.8360 3.9331 1.3641
-0.8050 3.9569 1.3641
-0.7697 3.9599 1.3641
-0.7381 3.9822 1.3641
-0.7043 3.9944 1.3641
-0.5598 3.3455 1.3641
-0.5200 3.2831 1.3641
-0.4882 3.2667 1.3641
-0.4622 3.2887 1.3641
-0.4317 3.2787 1.3641
-0.3947 3.2149 1.3641
-0.3667 3.2182 1.3641
-0.3395 3.2302 1.3641
-0.3154 3.2758 1.3641
-0.5034 5.7540 1.3641
-0.4628 5.8808 1.3641
-2.9971 3.2611 1.3641
-2.9450 3.3093 1.3641
-3.0152 3.4179 1.3641
-2.8835 3.4258 1.3641
-2.9922 3.6328 1.3641
-2.9943 3.7883 1.3641
-3.0025 3.9505 1.3641
-2.4712 3.8675 1.3641
-2.1930 3.7698 1.3641
-2.0106 3.7272 1.3641
-1.7640 3.6393 1.3641
-1.7037 3.6693 1.3641
-1.6118 3.6773 1.3641
-1.5193 3.6833 1.3641
-1.4255 3.6869 1.3641
-1.3630 3.7113 1.3641
-0.5177 3.2245 1.3641
-0.4199 3.2101 1.3641
-0.5837 3.3945 1.3641
-1.0449 3.8165 1.3641
-0.5489 3.4911 1.3641
-0.9146 3.8502 1.3641
-0.5174 3.5919 1.3641
-0.5173 3.6562 1.3641
-0.5171 3.7213 1.3641
-0.5177 3.7881 1.3641
-0.5182 3.8558 1.3641
-0.5185 3.9245 1.3641
-0.5203 3.9954 1.3641
-0.5203 4.0661 1.3641
-3.0218 3.3560 1.8188
-2.9480 3.3321 1.8188
-2.9182 3.3569 1.8188
-2.8965 3.3914 1.8188
-2.8906 3.4449 1.8188
-2.9081 3.5279 1.8188
-2.9370 3.6269 1.8188
-2.9314 3.6853 1.8188
-2.9386 3.7612 1.8188
-2.9354 3.8255 1.8188
-2.9332 3.8925 1.8188
-2.9313 3.9614 1.8188
-2.9219 4.0216 1.8188
-2.8640 4.0152 1.8188
-2.7859 3.9786 1.8188
-2.7069 3.9385 1.8188
-2.6249 3.8915 1.8188
-2.5395 3.8367 1.8188
-2.4699 3.8034 1.8188
-2.3872 3.7472 1.8188
-2.3210 3.7145 1.8188
-2.2577 3.6843 1.8188
-2.1961 3.6550 1.8188
-2.1408 3.6344 1.8188
-2.0850 3.6113 1.8188
-2.0367 3.5998 1.8188
-1.9897 3.5894 1.8188
-1.9492 3.5900 1.8188
-1.8943 3.5627 1.8188
-1.8331 3.5214 1.8188
-1.7819 3.4972 1.8188
-1.7571 3.5243 1.8188
-1.7311 3.5493 1.8188
-1.6984 3.5607 1.8188
-1.6588 3.5573 1.8188
-1.6007 3.5125 1.8188
-1.5208 3.4157 1.8188
-1.4885 3.4234 1.8188
-1.4711 3.4657 1.8188
-1.4450 3.4886 1.8188
-1.4228 3.5214 1.8188
-1.3953 3.5421 1.8188
-1.3754 3.5831 1.8188
-1.3472 3.6034 1.8188
-1.3212 3.6300 1.8188
-1.2872 3.6348 1.8188
-1.2515 3.6346 1.8188
-1.2150 3.6311 1.8188
-1.1842 3.6444 1.8188
-1.1520 3.6537 1.8188
-1.1230 3.6732 1.8188
-1.0920 3.6867 1.8188
-1.0618 3.7028 1.8188
-1.0305 3.7158 1.8188
-1.0027 3.7420 1.8188
-0.9695 3.7487 1.8188
-0.9372 3.7589 1.8188
-0.9032 3.7621 1.8188
-0.8730 3.7815 1.8188
-0.8407 3.7919 1.8188
-0.8088 3.8050 1.8188
-0.7779 3.8237 1.8188
-0.7464 3.8401 1.8188
-0.7156 3.8612 1.8188
-0.6821 3.8683 1.8188
-0.5544 3.3129 1.8188
-0.5206 3.2870 1.8188
-0.4878 3.2638 1.8188
-0.4619 3.2867 1.8188
-0.4289 3.2579 1.8188
-0.3953 3.2198 1.8188
-0.3667 3.2182 1.8188
-0.3388 3.2232 1.8188
-0.3153 3.2749 1.8188
-0.4877 5.5747 1.8188
-2.9709 3.2486 1.8188
-2.8998 3.3603 1.8188
-2.9949 3.6342 1.8188
-2.9960 3.7893 1.8188
-3.0025 3.9505 1.8188
-2.2069 3.5619 1.8188
-1.9390 3.4724 1.8188
-1.8190 3.4678 1.8188
-1.5460 3.3655 1.8188
-1.6690 3.5096 1.8188
-2.9868 4.4334 1.8188
-1.3289 3.5525 1.8188
-1.2658 3.5751 1.8188
-1.2018 3.5963 1.8188
-1.1387 3.6172 1.8188
-0.5193 3.2257 1.8188
-0.4207 3.2107 1.8188
-0.5845 3.3951 1.8188
-0.9125 3.7131 1.8188
-0.5489 3.4911 1.8188
-0.8151 3.7696 1.8188
-0.5174 3.5919 1.8188
-0.5173 3.6562 1.8188
-0.5171 3.7213 1.8188
-0.5177 3.7881 1.8188
-0.5182 3.8558 1.8188
-0.5185 3.9245 1.8188
-2.9930 3.3241 2.2735
-2.9487 3.3329 2.2735
-2.9103 3.3479 2.2735
-2.8952 3.3899 2.2735
-2.8938 3.4487 2.2735
-2.9088 3.5286 2.2735
-2.9339 3.6231 2.2735
-2.9352 3.6900 2.2735
-2.9373 3.7596 2.2735
-2.9379 3.8287 2.2735
-2.9345 3.8941 2.2735
-2.9069 3.9284 2.2735
-2.8167 3.8768 2.2735
-2.7096 3.7987 2.2735
-2.6362 3.7648 2.2735
-2.5415 3.6979 2.2735
-2.4716 3.6643 2.2735
-2.4098 3.6407 2.2735
-2.3365 3.5979 2.2735
-2.2760 3.5726 2.2735
-2.2198 3.5525 2.2735
-2.1506 3.5095 2.2735
-2.0900 3.4784 2.2735
-2.0423 3.4672 2.2735
-2.0010 3.4658 2.2735
-1.9648 3.4727 2.2735
-1.9165 3.4574 2.2735
-1.8519 3.4107 2.2735
-1.8037 3.3923 2.2735
-1.7417 3.3458 2.2735
-1.6675 3.2727 2.2735
-1.6456 3.3005 2.2735
-1.6233 3.3282 2.2735
-1.5968 3.3477 2.2735
-1.5738 3.3751 2.2735
-1.5559 3.4142 2.2735
-1.5326 3.4422 2.2735
-1.5041 3.4592 2.2735
-1.4785 3.4832 2.2735
-1.4500 3.5006 2.2735
-1.4138 3.4992 2.2735
-1.3773 3.4965 2.2735
-1.3464 3.5075 2.2735
-1.3189 3.5275 2.2735
-1.2846 3.5295 2.2735
-1.2551 3.5443 2.2735
-1.2202 3.5438 2.2735
-1.1908 3.5591 2.2735
-1.1548 3.5541 2.2735
-1.1276 3.5764 2.2735
-1.0984 3.5928 2.2735
-1.0659 3.5985 2.2735
-1.0394 3.6249 2.2735
-1.0080 3.6348 2.2735
-0.9737 3.6338 2.2735
-0.9464 3.6596 2.2735
-0.9149 3.6697 2.2735
-0.8836 3.6804 2.2735
-0.8548 3.7026 2.2735
-0.8205 3.7011 2.2735
-0.7938 3.7346 2.2735
-0.7616 3.7433 2.2735
-0.7308 3.7596 2.2735
-0.7020 3.7875 2.2735
-0.6703 3.8014 2.2735
-0.5544 3.3129 2.2735
-0.5192 3.2781 2.2735
-0.4879 3.2647 2.2735
-0.4614 3.2827 2.2735
-0.4283 3.2529 2.2735
-0.3956 3.2218 2.2735
-0.3666 3.2172 2.2735
-0.3392 3.2272 2.2735
-0.3181 3.3037 2.2735
-0.4876 5.5737 2.2735
-0.4628 5.8808 2.2735
-2.9700 3.2482 2.2735
-2.9261 3.3001 2.2735
-3.0206 3.4206 2.2735
-2.9949 3.6342 2.2735
-2.9960 3.7893 2.2735
-2.4361 3.5509 2.2735
-2.0819 3.4190 2.2735
-1.6994 3.2630 2.2735
-1.6084 3.3388 2.2735
-1.4847 3.4579 2.2735
-1.3910 3.4623 2.2735
-1.3290 3.4866 2.2735
-1.2655 3.5089 2.2735
-1.2019 3.5304 2.2735
-1.1383 3.5510 2.2735
-1.0740 3.5702 2.2735
-0.5201 3.2263 2.2735
-0.4207 3.2107 2.2735
-0.5837 3.3945 2.2735
-0.5489 3.4911 2.2735
-0.7490 3.7161 2.2735
-0.5174 3.5919 2.2735
-0.5173 3.6562 2.2735
-0.5179 3.7220 2.2735
-0.5177 3.7881 2.2735
-0.5182 3.8558 2.2735
-2.9756 3.3048 2.7283
-2.9453 3.3291 2.7283
-2.9155 3.3539 2.7283
-2.9011 3.3967 2.7283
-2.8938 3.4487 2.7283
-2.9177 3.5394 2.7283
-2.9339 3.6231 2.7283
-2.9333 3.6876 2.7283
-2.9367 3.7588 2.7283
-2.9354 3.8255 2.7283
-2.8773 3.8183 2.7283
-2.7992 3.7830 2.7283
-2.7185 3.7417 2.7283
-2.6312 3.6888 2.7283
-2.5467 3.6370 2.7283
-2.4763 3.6031 2.7283
-2.3928 3.5475 2.7283
-2.3352 3.5282 2.7283
-2.1682 3.3387 2.7283
-2.1132 3.3171 2.7283
-2.0693 3.3116 2.7283
-2.0283 3.3099 2.7283
-1.9844 3.3027 2.7283
-1.9576 3.3233 2.7283
-1.9080 3.3048 2.7283
-1.8668 3.2995 2.7283
-1.8321 3.3052 2.7283
-1.7707 3.2613 2.7283
-1.7295 3.2528 2.7283
-1.6955 3.2571 2.7283
-1.6575 3.2531 2.7283
-1.6237 3.2567 2.7283
-1.5992 3.2788 2.7283
-1.5860 3.3251 2.7283
-1.5620 3.3497 2.7283
-1.5381 3.3750 2.7283
-1.5135 3.3993 2.7283
-1.4861 3.4179 2.7283
-1.4625 3.4454 2.7283
-1.4343 3.4627 2.7283
-1.3808 3.4176 2.7283
-1.3568 3.4444 2.7283
-1.3202 3.4393 2.7283
-1.2888 3.4470 2.7283
-1.2552 3.4487 2.7283
-1.2187 3.4416 2.7283
-1.1935 3.4663 2.7283
-1.1664 3.4860 2.7283
-1.1366 3.4980 2.7283
-1.1063 3.5087 2.7283
-1.0759 3.5192 2.7283
-1.0472 3.5352 2.7283
-1.0207 3.5596 2.7283
-0.9917 3.5760 2.7283
-0.9638 3.5971 2.7283
-0.9359 3.6189 2.7283
-0.9036 3.6241 2.7283
-0.8747 3.6435 2.7283
-0.8496 3.6802 2.7283
-0.8203 3.7002 2.7283
-0.7892 3.7130 2.7283
-0.7586 3.7286 2.7283
-0.7276 3.7429 2.7283
-0.6991 3.7718 2.7283
-0.6666 3.7807 2.7283
-0.5499 3.2863 2.7283
-0.5176 3.2683 2.7283
-0.4881 3.2657 2.7283
-0.4608 3.2788 2.7283
-0.4256 3.2331 2.7283
-0.3939 3.2079 2.7283
-0.3664 3.2162 2.7283
-0.3407 3.2411 2.7283
-0.3324 3.4520 2.7283
-0.4792 5.4771 2.7283
-0.4670 5.9337 2.7283
-2.9709 3.2486 2.7283
-2.9225 3.2983 2.7283
-3.0206 3.4206 2.7283
-2.9984 3.6361 2.7283
-2.1351 3.2442 2.7283
-2.0208 3.2487 2.7283
-1.8173 3.2008 2.7283
-1.6982 3.1975 2.7283
-1.6090 3.2741 2.7283
-2.9879 4.1842 2.7283
-1.4531 3.3721 2.7283
-1.3916 3.3975 2.7283
-1.2976 3.4005 2.7283
-1.2345 3.4228 2.7283
-2.9846 4.6904 2.7283
-1.1388 3.4862 2.7283
-1.0740 3.5051 2.7283
-0.5209 3.2269 2.7283
-0.4199 3.2101 2.7283
-0.5837 3.3945 2.7283
-2.9290 5.2885 2.7283
-0.5175 3.5286 2.7283
-0.5174 3.5919 2.7283
-0.5173 3.6562 2.7283
-0.5179 3.7220 2.7283
-0.5177 3.7881 2.7283
-0.5182 3.8558 2.7283
-2.9716 3.3003 3.1830
-2.9473 3.3314 3.1830
-2.9096 3.3471 3.1830
-2.8959 3.3907 3.1830
-2.8958 3.4510 3.1830
-2.9234 3.5464 3.1830
-2.9364 3.6262 3.1830
-2.9364 3.6916 3.1830
-2.9287 3.7486 3.1830
-2.9269 3.8144 3.1830
-2.8442 3.7744 3.1830
-2.7398 3.7026 3.1830
-2.6403 3.6341 3.1830
-2.5795 3.6163 3.1830
-2.4951 3.5633 3.1830
-2.4333 3.5404 3.1830
-2.3313 3.4563 3.1830
-2.1840 3.2997 3.1830
-2.1421 3.2985 3.1830
-2.0987 3.2943 3.1830
-2.0571 3.2921 3.1830
-2.0179 3.2929 3.1830
-1.9716 3.2812 3.1830
-1.9342 3.2837 3.1830
-1.8940 3.2805 3.1830
-1.8589 3.2856 3.1830
-1.8006 3.2483 3.1830
-1.7464 3.2165 3.1830
-1.7065 3.2095 3.1830
-1.6868 3.2403 3.1830
-1.6716 3.2807 3.1830
-1.6478 3.3050 3.1830
-1.6233 3.3282 3.1830
-1.5998 3.3540 3.1830
-1.5764 3.3805 3.1830
-1.5501 3.4014 3.1830
-1.5273 3.4304 3.1830
-1.5009 3.4518 3.1830
-1.4656 3.4528 3.1830
-1.4201 3.4285 3.1830
-1.3879 3.4352 3.1830
-1.3509 3.4295 3.1830
-1.3152 3.4262 3.1830
-1.2874 3.4432 3.1830
-1.2566 3.4524 3.1830
-1.2311 3.4765 3.1830
-1.1958 3.4729 3.1830
-1.1661 3.4851 3.1830
-1.1341 3.4904 3.1830
-1.1051 3.5049 3.1830
-1.0759 3.5192 3.1830
-1.0463 3.5323 3.1830
-1.0177 3.5490 3.1830
-0.9899 3.5693 3.1830
-0.9633 3.5952 3.1830
-0.9382 3.6276 3.1830
-0.9091 3.6464 3.1830
-0.8810 3.6697 3.1830
-0.8530 3.6948 3.1830
-0.8246 3.7197 3.1830
-0.7951 3.7404 3.1830
-0.7640 3.7551 3.1830
-0.7333 3.7724 3.1830
-0.7043 3.8003 3.1830
-0.6722 3.8122 3.1830
-0.5514 3.2952 3.1830
-0.5190 3.2771 3.1830
-0.4866 3.2558 3.1830
-0.4602 3.2748 3.1830
-0.4255 3.2321 3.1830
-0.3933 3.2029 3.1830
-0.3656 3.2092 3.1830
-0.3387 3.2223 3.1830
-0.4456 4.6276 3.1830
-2.9709 3.2486 3.1830
-2.9216 3.2979 3.1830
-3.0215 3.4210 3.1830
-2.2470 3.2365 3.1830
-2.1061 3.2285 3.1830
-1.9631 3.2167 3.1830
-1.7581 3.1673 3.1830
-1.6982 3.1975 3.1830
-2.9896 4.1852 3.1830
-1.4531 3.3721 3.1830
-1.3916 3.3975 3.1830
-1.3301 3.4220 3.1830
-1.2660 3.4441 3.1830
-1.1699 3.4432 3.1830
-2.9737 4.7710 3.1830
-1.0748 3.5057 3.1830
-0.5217 3.2275 3.1830
-0.4215 3.2113 3.1830
-0.5845 3.3951 3.1830
-2.9046 5.2694 3.1830
-0.5489 3.4911 3.1830
-0.5174 3.5919 3.1830
-0.5173 3.6562 3.1830
-0.5179 3.7220 3.1830
-0.5177 3.7881 3.1830
-0.5182 3.8558 3.1830
-2.9676 3.2958 3.6377
-2.9394 3.3224 3.6377
-2.9083 3.3456 3.6377
-2.8985 3.3937 3.6377
-2.8945 3.4495 3.6377
-2.9310 3.5556 3.6377
-2.9358 3.6254 3.6377
-2.9352 3.6900 3.6377
-2.9373 3.7596 3.6377
-2.9367 3.8271 3.6377
-2.8051 3.7224 3.6377
-2.6856 3.6294 3.6377
-2.5798 3.5508 3.6377
-2.4924 3.4942 3.6377
-2.4205 3.4568 3.6377
-2.2900 3.3319 3.6377
-2.2211 3.2929 3.6377
-2.1724 3.2822 3.6377
-2.1263 3.2742 3.6377
-2.0885 3.2783 3.6377
-2.0434 3.2701 3.6377
-2.0012 3.2656 3.6377
-1.9649 3.2701 3.6377
-1.9251 3.2682 3.6377
-1.8840 3.2632 3.6377
-1.8333 3.2403 3.6377
-1.7889 3.2273 3.6377
-1.7512 3.2253 3.6377
-1.7150 3.2254 3.6377
-1.6757 3.2190 3.6377
-1.6362 3.2112 3.6377
-1.6143 3.2379 3.6377
-1.6018 3.2842 3.6377
-1.5808 3.3143 3.6377
-1.5535 3.3316 3.6377
-1.5269 3.3505 3.6377
-1.5033 3.3765 3.6377
-1.4758 3.3940 3.6377
-1.4496 3.4151 3.6377
-1.4152 3.4165 3.6377
-1.3752 3.4037 3.6377
-1.3418 3.4063 3.6377
-1.3052 3.4001 3.6377
-1.2758 3.4123 3.6377
-1.2432 3.4158 3.6377
-1.2124 3.4237 3.6377
-1.1828 3.4351 3.6377
-1.1547 3.4509 3.6377
-1.1270 3.4685 3.6377
-1.1000 3.4887 3.6377
-1.0727 3.5087 3.6377
-1.0423 3.5189 3.6377
-1.0163 3.5442 3.6377
-0.9896 3.5683 3.6377
-0.9569 3.5710 3.6377
-0.9317 3.6025 3.6377
-0.9058 3.6328 3.6377
-0.8740 3.6406 3.6377
-0.8449 3.6597 3.6377
-0.8145 3.6738 3.6377
-0.7872 3.7033 3.6377
-0.7566 3.7188 3.6377
-0.7258 3.7341 3.6377
-0.6940 3.7442 3.6377
-0.6626 3.7580 3.6377
-0.5499 3.2863 3.6377
-0.5159 3.2574 3.6377
-0.4866 3.2558 3.6377
-0.4590 3.2659 3.6377
-0.4233 3.2153 3.6377
-0.3941 3.2099 3.6377
-0.3651 3.2043 3.6377
-0.3388 3.2232 3.6377
-0.3146 3.2669 3.6377
-0.5132 5.8656 3.6377
-0.4653 5.9127 3.6377
-2.9700 3.2482 3.6377
-2.9198 3.2970 3.6377
-3.0233 3.4219 3.6377
-2.2188 3.2215 3.6377
-2.0771 3.2127 3.6377
-1.9334 3.2002 3.6377
-1.7581 3.1673 3.6377
-1.6705 3.1815 3.6377
-1.6089 3.2097 3.6377
-2.9854 4.1826 3.6377
-1.4228 3.3527 3.6377
-1.3296 3.3572 3.6377
-1.2659 3.3795 3.6377
-1.2014 3.4005 3.6377
-1.1060 3.4633 3.6377
-1.0084 3.5226 3.6377
-0.4518 3.1758 3.6377
-0.5868 3.3359 3.6377
-0.5853 3.3957 3.6377
-0.7813 3.6759 3.6377
-0.5182 3.5292 3.6377
-0.5174 3.5919 3.6377
-0.5173 3.6562 3.6377
-0.5171 3.7213 3.6377
-0.5509 3.8170 3.6377
-2.8961 5.9596 3.6377
-2.9683 3.2966 4.0924
-2.9407 3.3239 4.0924
-2.9063 3.3434 4.0924
-2.8946 3.3891 4.0924
-2.8932 3.4480 4.0924
-2.9361 3.5618 4.0924
-2.9370 3.6269 4.0924
-2.9383 3.6939 4.0924
-2.9305 3.7509 4.0924
-2.8636 3.7319 4.0924
-2.7304 3.6234 4.0924
-2.6142 3.5330 4.0924
-2.5145 3.4610 4.0924
-2.4494 3.4339 4.0924
-2.3700 3.3847 4.0924
-2.2481 3.2710 4.0924
-2.2105 3.2772 4.0924
-2.1581 3.2605 4.0924
-2.1170 3.2599 4.0924
-2.0751 3.2572 4.0924
-2.0269 3.2438 4.0924
-1.9892 3.2460 4.0924
-1.9520 3.2487 4.0924
-1.9109 3.2440 4.0924
-1.8735 3.2450 4.0924
-1.8111 3.2012 4.0924
-1.7623 3.1792 4.0924
-1.7268 3.1804 4.0924
-1.6892 3.1768 4.0924
-1.6558 3.1808 4.0924
-1.6194 3.1782 4.0924
-1.5831 3.1752 4.0924
-1.5488 3.1754 4.0924
-1.5262 3.1997 4.0924
-1.5033 3.2237 4.0924
-1.4722 3.2304 4.0924
-1.4374 3.2285 4.0924
-1.4156 3.2556 4.0924
-1.3902 3.2752 4.0924
-1.3635 3.2918 4.0924
-1.3310 3.2943 4.0924
-1.3062 3.3160 4.0924
-1.2830 3.3422 4.0924
-1.2541 3.3542 4.0924
-1.2302 3.3801 4.0924
-1.2020 3.3945 4.0924
-1.1808 3.4294 4.0924
-1.1499 3.4367 4.0924
-1.1267 3.4676 4.0924
-1.0985 3.4839 4.0924
-1.0748 3.5154 4.0924
-1.0463 3.5323 4.0924
-1.0177 3.5490 4.0924
-0.9909 3.5731 4.0924
-0.9675 3.6106 4.0924
-0.9359 3.6189 4.0924
-0.9077 3.6405 4.0924
-0.8803 3.6668 4.0924
-0.8521 3.6909 4.0924
-0.8194 3.6963 4.0924
-0.7876 3.7052 4.0924
-0.7594 3.7325 4.0924
-0.7323 3.7675 4.0924
-0.6961 3.7560 4.0924
-0.6661 3.7777 4.0924
-0.5486 3.2784 4.0924
-0.5164 3.2604 4.0924
-0.4869 3.2578 4.0924
-0.4562 3.2461 4.0924
-0.4226 3.2103 4.0924
-0.3933 3.2029 4.0924
-0.3653 3.2063 4.0924
-0.3384 3.2193 4.0924
-0.3223 3.3475 4.0924
-0.4800 5.4860 4.0924
-2.9691 3.2478 4.0924
-2.9180 3.2961 4.0924
-3.0206 3.4206 4.0924
-2.1905 3.2065 4.0924
-2.0490 3.1974 4.0924
-1.7882 3.1197 4.0924
-1.6998 3.1343 4.0924
-1.5787 3.1285 4.0924
-1.5176 3.1559 4.0924
-1.4259 3.2270 4.0924
-1.3317 3.2947 4.0924
-2.9784 4.4279 4.0924
-1.2350 3.3591 4.0924
-1.1060 3.4633 4.0924
-2.9514 4.8442 4.0924
-0.5837 3.2140 4.0924
-0.4518 3.1758 4.0924
-0.3856 3.1842 4.0924
-0.5845 3.3951 4.0924
-0.8471 3.6620 4.0924
-2.8951 5.3574 4.0924
-0.5175 3.5286 4.0924
-0.5174 3.5919 4.0924
-0.5173 3.6562 4.0924
-0.5171 3.7213 4.0924
-0.5509 3.8170 4.0924
-2.9736 3.3025 4.5471
-2.9367 3.3194 4.5471
-2.8998 3.3358 4.5471
-2.9030 3.3990 4.5471
-2.8951 3.4503 4.5471
-2.9361 3.5618 4.5471
-2.9377 3.6277 4.5471
-2.9408 3.6970 4.5471
-2.8770 3.6824 4.5471
-2.7711 3.6113 4.5471
-2.6937 3.5747 4.5471
-2.6119 3.5297 4.5471
-2.5281 3.4796 4.5471
-2.4581 3.4462 4.5471
-2.2920 3.2733 4.5471
-2.2384 3.2569 4.5471
-2.1948 3.2540 4.5471
-2.1498 3.2480 4.5471
-2.1039 3.2398 4.5471
-2.0648 3.2412 4.5471
-2.0201 3.2328 4.5471
-1.9792 3.2298 4.5471
-1.9438 3.2349 4.5471
-1.8972 3.2208 4.5471
-1.8455 3.1965 4.5471
-1.8023 3.1855 4.5471
-1.7676 3.1889 4.5471
-1.7316 3.1892 4.5471
-1.6920 3.1821 4.5471
-1.6568 3.1826 4.5471
-1.6212 3.1818 4.5471
-1.5902 3.1895 4.5471
-1.5545 3.1871 4.5471
-1.5206 3.1879 4.5471
-1.4902 3.1956 4.5471
-1.4639 3.2122 4.5471
-1.4394 3.2330 4.5471
-1.4108 3.2446 4.5471
-1.3832 3.2586 4.5471
-1.3570 3.2761 4.5471
-1.3302 3.2924 4.5471
-1.3055 3.3141 4.5471
-1.2772 3.3273 4.5471
-1.2558 3.3589 4.5471
-1.2292 3.3773 4.5471
-1.2050 3.4029 4.5471
-1.1776 3.4199 4.5471
-1.1521 3.4434 4.5471
-1.1248 3.4618 4.5471
-1.0958 3.4753 4.5471
-1.0657 3.4857 4.5471
-1.0418 3.5170 4.5471
-1.0157 3.5422 4.5471
-0.9832 3.5452 4.5471
-0.9550 3.5643 4.5471
-0.9257 3.5792 4.5471
-0.8980 3.6017 4.5471
-0.8672 3.6124 4.5471
-0.8382 3.6305 4.5471
-0.8127 3.6660 4.5471
-0.7865 3.7003 4.5471
-0.7536 3.7041 4.5471
-0.7256 3.7331 4.5471
-0.6952 3.7511 4.5471
-0.6619 3.7541 4.5471
-0.5473 3.2705 4.5471
-0.5150 3.2515 4.5471
-0.4850 3.2450 4.5471
-0.4582 3.2600 4.5471
-0.4217 3.2034 4.5471
-0.3933 3.2029 4.5471
-0.3651 3.2043 4.5471
-0.3392 3.2272 4.5471
-2.9691 3.2478 4.5471
-2.9198 3.2970 4.5471
-3.0215 3.4210 4.5471
-2.2733 3.1824 4.5471
-2.1331 3.1760 4.5471
-1.9910 3.1659 4.5471
-1.8179 3.1362 4.5471
-1.6998 3.1343 4.5471
-1.6099 3.1465 4.5471
-1.5202 3.1574 4.5471
-1.4564 3.1824 4.5471
-2.9862 4.1831 4.5471
-1.3628 3.2511 4.5471
-1.2658 3.3158 4.5471
-1.1377 3.4211 4.5471
-1.0414 3.4819 4.5471
-0.5505 3.1899 4.5471
-0.4510 3.1752 4.5471
-0.5860 3.3353 4.5471
-0.5845 3.3951 4.5471
-0.5489 3.4911 4.5471
-0.5493 3.5544 4.5471
-0.6833 3.7287 4.5471
-0.5173 3.6562 4.5471
-0.5506 3.7499 4.5471
-0.5509 3.8170 4.5471
-2.9709 3.2996 5.0018
-2.9361 3.3186 5.0018
-2.9103 3.3479 5.0018
-2.8965 3.3914 5.0018
-2.8932 3.4480 5.0018
-2.9317 3.5564 5.0018
-2.9414 3.6324 5.0018
-2.9314 3.6853 5.0018
-2.8708 3.6745 5.0018
-2.7918 3.6383 5.0018
-2.7244 3.6154 5.0018
-2.6529 3.5852 5.0018
-2.5910 3.5661 5.0018
-2.4233 3.3973 5.0018
-2.3127 3.3028 5.0018
-2.2401 3.2594 5.0018
-2.1926 3.2507 5.0018
-2.1520 3.2513 5.0018
-2.1094 3.2482 5.0018
-2.0584 3.2310 5.0018
-2.0216 3.2353 5.0018
-1.9782 3.2281 5.0018
-1.9448 3.2367 5.0018
-1.8997 3.2251 5.0018
-1.8395 3.1861 5.0018
-1.7959 3.1742 5.0018
-1.7594 3.1740 5.0018
-1.7206 3.1690 5.0018
-1.6835 3.1663 5.0018
-1.6494 3.1684 5.0018
-1.6185 3.1764 5.0018
-1.5831 3.1752 5.0018
-1.5518 3.1817 5.0018
-1.5240 3.1952 5.0018
-1.4978 3.2120 5.0018
-1.4680 3.2213 5.0018
-1.4411 3.2367 5.0018
-1.4160 3.2565 5.0018
-1.3883 3.2706 5.0018
-1.3581 3.2788 5.0018
-1.3343 3.3026 5.0018
-1.3106 3.3272 5.0018
-1.2880 3.3553 5.0018
-1.2600 3.3701 5.0018
-1.2357 3.3951 5.0018
-1.2077 3.4105 5.0018
-1.1812 3.4303 5.0018
-1.1553 3.4528 5.0018
-1.1276 3.4704 5.0018
-1.0973 3.4801 5.0018
-1.0701 3.5001 5.0018
-1.0418 3.5170 5.0018
-1.0171 3.5471 5.0018
-0.9853 3.5529 5.0018
-0.9607 3.5855 5.0018
-0.9269 3.5841 5.0018
-0.8980 3.6017 5.0018
-0.8705 3.6260 5.0018
-0.8483 3.6743 5.0018
-0.8149 3.6758 5.0018
-0.7867 3.7013 5.0018
-0.7564 3.7178 5.0018
-0.7331 3.7714 5.0018
-0.7012 3.7836 5.0018
-0.6640 3.7659 5.0018
-0.5470 3.2686 5.0018
-0.5155 3.2544 5.0018
-0.4850 3.2450 5.0018
-0.4557 3.2421 5.0018
-0.4213 3.2004 5.0018
-0.3924 3.1960 5.0018
-0.3649 3.2023 5.0018
-0.3389 3.2242 5.0018
-2.9673 3.2469 5.0018
-2.9171 3.2957 5.0018
-3.0215 3.4210 5.0018
-2.3292 3.2115 5.0018
-2.1331 3.1760 5.0018
-2.0200 3.1817 5.0018
-1.7891 3.1202 5.0018
-1.6702 3.1175 5.0018
-1.5796 3.1290 5.0018
-1.5176 3.1559 5.0018
-1.4242 3.2259 5.0018
-1.3291 3.2931 5.0018
-2.9776 4.4274 5.0018
-1.2014 3.4005 5.0018
-1.1052 3.4627 5.0018
-0.5505 3.1899 5.0018
-0.4510 3.1752 5.0018
-0.5860 3.3353 5.0018
-0.5837 3.3945 5.0018
-0.5489 3.4911 5.0018
-0.5493 3.5544 5.0018
-0.5498 3.6186 5.0018
-0.5502 3.6838 5.0018
-0.6175 3.8071 5.0018
-0.5177 3.7881 5.0018
-2.9683 3.2966 5.4565
-2.9308 3.3126 5.4565
-2.8985 3.3343 5.4565
-2.9011 3.3967 5.4565
-2.8932 3.4480 5.4565
-2.9380 3.5641 5.4565
-2.9345 3.6238 5.4565
-2.9420 3.6986 5.4565
-2.9386 3.7612 5.4565
-2.9403 3.8319 5.4565
-2.8947 3.8414 5.4565
-2.7921 3.7733 5.4565
-2.6380 3.6309 5.4565
-2.5261 3.5414 5.4565
-2.4434 3.4896 5.4565
-2.3562 3.4284 5.4565
-2.2726 3.3692 5.4565
-2.2055 3.3322 5.4565
-2.1459 3.3044 5.4565
-2.0949 3.2884 5.4565
-2.0391 3.2633 5.4565
-1.9959 3.2571 5.4565
-1.9499 3.2452 5.4565
-1.8997 3.2251 5.4565
-1.8575 3.2173 5.4565
-1.8249 3.2255 5.4565
-1.7885 3.2265 5.4565
-1.7521 3.2270 5.4565
-1.7145 3.2245 5.4565
-1.6831 3.2332 5.4565
-1.6552 3.2486 5.4565
-1.6282 3.2656 5.4565
-1.6001 3.2806 5.4565
-1.5692 3.2899 5.4565
-1.5409 3.3044 5.4565
-1.5124 3.3186 5.4565
-1.4915 3.3500 5.4565
-1.4590 3.3555 5.4565
-1.4289 3.3663 5.4565
-1.3987 3.3768 5.4565
-1.3797 3.4148 5.4565
-1.3469 3.4193 5.4565
-1.3181 3.4337 5.4565
-1.2923 3.4563 5.4565
-1.2634 3.4712 5.4565
-1.2381 3.4963 5.4565
-1.2095 3.5126 5.4565
-1.1851 3.5420 5.4565
-1.1613 3.5741 5.4565
-1.1282 3.5783 5.4565
-1.1022 3.6053 5.4565
-1.0722 3.6195 5.4565
-1.0403 3.6278 5.4565
-1.0110 3.6454 5.4565
-0.9781 3.6502 5.4565
-0.9487 3.6683 5.4565
-0.9186 3.6842 5.4565
-0.8880 3.6989 5.4565
-0.8593 3.7221 5.4565
-0.8274 3.7324 5.4565
-0.7971 3.7502 5.4565
-0.7614 3.7423 5.4565
-0.7350 3.7812 5.4565
-0.7071 3.8150 5.4565
-0.6613 3.7501 5.4565
-0.5458 3.2616 5.4565
-0.5139 3.2446 5.4565
-0.4836 3.2361 5.4565
-0.4557 3.2421 5.4565
-0.4212 3.1994 5.4565
-0.3916 3.1891 5.4565
-0.3649 3.2023 5.4565
-0.3395 3.2302 5.4565
-2.9655 3.2461 5.4565
-2.9162 3.2952 5.4565
-3.0206 3.4206 5.4565
-2.9940 3.6337 5.4565
-2.0771 3.2127 5.4565
-1.8756 3.1682 5.4565
-1.7886 3.1845 5.4565
-1.7285 3.2150 5.4565
-1.6693 3.2452 5.4565
-1.6090 3.2741 5.4565
-1.5470 3.3011 5.4565
-1.4849 3.3274 5.4565
-1.3925 3.3980 5.4565
-1.3284 3.4209 5.4565
-1.2019 3.5304 5.4565
-0.5505 3.1899 5.4565
-0.4518 3.1758 5.4565
-0.5860 3.3353 5.4565
-0.5829 3.3938 5.4565
-0.8794 3.6872 5.4565
-0.5496 3.4917 5.4565
-0.5174 3.5919 5.4565
-0.5173 3.6562 5.4565
-0.5177 3.7881 5.4565
-0.5519 3.8856 5.4565
-2.9642 3.2921 5.9112
-2.9308 3.3126 5.9112
-2.9024 3.3388 5.9112
-2.8985 3.3937 5.9112
-2.9009 3.4572 5.9112
-2.9431 3.5703 5.9112
-2.9452 3.6370 5.9112
-2.9333 3.6876 5.9112
-2.9355 3.7572 5.9112
-2.9348 3.8248 5.9112
-2.9332 3.8925 5.9112
-2.9283 3.9574 5.9112
-2.8508 3.9237 5.9112
-2.7514 3.8573 5.9112
-2.6935 3.8467 5.9112
-2.6185 3.8099 5.9112
-2.5639 3.8011 5.9112
-2.5041 3.7833 5.9112
-2.4089 3.7094 5.9112
-2.3501 3.6890 5.9112
-2.2930 3.6695 5.9112
-2.1955 3.5828 5.9112
-2.1642 3.6018 5.9112
-2.1027 3.5697 5.9112
-2.0505 3.5516 5.9112
-2.0170 3.5650 5.9112
-1.9790 3.5702 5.9112
-1.9354 3.5645 5.9112
-1.8652 3.5080 5.9112
-1.7823 3.4239 5.9112
-1.7501 3.4348 5.9112
-1.7147 3.4392 5.9112
-1.6869 3.4586 5.9112
-1.6583 3.4768 5.9112
-1.6309 3.4974 5.9112
-1.5966 3.5034 5.9112
-1.5663 3.5181 5.9112
-1.5332 3.5261 5.9112
-1.5059 3.5476 5.9112
-1.4680 3.5440 5.9112
-1.4340 3.5493 5.9112
-1.4041 3.5644 5.9112
-1.3740 3.5793 5.9112
-1.3409 3.5865 5.9112
-1.3079 3.5934 5.9112
-1.2735 3.5962 5.9112
-1.2466 3.6204 5.9112
-1.2175 3.6387 5.9112
-1.1879 3.6559 5.9112
-1.1550 3.6632 5.9112
-1.1253 3.6808 5.9112
-1.0943 3.6943 5.9112
-1.0629 3.7066 5.9112
-1.0347 3.7312 5.9112
-1.0076 3.7603 5.9112
-0.9772 3.7787 5.9112
-0.9471 3.7987 5.9112
-0.9172 3.8204 5.9112
-0.8895 3.8527 5.9112
-0.8571 3.8661 5.9112
-0.8246 3.8793 5.9112
-0.7927 3.8962 5.9112
-0.7596 3.9079 5.9112
-0.7297 3.9370 5.9112
-0.6475 3.6723 5.9112
-0.5448 3.2557 5.9112
-0.5137 3.2436 5.9112
-0.4836 3.2361 5.9112
-0.4522 3.2174 5.9112
-0.4191 3.1835 5.9112
-0.3913 3.1871 5.9112
-0.3637 3.1923 5.9112
-0.3374 3.2103 5.9112
-0.3168 3.2898 5.9112
-0.4573 5.2270 5.9112
-2.9655 3.2461 5.9112
-2.9162 3.2952 5.9112
-3.0215 3.4210 5.9112
-2.9949 3.6342 5.9112
-2.9995 3.7912 5.9112
-2.4136 3.6105 5.9112
-2.1457 3.5259 5.9112
-1.8482 3.4178 5.9112
-1.7286 3.4124 5.9112
-1.6075 3.4704 5.9112
-1.5468 3.4982 5.9112
-1.4852 3.5247 5.9112
-1.4227 3.5498 5.9112
-1.3289 3.5525 5.9112
-1.2344 3.6195 5.9112
-0.5513 3.1905 5.9112
-0.4180 3.1508 5.9112
-0.5868 3.3359 5.9112
-0.5822 3.3932 5.9112
-2.9046 5.2694 5.9112
-0.5496 3.4917 5.9112
-0.5493 3.5544 5.9112
-0.5498 3.6186 5.9112
-0.5502 3.6838 5.9112
-0.5506 3.7499 5.9112
-0.5517 3.8176 5.9112
-0.5526 3.8863 5.9112
-0.5854 3.9847 5.9112
-0.5195 3.9948 5.9112
-2.9642 3.2921 6.3659
-2.9248 3.3059 6.3659
-2.8991 3.3351 6.3659
-2.9030 3.3990 6.3659
-2.9028 3.4595 6.3659
-2.9361 3.5618 6.3659
-2.9358 3.6254 6.3659
-2.9370 3.6923 6.3659
-2.9379 3.7604 6.3659
-2.9421 3.8343 6.3659
-2.9332 3.8925 6.3659
-2.9271 3.9558 6.3659
-2.9307 4.0338 6.3659
-2.9192 4.0926 6.3659
-2.8564 4.0794 6.3659
-2.7686 4.0283 6.3659
-2.6920 3.9910 6.3659
-2.6079 3.9401 6.3659
-2.5511 3.9283 6.3659
-2.4807 3.8939 6.3659
-2.4291 3.8875 6.3659
-2.3732 3.8727 6.3659
-2.3177 3.8573 6.3659
-2.2570 3.8317 6.3659
-2.1850 3.7845 6.3659
-2.1307 3.7660 6.3659
-2.0750 3.7434 6.3659
-2.0379 3.7534 6.3659
-1.9967 3.7552 6.3659
-1.9490 3.7441 6.3659
-1.9068 3.7422 6.3659
-1.8776 3.7659 6.3659
-1.8311 3.7543 6.3659
-1.7573 3.6844 6.3659
-1.6985 3.6425 6.3659
-1.6679 3.6599 6.3659
-1.6351 3.6725 6.3659
-1.5994 3.6783 6.3659
-1.5661 3.6894 6.3659
-1.5338 3.7029 6.3659
-1.5044 3.7236 6.3659
-1.4689 3.7291 6.3659
-1.4353 3.7390 6.3659
-1.4019 3.7495 6.3659
-1.3712 3.7672 6.3659
-1.3379 3.7781 6.3659
-1.3068 3.7953 6.3659
-1.2772 3.8170 6.3659
-1.2453 3.8328 6.3659
-1.2139 3.8502 6.3659
-1.1794 3.8577 6.3659
-1.1474 3.8736 6.3659
-1.1174 3.8970 6.3659
-1.0812 3.8988 6.3659
-1.0560 3.9410 6.3659
-1.0236 3.9578 6.3659
-0.9938 3.9860 6.3659
-0.9597 3.9974 6.3659
-0.9243 4.0037 6.3659
-0.8898 4.0136 6.3659
-0.8583 4.0378 6.3659
-0.8224 4.0422 6.3659
-0.7911 4.0698 6.3659
-0.7568 4.0835 6.3659
-0.6435 3.6497 6.3659
-0.5435 3.2478 6.3659
-0.5117 3.2307 6.3659
-0.4836 3.2361 6.3659
-0.4516 3.2134 6.3659
-0.4174 3.1706 6.3659
-0.3894 3.1712 6.3659
-0.3633 3.1884 6.3659
-0.3369 3.2053 6.3659
-0.3131 3.2520 6.3659
-0.5052 5.7749 6.3659
-0.4625 5.8768 6.3659
-2.9628 3.2448 6.3659
-2.9162 3.2952 6.3659
-3.0206 3.4206 6.3659
-2.9958 3.6346 6.3659
-2.9978 3.7902 6.3659
-3.0059 3.9525 6.3659
-2.5562 3.8432 6.3659
-2.3749 3.8085 6.3659
-2.0997 3.7116 6.3659
-1.9490 3.6880 6.3659
-1.7338 3.6197 6.3659
-1.6720 3.6483 6.3659
-1.6109 3.6767 6.3659
-1.5498 3.7043 6.3659
-1.4878 3.7305 6.3659
-1.4257 3.7560 6.3659
-0.5530 3.1917 6.3659
-0.4188 3.1514 6.3659
-0.5868 3.3359 6.3659
-1.1748 3.8480 6.3659
-0.5516 3.4311 6.3659
-0.5496 3.4917 6.3659
-0.5493 3.5544 6.3659
-0.9834 3.9761 6.3659
-0.5173 3.6562 6.3659
-0.5506 3.7499 6.3659
-0.8211 4.0518 6.3659
-0.5182 3.8558 6.3659
-0.5535 3.9559 6.3659
-0.6574 4.1211 6.3659
-0.5203 4.0661 6.3659
-0.5217 4.1391 6.3659
-2.9569 3.2840 6.8206
-2.9241 3.3051 6.8206
-2.9004 3.3366 6.8206
-2.9011 3.3967 6.8206
-2.8996 3.4556 6.8206
-2.9419 3.5688 6.8206
-2.9402 3.6308 6.8206
-2.9370 3.6923 6.8206
-2.9379 3.7604 6.8206
-2.9306 3.8192 6.8206
-2.9345 3.8941 6.8206
-2.9343 3.9654 6.8206
-2.9248 4.0257 6.8206
-2.9262 4.1023 6.8206
-2.9207 4.1711 6.8206
-2.9232 4.2533 6.8206
-2.9195 4.3284 6.8206
-2.9021 4.3846 6.8206
-2.8201 4.3426 6.8206
-2.7042 4.2448 6.8206
-2.6379 4.2216 6.8206
-2.5649 4.1856 6.8206
-2.4794 4.1264 6.8206
-2.4205 4.1091 6.8206
-2.3585 4.0850 6.8206
-2.3095 4.0820 6.8206
-2.2563 4.0705 6.8206
-2.1930 4.0390 6.8206
-2.1375 4.0201 6.8206
-2.0871 4.0093 6.8206
-2.0502 4.0238 6.8206
-1.9999 4.0111 6.8206
-1.9556 4.0095 6.8206
-1.8981 3.9795 6.8206
-1.8561 3.9805 6.8206
-1.8018 3.9538 6.8206
-1.7640 3.9620 6.8206
-1.7254 3.9681 6.8206
-1.6841 3.9674 6.8206
-1.6432 3.9671 6.8206
-1.6059 3.9748 6.8206
-1.5664 3.9766 6.8206
-1.5324 3.9920 6.8206
-1.4964 4.0024 6.8206
-1.4621 4.0172 6.8206
-1.4267 4.0288 6.8206
-1.3902 4.0374 6.8206
-1.3498 4.0342 6.8206
-1.3155 4.0486 6.8206
-1.2831 4.0695 6.8206
-1.2522 4.0959 6.8206
-1.2130 4.0951 6.8206
-1.1772 4.1055 6.8206
-1.1430 4.1214 6.8206
-1.1090 4.1390 6.8206
-1.0726 4.1475 6.8206
-1.0391 4.1674 6.8206
-1.0052 4.1870 6.8206
-0.9709 4.2054 6.8206
-0.9370 4.2264 6.8206
-0.9013 4.2403 6.8206
-0.8686 4.2695 6.8206
-0.8331 4.2858 6.8206
-0.7980 4.3057 6.8206
-0.6619 3.7541 6.8206
-0.5427 3.2429 6.8206
-0.5119 3.2317 6.8206
-0.4830 3.2321 6.8206
-0.4497 3.1996 6.8206
-0.4162 3.1617 6.8206
-0.3884 3.1632 6.8206
-0.3604 3.1635 6.8206
-0.3356 3.1934 6.8206
-0.4715 4.8964 6.8206
-0.4499 5.1424 6.8206
-0.4705 5.9785 6.8206
-3.0153 3.1967 6.8206
-2.9420 3.2349 6.8206
-3.0197 3.4201 6.8206
-2.9922 3.6328 6.8206
-2.9969 3.7898 6.8206
-3.0059 3.9525 6.8206
-2.9871 4.1836 6.8206
-2.3729 4.0347 6.8206
-2.2157 4.0082 6.8206
-2.0603 3.9798 6.8206
-1.8728 3.9263 6.8206
-1.7483 3.9129 6.8206
-1.6846 3.9407 6.8206
-0.5522 3.1911 6.8206
-0.4220 3.1538 6.8206
-0.5860 3.3353 6.8206
-1.4041 4.0239 6.8206
-0.5508 3.4305 6.8206
-0.5489 3.4911 6.8206
-0.5493 3.5544 6.8206
-0.5498 3.6186 6.8206
-0.5502 3.6838 6.8206
-1.0525 4.1785 6.8206
-0.5177 3.7881 6.8206
-0.5526 3.8863 6.8206
-0.5535 3.9559 6.8206
-0.8270 4.2765 6.8206
-0.5203 4.0661 6.8206
-0.5217 4.1391 6.8206
-0.5221 4.2124 6.8206
-0.5251 4.2896 6.8206
-0.5278 4.3678 6.8206
-2.9908 3.2639 7.2753
-2.9596 3.2869 7.2753
-2.9261 3.3074 7.2753
-2.8932 3.3283 7.2753
-2.8719 3.3625 7.2753
-2.8970 3.4526 7.2753
-2.8496 3.4569 7.2753
-2.8867 3.5648 7.2753
-2.9383 3.6939 7.2753
-2.9355 3.7572 7.2753
-2.9330 3.8224 7.2753
-2.9188 3.8734 7.2753
-2.9045 3.9252 7.2753
-2.8901 3.9779 7.2753
-2.8629 4.0136 7.2753
-2.8191 4.0261 7.2753
-2.7686 4.0283 7.2753
-2.7205 4.0333 7.2753
-2.5190 3.8059 7.2753
-2.4329 3.7463 7.2753
-2.3996 3.7666 7.2753
-2.4906 3.9858 7.2753
-2.4636 4.0202 7.2753
-2.4160 4.0210 7.2753
-2.3646 4.0143 7.2753
-2.3240 4.0253 7.2753
-2.2666 4.0062 7.2753
-2.2190 4.0031 7.2753
-2.1706 3.9977 7.2753
-2.1206 3.9883 7.2753
-2.0659 3.9685 7.2753
-2.0207 3.9659 7.2753
-1.9664 3.9440 7.2753
-1.9179 3.9322 7.2753
-1.8727 3.9262 7.2753
-1.8295 3.9234 7.2753
-1.7832 3.9128 7.2753
-1.7416 3.9118 7.2753
-1.7003 3.9103 7.2753
-1.6544 3.8974 7.2753
-1.6145 3.8978 7.2753
-1.5793 3.9090 7.2753
-1.5367 3.9012 7.2753
-1.4976 3.9014 7.2753
-1.4628 3.9125 7.2753
-1.4276 3.9223 7.2753
-1.3846 3.9101 7.2753
-1.3495 3.9192 7.2753
-1.3111 3.9185 7.2753
-1.2747 3.9231 7.2753
-1.2347 3.9160 7.2753
-1.1958 3.9113 7.2753
-1.1588 3.9120 7.2753
-1.1196 3.9046 7.2753
-1.0812 3.8988 7.2753
-1.0423 3.8898 7.2753
-1.0043 3.8832 7.2753
-0.9670 3.8783 7.2753
-0.9277 3.8642 7.2753
-0.8863 3.8390 7.2753
-0.8476 3.8232 7.2753
-0.7333 3.4499 7.2753
-0.6699 3.2925 7.2753
-0.6373 3.2786 7.2753
-0.6087 3.2841 7.2753
-0.5779 3.2774 7.2753
-0.5437 3.2488 7.2753
-0.5117 3.2307 7.2753
-0.4810 3.2183 7.2753
-0.4493 3.1966 7.2753
-0.4149 3.1518 7.2753
-0.3874 3.1553 7.2753
-0.3599 3.1586 7.2753
-0.3358 3.1954 7.2753
-3.0135 3.1958 7.2753
-2.9420 3.2349 7.2753
-2.8677 3.2716 7.2753
-3.0197 3.4201 7.2753
-3.0011 3.6375 7.2753
-2.5068 3.7385 7.2753
-2.4242 3.7639 7.2753
-2.4985 3.8843 7.2753
-2.3474 3.8663 7.2753
-2.2324 3.8686 7.2753
-1.1090 3.2139 7.2753
-1.0115 3.2112 7.2753
-0.9162 3.2081 7.2753
-0.8171 3.2008 7.2753
-0.7194 3.1925 7.2753
-0.6181 3.1799 7.2753
-0.4502 3.1170 7.2753
-2.7180 3.2972 7.7301
-2.7214 3.6114 7.7301
-2.7094 3.6616 7.7301
-2.7176 3.9542 7.7301
-2.6992 4.0018 7.7301
-2.6526 4.1638 7.7301
-2.6056 4.1699 7.7301
-2.5623 4.1813 7.7301
-2.5026 4.1650 7.7301
-2.4575 4.1720 7.7301
-2.4060 4.1673 7.7301
-2.3597 4.1707 7.7301
-2.3106 4.1684 7.7301
-2.2622 4.1665 7.7301
-2.2112 4.1587 7.7301
-2.1684 4.1654 7.7301
-2.1215 4.1637 7.7301
-2.0730 4.1579 7.7301
-2.0411 4.1848 7.7301
-1.9859 4.1636 7.7301
-1.9462 4.1735 7.7301
-1.8943 4.1567 7.7301
-1.8490 4.1530 7.7301
-1.8059 4.1534 7.7301
-1.7653 4.1588 7.7301
-1.7194 4.1510 7.7301
-1.6835 4.1668 7.7301
-1.6408 4.1655 7.7301
-1.5987 4.1647 7.7301
-1.5588 4.1691 7.7301
-1.5155 4.1638 7.7301
-1.4701 4.1514 7.7301
-1.4358 4.1697 7.7301
-1.3888 4.1508 7.7301
-1.3442 4.1371 7.7301
-1.3084 4.1496 7.7301
-1.2709 4.1571 7.7301
-1.2250 4.1354 7.7301
-1.1990 4.1815 7.7301
-1.1518 4.1532 7.7301
-1.1158 4.1641 7.7301
-1.0771 4.1650 7.7301
-1.0347 4.1500 7.7301
-0.8250 3.4364 7.7301
-0.7504 3.2505 7.7301
-0.9140 4.1229 7.7301
-0.7855 3.6954 7.7301
-0.7405 3.6394 7.7301
-0.7985 4.1081 7.7301
-0.7320 3.9497 7.7301
-0.9153 5.1909 7.7301
-0.8700 5.1987 7.7301
-0.8255 5.2120 7.7301
-0.7785 5.2091 7.7301
-0.7319 5.2078 7.7301
-0.6870 5.2180 7.7301
-0.6392 5.2059 7.7301
-0.3908 3.4298 7.7301
-0.5499 5.2322 7.7301
-0.5110 5.3065 7.7301
-0.5175 5.9154 7.7301
-2.7580 3.2181 7.7301
-2.7428 3.3541 7.7301
-2.7406 3.5730 7.7301
-2.7573 3.6569 7.7301
-2.7370 3.9519 7.7301
-2.6448 4.1313 7.7301
-2.5322 4.1382 7.7301
-2.3825 4.1186 7.7301
-2.2601 4.1145 7.7301
-2.1341 4.1059 7.7301
-0.7858 3.2390 7.7301
-0.7199 3.2525 7.7301
-1.7924 4.0922 7.7301
-1.6962 4.0965 7.7301
-1.6362 4.1266 7.7301
-0.7813 3.5460 7.7301
-1.4097 4.1015 7.7301
-1.3135 4.0993 7.7301
-1.2503 4.1220 7.7301
-1.1185 4.0874 7.7301
-1.0520 4.1048 7.7301
-0.7506 3.9207 7.7301
-0.8875 4.1096 7.7301
-0.8200 4.1228 7.7301
-2.6621 3.8734 8.1848
-2.4481 3.6295 8.1848
-2.4031 3.6307 8.1848
-2.3970 3.6910 8.1848
-2.3937 3.7573 8.1848
-2.3799 3.8086 8.1848
-2.3397 3.8181 8.1848
-2.2981 3.8247 8.1848
-2.2535 3.8256 8.1848
-2.2040 3.8174 8.1848
-2.1819 3.8565 8.1848
-2.1705 3.9157 8.1848
-2.1687 3.9942 8.1848
-2.1647 4.0713 8.1848
-2.1614 4.1521 8.1848
-2.1619 4.2430 8.1848
-2.6018 5.7091 8.1848
-2.1455 4.8190 8.1848
-2.2633 5.2052 8.1848
-2.2123 5.2119 8.1848
-2.2295 5.3825 8.1848
-2.2963 5.6836 8.1848
-2.0381 5.1741 8.1848
-1.7492 4.5568 8.1848
-1.7759 4.7499 8.1848
-2.0839 5.7255 8.1848
-1.8925 5.4963 8.1848
-1.7033 5.0906 8.1848
-1.6160 5.1253 8.1848
-1.6531 5.4069 8.1848
-1.5979 5.3943 8.1848
-1.4427 5.0312 8.1848
-1.4587 5.4440 8.1848
-1.3365 5.1680 8.1848
-1.2890 5.1697 8.1848
-1.2660 5.2732 8.1848
-1.1165 5.2527 8.1848
-1.0626 5.2230 8.1848
-1.0143 5.2183 8.1848
-0.9662 5.2132 8.1848
-0.9189 5.2116 8.1848
-0.8713 5.2066 8.1848
-0.8257 5.2130 8.1848
-0.7801 5.2200 8.1848
-0.7340 5.2227 8.1848
-0.6883 5.2279 8.1848
-0.6408 5.2188 8.1848
-0.5954 5.2262 8.1848
-0.5516 5.2481 8.1848
-0.5115 5.3124 8.1848
-0.5187 5.9284 8.1848
-2.2103 4.2364 8.1848
-2.1273 4.3355 8.1848
-2.0132 4.4107 8.1848
-1.7517 4.4479 8.1848
-2.4217 5.1618 8.1848
-2.1957 5.0645 8.1848
-2.1414 5.1086 8.1848
-2.0716 5.1389 8.1848
-2.2033 5.3467 8.1848
-2.1209 5.4621 8.1848
-1.4718 4.9534 8.1848
-2.3409 5.8655 8.1848
-1.8759 5.5198 8.1848
-1.2376 4.9898 8.1848
-1.7872 5.6272 8.1848
-1.2850 5.2153 8.1848
-1.1872 5.2059 8.1848
-1.0700 5.1741 8.1848
-1.0063 5.1970 8.1848
-0.9020 5.1749 8.1848
-0.8332 5.1901 8.1848
-0.7314 5.1670 8.1848
-0.6599 5.1766 8.1848
-1.2393 5.9471 8.1848
-2.9141 5.5979 8.6395
-2.6563 5.2133 8.6395
-2.5955 5.2058 8.6395
-2.5430 5.2139 8.6395
-2.4858 5.2115 8.6395
-2.4267 5.2040 8.6395
-2.3708 5.2022 8.6395
-2.3172 5.2045 8.6395
-2.2613 5.2006 8.6395
-2.2104 5.2073 8.6395
-2.1350 5.1543 8.6395
-1.9244 4.7629 8.6395
-1.9993 5.0754 8.6395
-1.7431 4.5409 8.6395
-2.0130 5.3840 8.6395
-1.9375 5.3234 8.6395
-2.1197 5.9858 8.6395
-1.8841 5.4717 8.6395
-1.9882 5.9422 8.6395
-1.5898 5.0423 8.6395
-1.5256 4.9900 8.6395
-1.4388 4.8574 8.6395
-1.5834 5.7095 8.6395
-1.4603 5.4498 8.6395
-1.4156 5.4739 8.6395
-1.2907 5.1765 8.6395
-1.2417 5.1720 8.6395
-1.2341 5.3454 8.6395
-1.1154 5.2478 8.6395
-1.0642 5.2308 8.6395
-1.0164 5.2291 8.6395
-0.9664 5.2142 8.6395
-0.9189 5.2116 8.6395
-0.8728 5.2155 8.6395
-0.8263 5.2170 8.6395
-0.7810 5.2260 8.6395
-0.7340 5.2227 8.6395
-0.6887 5.2309 8.6395
-0.6429 5.2357 8.6395
-0.5961 5.2321 8.6395
-0.5517 5.2491 8.6395
-0.5128 5.3254 8.6395
-0.5208 5.9533 8.6395
-2.7233 5.1278 8.6395
-2.6196 5.1382 8.6395
-1.7935 4.5619 8.6395
-2.3847 5.1312 8.6395
-1.8839 4.8029 8.6395
-2.1763 5.1384 8.6395
-2.1033 5.1665 8.6395
-1.7704 4.9637 8.6395
-1.4850 5.0532 8.6395
-1.8018 5.4482 8.6395
-1.2766 5.1166 8.6395
-1.2157 5.1447 8.6395
-1.1162 5.2227 8.6395
-1.0145 5.2058 8.6395
-0.9445 5.2214 8.6395
-0.8727 5.2340 8.6395
-0.7701 5.3033 8.6395
-0.5929 5.4742 8.6395
-0.3178 5.8291 8.6395
-2.8267 5.2061 9.0942
-2.7647 5.1997 9.0942
-2.7077 5.2014 9.0942
-2.6449 5.1910 9.0942
-2.5920 5.1987 9.0942
-2.5355 5.1986 9.0942
-2.4741 5.1872 9.0942
-2.4178 5.1850 9.0942
-2.3642 5.1877 9.0942
-2.3070 5.1816 9.0942
-2.2517 5.1786 9.0942
-2.1979 5.1778 9.0942
-2.1457 5.1802 9.0942
-2.0832 5.1561 9.0942
-2.0410 5.1815 9.0942
-1.9864 5.1748 9.0942
-1.8670 4.9934 9.0942
-1.8674 5.1307 9.0942
-1.8323 5.1742 9.0942
-1.7818 5.1748 9.0942
-1.7201 5.1409 9.0942
-1.6532 5.0882 9.0942
-1.6277 5.1625 9.0942
-1.5598 5.1019 9.0942
-1.5090 5.0942 9.0942
-1.4829 5.1716 9.0942
-1.4319 5.1631 9.0942
-1.3834 5.1629 9.0942
-1.3375 5.1718 9.0942
-1.2880 5.1659 9.0942
-1.2391 5.1613 9.0942
-1.1920 5.1632 9.0942
-1.1491 5.1832 9.0942
-1.0999 5.1744 9.0942
-1.0529 5.1750 9.0942
-1.0040 5.1653 9.0942
-0.9587 5.1729 9.0942
-0.9108 5.1653 9.0942
-0.8645 5.1662 9.0942
-0.8196 5.1745 9.0942
-0.7735 5.1755 9.0942
-0.7250 5.1583 9.0942
-0.6787 5.1555 9.0942
-0.6338 5.1622 9.0942
-0.5898 5.1765 9.0942
-0.5443 5.1785 9.0942
-0.4990 5.1820 9.0942
-0.4543 5.1922 9.0942
-0.4573 5.8110 9.0942
-2.2278 2.7015 9.0942
-2.8551 5.1373 9.0942
-2.7202 5.1254 9.0942
-2.6150 5.1345 9.0942
-2.4829 5.1202 9.0942
-2.3808 5.1281 9.0942
-2.2792 5.1346 9.0942
-2.1763 5.1384 9.0942
-2.0731 5.1402 9.0942
-1.1668 4.4296 9.0942
-1.8636 5.1356 9.0942
-1.0688 4.4981 9.0942
-1.6510 5.1204 9.0942
-1.4755 5.0443 9.0942
-1.4860 5.1433 9.0942
-1.3090 5.0599 9.0942
-1.2108 5.1397 9.0942
-1.1129 5.1289 9.0942
-1.0397 5.1422 9.0942
-0.9026 5.0858 9.0942
-0.6199 5.1305 9.0942
-0.5529 5.1434 9.0942
-2.6652 2.8581 9.5489
-2.6341 2.8746 9.5489
-2.5628 2.8462 9.5489
-2.5180 2.8460 9.5489
-2.4694 2.8407 9.5489
-2.4218 2.8356 9.5489
-2.3809 2.8374 9.5489
-2.3325 2.8295 9.5489
-2.2844 2.8210 9.5489
-2.2442 2.8213 9.5489
-2.2041 2.8211 9.5489
-2.1684 2.8259 9.5489
-2.1250 2.8200 9.5489
-2.0854 2.8183 9.5489
-2.0461 2.8162 9.5489
-2.0075 2.8144 9.5489
-1.9720 2.8162 9.5489
-1.9303 2.8086 9.5489
-1.8979 2.8138 9.5489
-1.8573 2.8060 9.5489
-1.8158 2.7961 9.5489
-1.7844 2.8009 9.5489
-1.7466 2.7952 9.5489
-1.7227 2.8112 9.5489
-1.6847 2.8038 9.5489
-1.6475 2.7968 9.5489
-1.6165 2.7999 9.5489
-1.5861 2.8034 9.5489
-1.5495 2.7953 9.5489
-1.5188 2.7973 9.5489
-1.4831 2.7892 9.5489
-1.4577 2.8003 9.5489
-1.4233 2.7933 9.5489
-1.3935 2.7949 9.5489
-1.3638 2.7961 9.5489
-1.3393 2.8079 9.5489
-1.3072 2.8032 9.5489
-1.2752 2.7981 9.5489
-1.2479 2.8028 9.5489
-1.2218 2.8099 9.5489
-1.1902 2.8039 9.5489
-1.1634 2.8086 9.5489
-1.1336 2.8057 9.5489
-1.1046 2.8043 9.5489
-1.0762 2.8035 9.5489
-1.0520 2.8138 9.5489
-1.0230 2.8106 9.5489
-0.9984 2.8194 9.5489
-0.9702 2.8176 9.5489
-0.9430 2.8184 9.5489
-0.9138 2.8123 9.5489
-0.8952 2.8392 9.5489
-0.8640 2.8259 9.5489
-0.8387 2.8314 9.5489
-0.8151 2.8425 9.5489
-0.7988 2.8803 9.5489
-0.7832 2.9229 9.5489
-0.7647 2.9567 9.5489
-0.7483 3.0011 9.5489
-0.7354 3.0630 9.5489
-0.7180 3.1102 9.5489
-0.6982 3.1495 9.5489
-0.6880 3.2367 9.5489
-0.6784 3.3347 9.5489
-0.6629 3.4102 9.5489
-0.6517 3.5161 9.5489
-0.6418 3.6398 9.5489
-0.6310 3.7706 9.5489
-0.6171 3.8964 9.5489
-0.6112 4.0896 9.5489
-0.6104 4.3433 9.5489
-0.6052 4.5973 9.5489
-0.5805 4.7275 9.5489
-0.5392 4.7324 9.5489
-0.4994 4.7518 9.5489
-0.4659 4.8386 9.5489
-0.4526 5.1732 9.5489
-0.4529 5.7552 9.5489
-2.5308 2.7701 9.5489
-2.3785 2.7687 9.5489
-2.1940 2.7498 9.5489
-2.0592 2.7508 9.5489
-1.9203 2.7475 9.5489
-1.7784 2.7403 9.5489
-1.6638 2.7441 9.5489
-1.5426 2.7426 9.5489
-1.4182 2.7372 9.5489
-1.3244 2.7459 9.5489
-1.2334 2.7546 9.5489
-1.1366 2.7586 9.5489
-1.0375 2.7595 9.5489
-0.9760 2.7805 9.5489
-0.9067 2.7960 9.5489
-0.8367 2.8100 9.5489
-2.8464 4.0974 9.5489
-2.8481 4.2608 9.5489
-2.8387 4.5049 9.5489
-2.8508 4.6850 9.5489
-2.9396 5.1088 9.5489
-2.9686 5.2244 9.5489
-2.9688 5.6128 9.5489
-2.6768 2.8706 10.0036
-2.6483 2.8901 10.0036
-2.5835 2.8693 10.0036
-2.5266 2.8558 10.0036
-2.4858 2.8596 10.0036
-2.4374 2.8538 10.0036
-2.3880 2.8459 10.0036
-2.3446 2.8442 10.0036
-2.2995 2.8397 10.0036
-2.2678 2.8510 10.0036
-2.2195 2.8408 10.0036
-2.1794 2.8402 10.0036
-2.1419 2.8423 10.0036
-2.1140 2.8569 10.0036
-2.0672 2.8453 10.0036
-2.0278 2.8429 10.0036
-1.9960 2.8506 10.0036
-1.9564 2.8465 10.0036
-1.9180 2.8436 10.0036
-1.8793 2.8394 10.0036
-1.8480 2.8456 10.0036
-1.8102 2.8414 10.0036
-1.7721 2.8359 10.0036
-1.7347 2.8308 10.0036
-1.7037 2.8355 10.0036
-1.6728 2.8399 10.0036
-1.6350 2.8319 10.0036
-1.6043 2.8356 10.0036
-1.5669 2.8268 10.0036
-1.5427 2.8412 10.0036
-1.5061 2.8325 10.0036
-1.4697 2.8234 10.0036
-1.4396 2.8254 10.0036
-1.4149 2.8378 10.0036
-1.3774 2.8240 10.0036
-1.3415 2.8125 10.0036
-1.3148 2.8195 10.0036
-1.2847 2.8191 10.0036
-1.2540 2.8165 10.0036
-1.2266 2.8209 10.0036
-1.1976 2.8213 10.0036
-1.1729 2.8317 10.0036
-1.1433 2.8298 10.0036
-1.1145 2.8294 10.0036
-1.0848 2.8259 10.0036
-1.0559 2.8241 10.0036
-1.0274 2.8228 10.0036
-1.0024 2.8308 10.0036
-0.9744 2.8299 10.0036
-0.9500 2.8393 10.0036
-0.9243 2.8446 10.0036
-0.8985 2.8497 10.0036
-0.8686 2.8412 10.0036
-0.8455 2.8544 10.0036
-0.8203 2.8607 10.0036
-0.7972 2.8745 10.0036
-0.7819 2.9181 10.0036
-0.7679 2.9693 10.0036
-0.7512 3.0128 10.0036
-0.7340 3.0571 10.0036
-0.7169 3.1053 10.0036
-0.7002 3.1583 10.0036
-0.6878 3.2357 10.0036
-0.6763 3.3239 10.0036
-0.6627 3.4092 10.0036
-0.6619 3.5712 10.0036
-0.6604 3.7452 10.0036
-0.6276 3.9626 10.0036
-0.6128 4.1005 10.0036
-0.6112 4.3493 10.0036
-0.6067 4.6082 10.0036
-0.5796 4.7205 10.0036
-0.5409 4.7473 10.0036
-0.4995 4.7528 10.0036
-0.4667 4.8466 10.0036
-0.4754 5.4342 10.0036
-2.5565 2.7813 10.0036
-2.4032 2.7796 10.0036
-2.2203 2.7619 10.0036
-2.1126 2.7758 10.0036
-1.9754 2.7738 10.0036
-1.8611 2.7806 10.0036
-1.7175 2.7709 10.0036
-1.5978 2.7707 10.0036
-1.4776 2.7682 10.0036
-1.3544 2.7619 10.0036
-1.2633 2.7709 10.0036
-1.1654 2.7746 10.0036
-1.0688 2.7773 10.0036
-0.9682 2.7760 10.0036
-0.9033 2.7940 10.0036
-2.8776 4.0364 10.0036
-2.8816 4.2001 10.0036
-2.8387 4.5049 10.0036
-2.8492 4.6838 10.0036
-2.9486 5.0233 10.0036
-2.9258 5.4789 10.0036
-2.9094 5.8671 10.0036
-2.6571 2.8997 10.4583
-2.6163 2.9057 10.4583
-2.5650 2.8992 10.4583
-2.5022 2.8785 10.4583
-2.4523 2.8713 10.4583
-2.4111 2.8734 10.4583
-2.3707 2.8758 10.4583
-2.3228 2.8684 10.4583
-2.2815 2.8683 10.4583
-2.2416 2.8691 10.4583
-2.2098 2.8799 10.4583
-2.1750 2.8863 10.4583
-2.1069 2.8473 10.4583
-2.0578 2.8324 10.4583
-2.0237 2.8372 10.4583
-1.9829 2.8318 10.4583
-1.9507 2.8383 10.4583
-1.9180 2.8436 10.4583
-1.8744 2.8319 10.4583
-1.8403 2.8339 10.4583
-1.8112 2.8431 10.4583
-1.7721 2.8359 10.4583
-1.7431 2.8444 10.4583
-1.6976 2.8252 10.4583
-1.6668 2.8296 10.4583
-1.6365 2.8345 10.4583
-1.6004 2.8287 10.4583
-1.5659 2.8250 10.4583
-1.5350 2.8272 10.4583
-1.5018 2.8245 10.4583
-1.4688 2.8216 10.4583
-1.4396 2.8254 10.4583
-1.4064 2.8208 10.4583
-1.3804 2.8303 10.4583
-1.3647 2.8612 10.4583
-1.3355 2.8639 10.4583
-1.2951 2.8418 10.4583
-1.2666 2.8448 10.4583
-1.2417 2.8557 10.4583
-1.2097 2.8499 10.4583
-1.1775 2.8428 10.4583
-1.1523 2.8520 10.4583
-1.1252 2.8564 10.4583
-1.0962 2.8558 10.4583
-1.0650 2.8484 10.4583
-1.0401 2.8576 10.4583
-1.0154 2.8675 10.4583
-0.9822 2.8526 10.4583
-0.9576 2.8620 10.4583
-0.9305 2.8636 10.4583
-0.9054 2.8716 10.4583
-0.8795 2.8766 10.4583
-0.8481 2.8630 10.4583
-0.8247 2.8761 10.4583
-0.8031 2.8957 10.4583
-0.7853 2.9306 10.4583
-0.7687 2.9722 10.4583
-0.7524 3.0176 10.4583
-0.7389 3.0776 10.4583
-0.7198 3.1180 10.4583
-0.7019 3.1661 10.4583
-0.6878 3.2357 10.4583
-0.6759 3.3219 10.4583
-0.6613 3.4023 10.4583
-0.6832 3.6862 10.4583
-0.6936 3.9333 10.4583
-0.6790 4.0576 10.4583
-0.6328 3.9952 10.4583
-0.6102 4.0827 10.4583
-0.5998 4.2681 10.4583
-0.6133 4.6588 10.4583
-0.5824 4.7434 10.4583
-0.5434 4.7691 10.4583
-0.5024 4.7797 10.4583
-0.4672 4.8526 10.4583
-0.5143 5.8785 10.4583
-2.6821 2.8359 10.4583
-2.4543 2.8024 10.4583
-2.2986 2.7975 10.4583
-2.1661 2.8007 10.4583
-2.0015 2.7863 10.4583
-1.8611 2.7806 10.4583
-1.7462 2.7852 10.4583
-1.5987 2.7712 10.4583
-1.5096 2.7848 10.4583
-1.4180 2.7957 10.4583
-1.2897 2.7852 10.4583
-1.1952 2.7910 10.4583
-1.1332 2.8137 10.4583
-0.9976 2.7930 10.4583
-0.9308 2.8102 10.4583
-0.8718 2.8312 10.4583
-2.8808 4.1996 10.4583
-2.8379 4.5043 10.4583
-2.9319 4.7418 10.4583
-2.8211 4.7513 10.4583
-2.9646 4.9439 10.4583
-2.8827 5.7418 10.4583
-2.6551 2.9488 10.9130
-2.6127 2.9531 10.9130
-2.5560 2.9403 10.9130
-2.5004 2.9276 10.9130
-2.4522 2.9225 10.9130
-2.4107 2.9245 10.9130
-2.3688 2.9252 10.9130
-2.3201 2.9168 10.9130
-2.2712 2.9070 10.9130
-2.2323 2.9092 10.9130
-2.2026 2.9230 10.9130
-2.1604 2.9196 10.9130
-2.1137 2.9092 10.9130
-2.0783 2.9137 10.9130
-2.0385 2.9113 10.9130
-1.9994 2.9092 10.9130
-1.9605 2.9066 10.9130
-1.9213 2.9028 10.9130
-1.8817 2.8976 10.9130
-1.8499 2.9038 10.9130
-1.8113 2.8986 10.9130
-1.7551 2.8640 10.9130
-1.7326 2.8835 10.9130
-1.7043 2.8934 10.9130
-1.6660 2.8856 10.9130
-1.6344 2.8887 10.9130
-1.6033 2.8924 10.9130
-1.5699 2.8913 10.9130
-1.5356 2.8881 10.9130
-1.5016 2.8846 10.9130
-1.4737 2.8922 10.9130
-1.4430 2.8942 10.9130
-1.4085 2.8878 10.9130
-1.3828 2.8991 10.9130
-1.3511 2.8975 10.9130
-1.3175 2.8909 10.9130
-1.2894 2.8959 10.9130
-1.2561 2.8887 10.9130
-1.2281 2.8931 10.9130
-1.1882 2.8686 10.9130
-1.1718 2.9002 10.9130
-1.1413 2.8973 10.9130
-1.1138 2.9016 10.9130
-1.0867 2.9065 10.9130
-1.0568 2.9037 10.9130
-1.0275 2.9015 10.9130
-1.0005 2.9056 10.9130
-0.9732 2.9085 10.9130
-0.9462 2.9121 10.9130
-0.9196 2.9165 10.9130
-0.8947 2.9263 10.9130
-0.8651 2.9206 10.9130
-0.8390 2.9261 10.9130
-0.8140 2.9352 10.9130
-0.7979 2.9779 10.9130
-0.7784 3.0100 10.9130
-0.7587 3.0428 10.9130
-0.7412 3.0873 10.9130
-0.7246 3.1384 10.9130
-0.7073 3.1905 10.9130
-0.6940 3.2651 10.9130
-0.6832 3.3582 10.9130
-0.6860 3.5289 10.9130
-0.7412 3.9989 10.9130
-0.6487 4.0959 10.9130
-0.6183 4.1371 10.9130
-0.6065 4.3156 10.9130
-0.6146 4.6687 10.9130
-0.6139 4.9995 10.9130
-0.5721 5.0215 10.9130
-0.5286 5.0293 10.9130
-0.5044 5.2388 10.9130
-0.5048 5.7700 10.9130
-2.6334 2.8821 10.9130
-2.4551 2.8688 10.9130
-2.2712 2.8497 10.9130
-2.1098 2.8379 10.9130
-1.9707 2.8341 10.9130
-1.8580 2.8409 10.9130
-1.7128 2.8293 10.9130
-1.5929 2.8282 10.9130
-1.5036 2.8412 10.9130
-1.4118 2.8515 10.9130
-1.2853 2.8410 10.9130
-1.1924 2.8472 10.9130
-1.0937 2.8485 10.9130
-1.0317 2.8696 10.9130
-0.9670 2.8883 10.9130
-0.9007 2.9051 10.9130
-2.8112 4.1562 10.9130
-2.8532 4.2640 10.9130
-0.7635 2.9895 10.9130
-2.8644 4.4376 10.9130
-2.8374 4.7629 10.9130
-2.8166 5.0161 10.9130
-2.9125 5.2756 10.9130
-2.8873 5.7457 10.9130
-2.6500 3.3316 11.3677
-2.5932 3.3191 11.3677
-2.5288 3.2956 11.3677
-2.5048 3.3239 11.3677
-2.4655 3.3320 11.3677
-2.5951 3.5718 11.3677
-2.6358 3.6953 11.3677
-2.6017 3.7157 11.3677
-2.5239 3.6723 11.3677
-2.3587 3.4969 11.3677
-2.2155 3.3472 11.3677
-2.1399 3.2951 11.3677
-2.0896 3.2799 11.3677
-2.0222 3.2362 11.3677
-1.9959 3.2571 11.3677
-1.9721 3.2821 11.3677
-1.9302 3.2768 11.3677
-1.8840 3.2632 11.3677
-1.8358 3.2447 11.3677
-1.7948 3.2378 11.3677
-1.7593 3.2402 11.3677
-1.7413 3.2749 11.3677
-1.7163 3.2970 11.3677
-1.6543 3.2468 11.3677
-1.6277 3.2647 11.3677
-1.5838 3.2473 11.3677
-1.5671 3.2854 11.3677
-1.5151 3.2491 11.3677
-1.4693 3.2240 11.3677
-1.4496 3.2559 11.3677
-1.4335 3.2968 11.3677
-1.4023 3.3037 11.3677
-1.3738 3.3167 11.3677
-1.3216 3.2711 11.3677
-1.2905 3.2760 11.3677
-1.2794 3.3329 11.3677
-1.2348 3.3027 11.3677
-1.2019 3.3021 11.3677
-1.1633 3.2851 11.3677
-1.1281 3.2762 11.3677
-1.1042 3.3002 11.3677
-1.0726 3.3011 11.3677
-1.0437 3.3104 11.3677
-1.0157 3.3222 11.3677
-0.9895 3.3405 11.3677
-0.9589 3.3442 11.3677
-0.9295 3.3515 11.3677
-0.9007 3.3614 11.3677
-0.8723 3.3730 11.3677
-0.8443 3.3863 11.3677
-0.8208 3.4189 11.3677
-0.7999 3.4649 11.3677
-0.8437 3.8056 11.3677
-0.7809 3.6739 11.3677
-0.6988 3.4346 11.3677
-0.7724 3.9736 11.3677
-0.7268 3.9212 11.3677
-0.7054 4.0003 11.3677
-0.6830 4.0812 11.3677
-0.6625 4.1829 11.3677
-0.6651 4.4506 11.3677
-0.6293 4.4780 11.3677
-0.6259 4.7540 11.3677
-0.6197 5.0471 11.3677
-0.5825 5.1129 11.3677
-0.5876 5.5902 11.3677
-2.6626 3.3132 11.3677
-2.4702 3.2849 11.3677
-2.3035 3.2666 11.3677
-2.1632 3.2595 11.3677
-2.0497 3.2647 11.3677
-1.9339 3.2667 11.3677
-1.8463 3.2830 11.3677
-1.7278 3.2797 11.3677
-1.6682 3.3096 11.3677
-2.6554 3.9804 11.3677
-1.4849 3.3274 11.3677
-2.8144 4.2393 11.3677
-1.2350 3.3591 11.3677
-1.2345 3.4228 11.3677
-1.2655 3.5089 11.3677
-1.2019 3.5304 11.3677
-2.8150 4.8351 11.3677
-0.7822 3.4202 11.3677
-2.8270 5.0240 11.3677
-2.8377 5.1239 11.3677
-2.8481 5.4159 11.3677
