-2.9067 5.5837 0.0000
-2.8679 5.6285 0.0000
-2.8432 5.7025 0.0000
-2.7705 5.6804 0.0000
-2.4750 5.1890 0.0000
-2.3067 4.9466 0.0000
-2.2539 4.9456 0.0000
-2.2899 5.1433 0.0000
-2.2601 5.1979 0.0000
-2.3049 5.4301 0.0000
-2.2437 5.4167 0.0000
-2.3769 5.8830 0.0000
-1.0473 4.9269 0.0000
-1.0010 4.9202 0.0000
-0.9579 4.9278 0.0000
-0.9582 5.1700 0.0000
-0.9601 5.4450 0.0000
-0.9753 5.8280 0.0000
-0.9394 5.1253 0.0000
-0.9398 5.2162 0.0000
-0.9396 5.3083 0.0000
-0.9951 5.9708 0.0000
-0.8426 5.8868 0.0000
-0.6922 5.9065 0.0000
-0.4403 5.8913 0.0000
-0.3695 5.9015 0.0000
-2.8543 2.4812 0.4819
-2.8266 2.5007 0.4819
-2.8083 2.5286 0.4819
-2.7958 2.5618 0.4819
-2.8055 2.6161 0.4819
-2.8086 2.6653 0.4819
-2.7961 2.7001 0.4819
-2.7881 2.7399 0.4819
-2.8023 2.8023 0.4819
-2.8057 2.8551 0.4819
-2.7800 2.8788 0.4819
-2.7851 2.9349 0.4819
-2.7805 2.9817 0.4819
-2.7834 3.0376 0.4819
-2.7869 3.0952 0.4819
-2.7896 3.1531 0.4819
-2.7876 3.2068 0.4819
-2.7803 3.2553 0.4819
-2.7878 3.3223 0.4819
-2.7854 3.3789 0.4819
-2.7973 3.4544 0.4819
-2.7907 3.5084 0.4819
-2.7945 3.5768 0.4819
-2.7924 3.6391 0.4819
-2.7978 3.7129 0.4819
-2.7951 3.7773 0.4819
-2.7926 3.8436 0.4819
-2.7984 3.9232 0.4819
-2.8031 4.0032 0.4819
-2.8020 4.0770 0.4819
-2.8195 4.1800 0.4819
-2.8121 4.2486 0.4819
-2.8076 4.3233 0.4819
-2.8106 4.4118 0.4819
-2.8186 4.5108 0.4819
-2.8199 4.6017 0.4819
-2.8095 4.6758 0.4819
-2.7986 4.7510 0.4819
-2.7400 4.7458 0.4819
-2.6832 4.7426 0.4819
-2.6311 4.7466 0.4819
-2.5786 4.7491 0.4819
-2.5215 4.7423 0.4819
-2.4657 4.7366 0.4819
-2.4093 4.7286 0.4819
-2.3595 4.7324 0.4819
-2.3124 4.7411 0.4819
-2.2585 4.7350 0.4819
-2.2065 4.7318 0.4819
-2.1572 4.7336 0.4819
-2.1077 4.7340 0.4819
-2.0560 4.7284 0.4819
-2.0103 4.7360 0.4819
-1.9624 4.7377 0.4819
-1.9094 4.7259 0.4819
-1.8640 4.7321 0.4819
-1.8184 4.7370 0.4819
-1.7685 4.7302 0.4819
-1.7204 4.7267 0.4819
-1.6714 4.7198 0.4819
-1.6262 4.7229 0.4819
-1.5776 4.7151 0.4819
-1.5324 4.7163 0.4819
-1.4876 4.7180 0.4819
-1.4440 4.7232 0.4819
-1.3957 4.7116 0.4819
-1.3526 4.7169 0.4819
-1.3068 4.7122 0.4819
-1.2636 4.7156 0.4819
-1.2181 4.7100 0.4819
-1.1740 4.7088 0.4819
-0.6319 2.6322 0.4819
-0.5860 2.5382 0.4819
-0.5671 2.5579 0.4819
-0.5443 2.5608 0.4819
-0.5359 2.6340 0.4819
-0.5377 2.7662 0.4819
-0.5203 2.8072 0.4819
-0.5013 2.8431 0.4819
-0.4965 2.9667 0.4819
-0.4904 3.0964 0.4819
-0.4807 3.2163 0.4819
-0.4736 3.3699 0.4819
-0.4632 3.5186 0.4819
-0.4527 3.6873 0.4819
-0.4404 3.8650 0.4819
-0.4275 4.0676 0.4819
-0.4145 4.3051 0.4819
-0.3989 4.5596 0.4819
-0.3676 4.6706 0.4819
-2.8668 4.8727 0.4819
-2.7315 4.8627 0.4819
-2.6321 4.8771 0.4819
-2.5005 4.8652 0.4819
-2.4026 4.8773 0.4819
-2.2706 4.8606 0.4819
-2.1697 4.8665 0.4819
-2.0683 4.8705 0.4819
-1.9720 4.8768 0.4819
-1.8668 4.8741 0.4819
-1.7667 4.8739 0.4819
-1.6671 4.8722 0.4819
-1.5634 4.8652 0.4819
-1.4662 4.8622 0.4819
-1.3643 4.8531 0.4819
-1.2942 4.8722 0.4819
-1.1939 4.8612 0.4819
-1.0928 4.8475 0.4819
-1.0242 4.8642 0.4819
-0.9227 4.8465 0.4819
-0.8503 4.8570 0.4819
-0.7802 4.8687 0.4819
-0.6810 4.8481 0.4819
-0.5769 4.9055 0.4819
-0.5101 4.9169 0.4819
-2.7915 5.0361 0.9637
-2.7284 5.0251 0.9637
-2.6774 5.0355 0.9637
-2.6144 5.0223 0.9637
-2.5610 5.0262 0.9637
-2.5166 5.0474 0.9637
-2.4803 5.0854 0.9637
-2.3605 4.9489 0.9637
-2.2919 4.9149 0.9637
-2.2456 4.9274 0.9637
-2.1992 4.9395 0.9637
-2.1528 4.9512 0.9637
-2.1010 4.9496 0.9637
-2.0497 4.9483 0.9637
-1.9967 4.9419 0.9637
-1.9476 4.9442 0.9637
-1.8983 4.9452 0.9637
-1.8452 4.9353 0.9637
-1.7983 4.9409 0.9637
-1.7485 4.9376 0.9637
-1.7008 4.9394 0.9637
-1.6497 4.9303 0.9637
-1.6023 4.9312 0.9637
-1.5546 4.9307 0.9637
-1.5072 4.9298 0.9637
-1.4607 4.9312 0.9637
-1.4132 4.9284 0.9637
-1.3667 4.9280 0.9637
-1.3197 4.9253 0.9637
-1.2709 4.9143 0.9637
-1.2253 4.9145 0.9637
-1.1808 4.9182 0.9637
-1.1347 4.9147 0.9637
-1.0883 4.9088 0.9637
-1.0400 4.8927 0.9637
-0.9956 4.8937 0.9637
-0.9609 4.9435 0.9637
-0.9575 5.1660 0.9637
-0.9624 5.4578 0.9637
-0.9494 5.6731 0.9637
-0.7950 5.0194 0.9637
-0.7490 5.0113 0.9637
-0.7017 4.9929 0.9637
-0.6585 5.0018 0.9637
-0.6158 5.0153 0.9637
-0.5699 5.0016 0.9637
-0.5256 5.0005 0.9637
-0.4825 5.0108 0.9637
-0.4441 5.0756 0.9637
-0.4393 5.5817 0.9637
-2.8135 4.9233 0.9637
-2.7104 4.9361 0.9637
-2.5790 4.9255 0.9637
-2.2996 4.8836 0.9637
-2.2023 4.8930 0.9637
-2.0737 4.8749 0.9637
-1.9735 4.8781 0.9637
-1.8722 4.8787 0.9637
-1.7728 4.8791 0.9637
-1.6723 4.8769 0.9637
-1.5686 4.8699 0.9637
-1.4979 4.8913 0.9637
-1.3980 4.8845 0.9637
-1.2964 4.8742 0.9637
-1.1961 4.8633 0.9637
-1.0928 4.8475 0.9637
-1.0228 4.8628 0.9637
-0.8913 4.8994 0.9637
-0.8181 4.9086 0.9637
-0.7478 4.9198 0.9637
-0.6479 4.8977 0.9637
-0.5776 4.9062 0.9637
-0.4762 4.9652 0.9637
-2.3626 4.9534 1.4456
-2.2927 4.9167 1.4456
-2.2518 4.9411 1.4456
-2.2911 5.1460 1.4456
-2.2593 5.1961 1.4456
-2.1239 5.1275 1.4456
-1.0394 4.8898 1.4456
-0.9952 4.8918 1.4456
-0.9626 4.9523 1.4456
-0.9558 5.1572 1.4456
-0.5076 5.2716 1.4456
-2.7774 5.0777 1.4456
-2.6753 5.0903 1.4456
-2.2964 4.8811 1.4456
-2.2046 4.8949 1.4456
-2.0737 4.8749 1.4456
-2.0026 4.9025 1.4456
-1.8729 4.8793 1.4456
-1.7735 4.8798 1.4456
-1.7008 4.9021 1.4456
-1.6013 4.8994 1.4456
-1.5023 4.8953 1.4456
-1.4001 4.8865 1.4456
-1.2971 4.8749 1.4456
-1.1968 4.8640 1.4456
-1.0936 4.8482 1.4456
-1.0214 4.8614 1.4456
-0.6980 5.2203 1.4456
-0.6269 5.2301 1.4456
-0.5216 5.2910 1.4456
-0.0269 5.9546 1.4456
-2.7677 5.3167 1.9275
-2.7560 5.6507 1.9275
-2.3868 5.0039 1.9275
-2.2974 4.9267 1.9275
-2.2518 4.9411 1.9275
-2.2936 5.1515 1.9275
-2.2637 5.2062 1.9275
-2.0794 5.1468 1.9275
-1.0414 4.8995 1.9275
-0.9972 4.9016 1.9275
-0.9596 4.9366 1.9275
-0.9569 5.1631 1.9275
-0.5594 5.3227 1.9275
-0.5337 5.5424 1.9275
-2.7951 5.1839 1.9275
-2.2980 4.8824 1.9275
-2.3824 5.1293 1.9275
-2.1429 5.1099 1.9275
-2.1509 5.2078 1.9275
-2.7495 5.9332 1.9275
-1.0921 4.8468 1.9275
-1.0228 4.8628 1.9275
-1.0678 4.9942 1.9275
-1.0370 5.1393 1.9275
-1.0411 5.2343 1.9275
-0.5535 5.2359 1.9275
-0.4624 5.7094 1.9275
-3.0844 5.8010 2.4093
-2.7705 5.3221 2.4093
-2.4071 4.9353 2.4093
-2.3471 4.9209 2.4093
-2.2974 4.9267 2.4093
-2.2543 4.9465 2.4093
-2.2911 5.1460 2.4093
-2.2334 5.1365 2.4093
-2.1803 5.1364 2.4093
-2.1262 5.1331 2.4093
-2.0779 5.1431 2.4093
-2.0246 5.1396 2.4093
-1.9703 5.1328 2.4093
-1.9167 5.1264 2.4093
-1.8664 5.1279 2.4093
-1.8152 5.1261 2.4093
-1.7623 5.1181 2.4093
-1.7163 5.1295 2.4093
-1.6696 5.1386 2.4093
-1.6148 5.1215 2.4093
-1.5654 5.1201 2.4093
-1.5161 5.1182 2.4093
-1.4711 5.1303 2.4093
-1.4212 5.1246 2.4093
-1.3761 5.1358 2.4093
-1.3258 5.1263 2.4093
-1.2817 5.1406 2.4093
-1.2342 5.1409 2.4093
-1.1900 5.1544 2.4093
-1.1443 5.1617 2.4093
-1.0433 4.9083 2.4093
-0.9970 4.9006 2.4093
-0.9493 4.8836 2.4093
-0.9097 4.9084 2.4093
-0.8653 4.9073 2.4093
-0.8330 4.9778 2.4093
-0.8024 5.0659 2.4093
-0.5530 5.2610 2.4093
-0.5358 5.5643 2.4093
-0.5954 2.4082 2.4093
-0.6214 2.4730 2.4093
-0.6206 2.5237 2.4093
-0.6166 2.5730 2.4093
-0.6129 2.6230 2.4093
-0.6130 2.6756 2.4093
-0.6082 2.7259 2.4093
-0.6012 2.7752 2.4093
-0.6308 2.8482 2.4093
-0.6293 2.9024 2.4093
-0.6271 2.9567 2.4093
-0.6235 3.0107 2.4093
-0.6226 3.0671 2.4093
-0.6203 3.1231 2.4093
-0.6205 3.1817 2.4093
-0.6185 3.2393 2.4093
-0.5828 3.3329 2.4093
-2.5037 4.8677 2.4093
-2.3546 4.8397 2.4093
-2.2988 4.8830 2.4093
-2.5559 5.1793 2.4093
-2.2234 4.9983 2.4093
-2.6875 5.4772 2.4093
-2.1254 5.0949 2.4093
-2.0754 5.1422 2.4093
-1.9711 5.1413 2.4093
-1.8703 5.1416 2.4093
-1.7640 5.1352 2.4093
-1.6627 5.1314 2.4093
-1.5923 5.1551 2.4093
-1.4874 5.1446 2.4093
-1.0522 4.8075 2.4093
-0.9853 4.8253 2.4093
-0.9199 4.8437 2.4093
-1.1136 5.1296 2.4093
-1.0363 5.1386 2.4093
-0.7168 5.0608 2.4093
-0.6258 5.1373 2.4093
-2.9295 5.5096 2.8912
-2.7728 5.3265 2.8912
-2.7477 5.6336 2.8912
-2.4143 5.0617 2.8912
-2.2948 4.9213 2.8912
-2.2493 4.9356 2.8912
-2.2895 5.1423 2.8912
-2.2593 5.1961 2.8912
-2.2135 5.2147 2.8912
-2.1572 5.2079 2.8912
-2.0978 5.1922 2.8912
-2.0418 5.1834 2.8912
-1.9979 5.2047 2.8912
-1.9437 5.1985 2.8912
-1.8921 5.1984 2.8912
-1.8429 5.2043 2.8912
-1.7903 5.1994 2.8912
-1.7385 5.1959 2.8912
-1.6888 5.1975 2.8912
-1.6355 5.1873 2.8912
-1.5879 5.1937 2.8912
-1.5391 5.1958 2.8912
-1.4904 5.1975 2.8912
-1.4407 5.1949 2.8912
-1.3922 5.1957 2.8912
-1.3448 5.1999 2.8912
-1.2933 5.1872 2.8912
-1.2454 5.1876 2.8912
-1.1972 5.1856 2.8912
-1.1506 5.1900 2.8912
-1.0425 4.9044 2.8912
-0.9968 4.8996 2.8912
-0.9693 4.9867 2.8912
-0.9560 5.1582 2.8912
-0.9101 5.1614 2.8912
-0.8637 5.1612 2.8912
-0.8224 5.1923 2.8912
-0.7876 5.6039 2.8912
-0.7362 5.5917 2.8912
-0.5463 5.1974 2.8912
-0.5373 5.5802 2.8912
-2.2996 4.8836 2.8912
-2.3816 5.1287 2.8912
-2.7056 5.5904 2.8912
-2.7780 5.7530 2.8912
-2.0475 5.2089 2.8912
-1.0242 4.8642 2.8912
-1.0671 4.9935 2.8912
-1.0363 5.1386 2.8912
-0.5938 5.1913 2.8912
-0.4250 5.5582 2.8912
-2.8398 5.3409 3.3731
-2.7742 5.3292 3.3731
-2.6210 5.3739 3.3731
-2.3721 4.9732 3.3731
-2.2969 4.9258 3.3731
-2.2493 4.9356 3.3731
-2.2960 5.1570 3.3731
-2.2573 5.1915 3.3731
-2.4003 5.6547 3.3731
-2.3416 5.6532 3.3731
-2.2106 5.4713 3.3731
-2.0861 5.2959 3.3731
-2.1678 5.6472 3.3731
-2.1125 5.6500 3.3731
-2.0586 5.6560 3.3731
-2.0035 5.6577 3.3731
-1.9489 5.6599 3.3731
-1.8946 5.6624 3.3731
-1.8374 5.6550 3.3731
-1.7856 5.6632 3.3731
-1.7314 5.6632 3.3731
-1.6768 5.6609 3.3731
-1.6243 5.6647 3.3731
-1.5698 5.6604 3.3731
-1.5190 5.6690 3.3731
-1.4642 5.6617 3.3731
-1.4121 5.6636 3.3731
-1.3566 5.6504 3.3731
-1.3036 5.6465 3.3731
-1.2566 5.6684 3.3731
-1.0414 4.8995 3.3731
-0.9948 4.8898 3.3731
-0.9643 4.9611 3.3731
-0.9618 5.1896 3.3731
-0.9947 5.6410 3.3731
-0.9409 5.6228 3.3731
-0.8900 5.6190 3.3731
-0.8394 5.6166 3.3731
-0.7891 5.6148 3.3731
-0.7400 5.6205 3.3731
-0.6962 5.6704 3.3731
-0.6501 5.7061 3.3731
-0.5473 5.2073 3.3731
-0.5350 5.5563 3.3731
-2.3011 4.8849 3.3731
-2.7782 5.4556 3.3731
-2.3412 5.1867 3.3731
-2.7969 5.7694 3.3731
-2.0513 5.2122 3.3731
-1.0936 4.8482 3.3731
-1.0228 4.8628 3.3731
-1.0636 4.9899 3.3731
-1.0363 5.1386 3.3731
-0.5931 5.1905 3.3731
-0.4286 5.5630 3.3731
-2.8300 5.3224 3.8550
-2.7774 5.3354 3.8550
-2.7477 5.6336 3.8550
-2.3657 4.9597 3.8550
-2.3012 4.9348 3.8550
-2.2456 4.9274 3.8550
-2.1927 4.9249 3.8550
-2.1449 4.9329 3.8550
-2.0916 4.9275 3.8550
-2.0412 4.9280 3.8550
-1.9884 4.9215 3.8550
-1.9406 4.9266 3.8550
-1.8890 4.9209 3.8550
-1.8403 4.9222 3.8550
-1.7915 4.9221 3.8550
-1.7425 4.9206 3.8550
-1.6949 4.9224 3.8550
-1.6436 4.9123 3.8550
-1.5970 4.9151 3.8550
-1.5480 4.9097 3.8550
-1.5043 4.9202 3.8550
-1.4564 4.9168 3.8550
-1.4096 4.9159 3.8550
-1.3624 4.9126 3.8550
-1.3148 4.9069 3.8550
-1.2709 4.9143 3.8550
-1.2236 4.9078 3.8550
-1.1789 4.9105 3.8550
-1.1347 4.9147 3.8550
-1.0878 4.9069 3.8550
-1.0402 4.8937 3.8550
-0.9946 4.8888 3.8550
-0.9668 4.9739 3.8550
-0.9556 5.1562 3.8550
-0.7410 5.6284 3.8550
-0.5503 5.2362 3.8550
-0.5272 5.4757 3.8550
-0.5823 2.5020 3.8550
-0.6425 2.5880 3.8550
-0.6439 2.6412 3.8550
-0.6057 2.7243 3.8550
-0.6046 2.7773 3.8550
-0.6342 2.8504 3.8550
-0.6335 2.9051 3.8550
-0.6277 3.0135 3.8550
-0.6268 3.0699 3.8550
-0.6230 3.1834 3.8550
-0.6201 3.2405 3.8550
-0.6190 3.2995 3.8550
-0.6188 3.3599 3.8550
-0.6171 3.4200 3.8550
-0.6162 3.4816 3.8550
-0.6162 3.5446 3.8550
-0.6162 3.6085 3.8550
-1.8145 4.6612 3.8550
-0.5839 3.7121 3.8550
-1.6486 4.6877 3.8550
-0.5849 3.8465 3.8550
-0.5856 3.9154 3.8550
-0.5869 3.9860 3.8550
-0.5888 4.0583 3.8550
-1.1785 4.6799 3.8550
-0.5550 4.1707 3.8550
-0.5559 4.2451 3.8550
-0.5600 4.3239 3.8550
-0.8410 4.6810 3.8550
-0.5281 4.4450 3.8550
-0.5280 4.5232 3.8550
-0.5304 4.6054 3.8550
-0.5337 4.6902 3.8550
-2.6136 5.1295 4.3368
-2.5161 5.0465 4.3368
-2.5044 5.1348 4.3368
-2.3928 5.0166 4.3368
-2.2948 4.9213 4.3368
-2.2630 4.9657 4.3368
-2.2733 5.1058 4.3368
-2.1467 5.0573 4.3368
-2.0057 5.9944 4.3368
-1.7657 5.4343 4.3368
-1.6650 5.2807 4.3368
-1.5797 5.1669 4.3368
-1.5078 5.0904 4.3368
-1.4441 5.0361 4.3368
-1.3902 5.0128 4.3368
-1.3342 4.9793 4.3368
-1.2834 4.9627 4.3368
-1.2336 4.9475 4.3368
-1.1861 4.9406 4.3368
-1.1385 4.9313 4.3368
-1.0919 4.9254 4.3368
-1.0400 4.8927 4.3368
-0.9964 4.8977 4.3368
-0.9581 4.9288 4.3368
-1.0280 5.5465 4.3368
-0.5466 5.2004 4.3368
-0.5176 5.3751 4.3368
-2.3695 4.8514 4.3368
-2.2980 4.8824 4.3368
-2.7751 5.4531 4.3368
-2.3427 5.1879 4.3368
-2.1398 5.1073 4.3368
-2.3013 5.5297 4.3368
-2.2843 5.8118 4.3368
-1.0928 4.8475 4.3368
-1.0228 4.8628 4.3368
-1.0657 4.9920 4.3368
-1.0336 5.1357 4.3368
-0.5535 5.2359 4.3368
-0.5374 5.6028 4.3368
-2.3670 4.9624 4.8187
-2.2948 4.9213 4.8187
-2.2418 4.9193 4.8187
-2.1992 4.9395 4.8187
-2.1449 4.9329 4.8187
-2.0951 4.9357 4.8187
-2.0447 4.9363 4.8187
-1.9944 4.9363 4.8187
-1.9436 4.9340 4.8187
-1.8947 4.9358 4.8187
-1.8414 4.9250 4.8187
-1.7925 4.9249 4.8187
-1.7461 4.9310 4.8187
-1.6962 4.9262 4.8187
-1.6471 4.9227 4.8187
-1.5985 4.9198 4.8187
-1.5498 4.9155 4.8187
-1.5045 4.9211 4.8187
-1.4544 4.9101 4.8187
-1.4115 4.9226 4.8187
-1.3632 4.9155 4.8187
-1.3158 4.9108 4.8187
-1.2689 4.9066 4.8187
-1.2249 4.9126 4.8187
-1.1763 4.8998 4.8187
-1.1324 4.9050 4.8187
-1.0878 4.9069 4.8187
-1.0423 4.9035 4.8187
-0.9960 4.8957 4.8187
-0.9531 4.9032 4.8187
-0.4779 4.9630 4.8187
-2.4058 4.8797 4.8187
-2.2972 4.8818 4.8187
-2.2031 4.8936 4.8187
-2.0745 4.8755 4.8187
-1.9743 4.8788 4.8187
-1.8722 4.8787 4.8187
-1.7720 4.8785 4.8187
-1.6686 4.8736 4.8187
-1.5679 4.8693 4.8187
-1.4677 4.8636 4.8187
-1.3950 4.8817 4.8187
-1.2957 4.8736 4.8187
-1.1968 4.8640 4.8187
-1.0914 4.8461 4.8187
-1.0228 4.8628 4.8187
-2.7828 5.0203 5.3006
-2.7203 5.0101 5.3006
-2.6718 5.0249 5.3006
-2.6144 5.0223 5.3006
-2.5514 5.0075 5.3006
-2.5045 5.0233 5.3006
-2.4562 5.0359 5.3006
-2.3553 4.9380 5.3006
-2.2927 4.9167 5.3006
-2.2431 4.9220 5.3006
-2.2045 4.9514 5.3006
-2.1493 4.9430 5.3006
-2.0974 4.9413 5.3006
-2.0458 4.9391 5.3006
-1.9967 4.9419 5.3006
-1.9406 4.9266 5.3006
-1.8940 4.9340 5.3006
-1.8438 4.9316 5.3006
-1.7966 4.9362 5.3006
-1.7411 4.9168 5.3006
-1.6943 4.9205 5.3006
-1.6462 4.9199 5.3006
-1.6007 4.9265 5.3006
-1.5483 4.9107 5.3006
-1.5019 4.9125 5.3006
-1.4539 4.9082 5.3006
-1.4104 4.9188 5.3006
-1.3624 4.9126 5.3006
-1.3153 4.9088 5.3006
-1.2707 4.9133 5.3006
-1.2258 4.9165 5.3006
-1.1791 4.9114 5.3006
-1.1335 4.9099 5.3006
-1.0826 4.8834 5.3006
-1.0396 4.8907 5.3006
-0.9944 4.8879 5.3006
-0.9498 4.8865 5.3006
-0.9033 4.8740 5.3006
-0.8761 4.9684 5.3006
-0.8315 4.9689 5.3006
-0.7866 4.9661 5.3006
-0.7402 4.9530 5.3006
-0.6968 4.9583 5.3006
-0.6521 4.9533 5.3006
-0.6076 4.9488 5.3006
-0.5630 4.9410 5.3006
-0.5214 4.9607 5.3006
-0.4776 4.9601 5.3006
-0.4468 5.1065 5.3006
-0.4513 5.7343 5.3006
-2.8915 4.9810 5.3006
-2.7160 4.9403 5.3006
-2.5766 4.9237 5.3006
-2.4026 4.8773 5.3006
-2.3003 4.8842 5.3006
-2.1720 4.8684 5.3006
-2.0722 4.8736 5.3006
-1.9704 4.8755 5.3006
-1.8706 4.8774 5.3006
-1.7690 4.8758 5.3006
-1.6708 4.8756 5.3006
-1.5679 4.8693 5.3006
-1.4669 4.8629 5.3006
-1.3958 4.8824 5.3006
-1.2949 4.8729 5.3006
-1.1968 4.8640 5.3006
-1.0936 4.8482 5.3006
-1.0221 4.8621 5.3006
-0.9542 4.8786 5.3006
-0.8851 4.8929 5.3006
-0.7844 4.8731 5.3006
-0.7117 4.8811 5.3006
-0.6432 4.8926 5.3006
-0.5736 4.9018 5.3006
-2.7862 5.0264 5.7824
-2.7212 5.0119 5.7824
-2.6671 5.0160 5.7824
-2.6181 5.0294 5.7824
-2.5473 4.9994 5.7824
-2.5116 5.0376 5.7824
-2.4479 5.0189 5.7824
-2.3859 5.0021 5.7824
-2.2986 4.9294 5.7824
-2.2510 4.9393 5.7824
-2.2037 4.9496 5.7824
-2.1497 4.9439 5.7824
-2.0971 4.9403 5.7824
-2.0508 4.9511 5.7824
-1.9967 4.9419 5.7824
-1.9395 4.9238 5.7824
-1.8900 4.9237 5.7824
-1.8449 4.9344 5.7824
-1.7966 4.9362 5.7824
-1.7445 4.9262 5.7824
-1.6962 4.9262 5.7824
-1.6493 4.9294 5.7824
-1.5998 4.9236 5.7824
-1.5513 4.9202 5.7824
-1.5045 4.9211 5.7824
-1.4621 4.9360 5.7824
-1.4107 4.9197 5.7824
-1.3645 4.9203 5.7824
-1.3226 4.9359 5.7824
-1.2787 4.9443 5.7824
-1.2280 4.9252 5.7824
-1.1829 4.9270 5.7824
-1.1383 4.9303 5.7824
-1.0937 4.9332 5.7824
-1.0431 4.9074 5.7824
-0.9988 4.9094 5.7824
-0.9531 4.9032 5.7824
-0.9540 5.1473 5.7824
-0.9130 5.1781 5.7824
-0.8376 5.0054 5.7824
-0.7947 5.0175 5.7824
-0.7402 4.9530 5.7824
-0.6970 4.9593 5.7824
-0.6529 4.9592 5.7824
-0.6061 4.9359 5.7824
-0.5613 4.9261 5.7824
-0.5188 4.9358 5.7824
-0.4760 4.9431 5.7824
-0.4529 5.1762 5.7824
-0.4471 5.6814 5.7824
-2.9351 4.6564 5.7824
-2.8582 4.6901 5.7824
-2.7665 4.7124 5.7824
-2.6702 4.7299 5.7824
-2.6069 4.7705 5.7824
-2.4453 4.7363 5.7824
-2.3522 4.8379 5.7824
-2.2612 4.8531 5.7824
-2.1689 4.8659 5.7824
-2.0706 4.8724 5.7824
-1.9743 4.8788 5.7824
-1.8699 4.8767 5.7824
-1.7690 4.8758 5.7824
-1.6708 4.8756 5.7824
-1.5694 4.8706 5.7824
-1.4677 4.8636 5.7824
-1.3972 4.8838 5.7824
-1.2971 4.8749 5.7824
-1.1968 4.8640 5.7824
-1.0936 4.8482 5.7824
-1.0235 4.8635 5.7824
-0.9549 4.8793 5.7824
-0.8222 4.9130 5.7824
-0.7485 4.9205 5.7824
-0.6479 4.8977 5.7824
-0.5783 4.9070 5.7824
-0.2745 5.2663 5.7824
-2.3180 5.2063 6.2643
-2.2322 5.1337 6.2643
-2.1662 5.1033 6.2643
-2.0559 5.6485 6.2643
-1.7425 4.9206 6.2643
-1.7210 4.9980 6.2643
-1.6697 4.9901 6.2643
-1.6245 4.9997 6.2643
-1.5513 4.9202 6.2643
-1.7952 5.8717 6.2643
-1.5945 5.3828 6.2643
-1.5400 5.3706 6.2643
-1.4471 5.2181 6.2643
-1.3984 5.2189 6.2643
-1.3636 5.2725 6.2643
-1.4750 5.9159 6.2643
-1.1287 5.0914 6.2643
-1.0818 5.0893 6.2643
-1.0511 5.1662 6.2643
-1.0082 5.1869 6.2643
-0.9606 5.1827 6.2643
-0.9413 5.3386 6.2643
-2.8651 4.8716 6.2643
-2.7347 4.8651 6.2643
-2.6377 4.8813 6.2643
-2.5751 4.9224 6.2643
-2.5200 4.9690 6.2643
-2.4224 4.9814 6.2643
-2.2862 4.9609 6.2643
-2.1069 4.9023 6.2643
-2.0394 4.9334 6.2643
-1.9505 4.9455 6.2643
-1.8113 4.9126 6.2643
-1.7450 4.9412 6.2643
-1.5961 4.8947 6.2643
-1.4747 4.9561 6.2643
-1.3283 4.9045 6.2643
-1.2644 4.9293 6.2643
-1.1351 5.0627 6.2643
-1.0418 5.1444 6.2643
-0.9344 5.2103 6.2643
-0.7360 5.4535 6.2643
-0.6641 5.4639 6.2643
-0.5942 5.4758 6.2643
-0.2097 6.0039 6.2643
-2.1725 5.2449 6.7462
-2.1678 5.3656 6.7462
-1.7752 5.0130 6.7462
-1.7128 4.9744 6.7462
-1.6624 4.9683 6.7462
-1.6125 4.9626 6.7462
-1.5736 4.9908 6.7462
-1.3792 5.5317 6.7462
-1.3243 5.5163 6.7462
-1.1337 5.1138 6.7462
-1.1144 5.2429 6.7462
-2.2851 5.2313 6.7462
-2.3101 5.3462 6.7462
-1.7412 4.9378 6.7462
-1.5968 4.8954 6.7462
-1.1087 5.1246 6.7462
-1.0840 5.2804 6.7462
-1.2006 5.5008 6.7462
-1.0661 5.9515 6.7462
-2.0470 5.3326 7.2280
-1.9615 5.2463 7.2280
-1.7843 5.4914 7.2280
-1.6587 5.2607 7.2280
-1.8343 5.9999 7.2280
-1.5770 5.8854 7.2280
-1.3059 5.2377 7.2280
-1.3246 5.5172 7.2280
-2.1584 5.2144 7.2280
-2.0050 5.4505 7.2280
-1.2535 5.1832 7.2280
-1.1747 5.1929 7.2280
-1.8033 5.2372 7.7099
-1.8039 5.3912 7.7099
-1.5033 5.2427 7.7099
-1.4757 5.3212 7.7099
-1.9417 5.2058 7.7099
-1.9362 5.3864 7.7099
-1.4566 5.2050 7.7099
-1.1250 5.8133 7.7099
-2.1061 5.6331 8.1918
-2.1021 5.7754 8.1918
-1.6632 5.2750 8.1918
-1.0505 3.4360 8.1918
-1.0219 3.4498 8.1918
-0.9986 3.4827 8.1918
-0.9281 3.3467 8.1918
-0.8945 3.3382 8.1918
-0.8601 3.3256 8.1918
-0.8136 3.2631 8.1918
-0.7848 3.2691 8.1918
-0.7486 3.2427 8.1918
-0.7138 3.2198 8.1918
-0.6782 3.1907 8.1918
-0.6489 3.1897 8.1918
-0.6266 3.2237 8.1918
-0.6045 3.2615 8.1918
-0.5821 3.3011 8.1918
-1.7410 5.2043 8.1918
-1.6308 5.1916 8.1918
-2.0428 5.6809 8.1918
-2.5121 2.4686 8.6737
-2.3582 2.3582 8.6737
-2.2913 2.3316 8.6737
-2.3222 2.4048 8.6737
-2.5001 2.6346 8.6737
-2.3843 2.5568 8.6737
-2.2673 2.4743 8.6737
-2.2302 2.4769 8.6737
-2.2105 2.4985 8.6737
-2.1945 2.5245 8.6737
-2.1867 2.5603 8.6737
-2.1218 2.5287 8.6737
-2.1029 2.5510 8.6737
-2.0856 2.5755 8.6737
-2.0543 2.5826 8.6737
-2.0341 2.6036 8.6737
-2.0040 2.6117 8.6737
-1.9794 2.6267 8.6737
-1.9522 2.6383 8.6737
-1.9297 2.6560 8.6737
-1.8977 2.6605 8.6737
-1.8744 2.6770 8.6737
-1.8425 2.6809 8.6737
-1.8140 2.6894 8.6737
-1.7872 2.7001 8.6737
-1.7641 2.7165 8.6737
-1.7398 2.7309 8.6737
-1.7106 2.7375 8.6737
-1.6934 2.7634 8.6737
-1.6770 2.7909 8.6737
-1.6647 2.8261 8.6737
-1.6420 2.8440 8.6737
-1.5684 2.7721 8.6737
-1.5344 2.7682 8.6737
-1.4816 2.7287 8.6737
-1.4563 2.7389 8.6737
-1.3691 2.6300 8.6737
-1.3434 2.6365 8.6737
-1.3145 2.6365 8.6737
-1.2489 2.5607 8.6737
-1.2192 2.5561 8.6737
-1.1707 2.5105 8.6737
-1.1363 2.4933 8.6737
-1.1226 2.5214 8.6737
-1.1145 2.5632 8.6737
-1.1191 2.6363 8.6737
-1.1113 2.6829 8.6737
-1.0860 2.6879 8.6737
-1.0497 2.6647 8.6737
-1.0049 2.6178 8.6737
-0.9690 2.5918 8.6737
-0.9597 2.6368 8.6737
-0.9998 2.8232 8.6737
-0.9783 2.8413 8.6737
-0.9529 2.8478 8.6737
-0.9487 2.9197 8.6737
-0.9244 2.9317 8.6737
-0.9137 2.9885 8.6737
-0.8964 3.0260 8.6737
-0.8746 3.0501 8.6737
-0.8458 3.0499 8.6737
-0.8210 3.0639 8.6737
-0.7965 3.0797 8.6737
-0.7717 3.0952 8.6737
-0.7466 3.1096 8.6737
-0.7216 3.1258 8.6737
-0.6987 3.1515 8.6737
-0.6757 3.1790 8.6737
-0.6523 3.2063 8.6737
-0.6459 3.3228 8.6737
-0.7278 3.9271 8.6737
-0.7364 4.1766 8.6737
-0.7102 4.2440 8.6737
-0.6822 4.3073 8.6737
-0.6544 4.3784 8.6737
-0.6247 4.4453 8.6737
-0.5957 4.5250 8.6737
-0.5649 4.6005 8.6737
-0.4165 3.6554 8.6737
-0.3849 3.6618 8.6737
-0.3589 3.7278 8.6737
-0.3241 3.7048 8.6737
-0.4373 5.5568 8.6737
-0.3951 5.6502 8.6737
-2.1107 2.4649 8.6737
-2.1129 2.5269 8.6737
-2.1777 2.6166 8.6737
-2.2278 2.7015 8.6737
-2.1144 2.7766 8.6737
-2.4578 3.0717 8.6737
-2.2151 3.0190 8.6737
-2.1618 3.0581 8.6737
-2.3018 3.2656 8.6737
-2.2502 3.3067 8.6737
-1.0171 3.0943 8.6737
-0.9513 3.1115 8.6737
-0.8256 3.0881 8.6737
-0.8532 3.1656 8.6737
-0.7224 3.1356 8.6737
-0.9135 3.3285 8.6737
-0.7199 3.2525 8.6737
-0.9777 3.5003 8.6737
-0.9446 3.6055 8.6737
-0.8477 3.7961 8.6737
-2.2071 5.3500 8.6737
-1.0573 4.9835 8.6737
-1.9444 5.9899 8.6737
-0.9381 5.1239 8.6737
-2.6280 2.4939 9.1555
-2.7018 2.6550 9.1555
-2.7068 2.7068 9.1555
-2.7020 2.7496 9.1555
-2.6849 2.7802 9.1555
-2.6515 2.7941 9.1555
-2.6148 2.8040 9.1555
-2.5997 2.8370 9.1555
-2.5561 2.8388 9.1555
-2.5425 2.8737 9.1555
-2.5291 2.9094 9.1555
-2.5134 2.9428 9.1555
-2.1423 2.5988 9.1555
-2.1353 2.6369 9.1555
-2.5031 3.1469 9.1555
-2.4565 3.1442 9.1555
-2.3669 3.0846 9.1555
-2.2737 3.0172 9.1555
-2.1800 2.9461 9.1555
-2.1190 2.9165 9.1555
-2.0905 2.9308 9.1555
-2.1957 3.1357 9.1555
-2.1433 3.1185 9.1555
-2.0970 3.1089 9.1555
-2.0659 3.1212 9.1555
-2.0762 3.1970 9.1555
-2.1546 3.3820 9.1555
-2.1154 3.3854 9.1555
-2.0999 3.4268 9.1555
-2.2157 3.6875 9.1555
-2.1728 3.6886 9.1555
-2.1330 3.6945 9.1555
-2.1736 3.8418 9.1555
-2.1632 3.9026 9.1555
-2.5781 4.7482 9.1555
-2.5319 4.7617 9.1555
-2.4745 4.7535 9.1555
-2.3371 4.5869 9.1555
-2.2903 4.5937 9.1555
-2.2410 4.5946 9.1555
-2.1956 4.6032 9.1555
-2.2031 4.7246 9.1555
-2.1838 4.7919 9.1555
-2.0491 4.6024 9.1555
-2.0368 4.6843 9.1555
-1.9959 4.7019 9.1555
-1.9092 4.6092 9.1555
-1.8925 4.6841 9.1555
-1.8721 4.7526 9.1555
-1.8535 4.8285 9.1555
-1.8347 4.9072 9.1555
-1.7864 4.9080 9.1555
-1.7425 4.9206 9.1555
-1.6952 4.9233 9.1555
-1.6497 4.9303 9.1555
-1.6066 4.9445 9.1555
-1.5574 4.9393 9.1555
-1.4934 4.8848 9.1555
-1.3638 4.6043 9.1555
-1.3614 4.7477 9.1555
-1.3170 4.7488 9.1555
-1.2338 4.6046 9.1555
-1.2194 4.7149 9.1555
-1.2200 4.8932 9.1555
-1.1733 4.8871 9.1555
-1.0975 4.7540 9.1555
-1.1205 5.0543 9.1555
-0.8405 5.9802 9.1555
-0.6585 5.0018 9.1555
-0.6436 5.2416 9.1555
-0.5497 4.8248 9.1555
-0.5084 4.8374 9.1555
-0.5386 5.5931 9.1555
-0.4786 5.4701 9.1555
-0.4248 5.3973 9.1555
-2.3067 2.3595 9.1555
-2.5873 2.5318 9.1555
-2.5569 2.6497 9.1555
-2.6317 2.8140 9.1555
-2.5822 2.8594 9.1555
-2.7135 2.9866 9.1555
-2.4303 2.9908 9.1555
-2.4066 3.1145 9.1555
-1.0758 3.2537 9.1555
-0.9187 3.2098 9.1555
-0.7207 3.1345 9.1555
-0.7530 3.2160 9.1555
-1.0097 3.4592 9.1555
-2.4695 4.5841 9.1555
-2.4968 4.6890 9.1555
-0.8802 3.6878 9.1555
-2.8633 5.3851 9.6374
-2.8033 5.3850 9.6374
-2.7503 5.3977 9.6374
-2.9396 5.8958 9.6374
-2.7990 5.7388 9.6374
-2.7148 5.6917 9.6374
-2.0071 4.9679 9.6374
-1.9619 4.9805 9.6374
-1.9105 4.9769 9.6374
-1.8589 4.9719 9.6374
-1.8107 4.9747 9.6374
-1.7615 4.9743 9.6374
-1.7112 4.9696 9.6374
-1.6620 4.9673 9.6374
-1.6131 4.9645 9.6374
-1.5697 4.9784 9.6374
-1.5171 4.9623 9.6374
-1.4692 4.9600 9.6374
-1.4220 4.9591 9.6374
-1.3752 4.9588 9.6374
-1.3277 4.9552 9.6374
-1.2827 4.9598 9.6374
-1.2512 5.0184 9.6374
-1.2499 5.2061 9.6374
-0.5865 5.5803 9.6374
-0.5236 5.4378 9.6374
-0.4758 5.4382 9.6374
-0.4414 5.6087 9.6374
-2.5167 4.2074 9.6374
-2.4507 4.2432 9.6374
-2.4954 4.5190 9.6374
-2.3055 4.5474 9.6374
-2.8174 5.0167 9.6374
-2.2080 4.7252 9.6374
-2.5791 5.2915 9.6374
-2.0417 4.9353 9.6374
-1.9117 4.9124 9.6374
-1.8407 4.9382 9.6374
-1.7098 4.9100 9.6374
-1.6080 4.9054 9.6374
-1.5370 4.9271 9.6374
-1.4345 4.9186 9.6374
-1.3341 4.9100 9.6374
-0.5897 5.0958 9.6374
-0.5224 5.3872 9.6374
-2.5604 4.9185 10.1193
-2.2565 5.3159 10.1193
-2.1981 5.3068 10.1193
-2.0094 4.9734 10.1193
-1.9593 4.9740 10.1193
-1.9087 4.9722 10.1193
-1.8564 4.9653 10.1193
-1.8130 4.9813 10.1193
-1.7605 4.9715 10.1193
-1.7122 4.9725 10.1193
-1.6655 4.9778 10.1193
-1.6165 4.9750 10.1193
-1.5667 4.9689 10.1193
-1.5200 4.9718 10.1193
-1.4735 4.9744 10.1193
-1.4256 4.9716 10.1193
-1.3752 4.9588 10.1193
-1.3285 4.9581 10.1193
-1.2807 4.9521 10.1193
-1.2558 5.0368 10.1193
-1.2555 5.2294 10.1193
-1.0338 5.5780 10.1193
-0.9782 5.5474 10.1193
-0.9241 5.5222 10.1193
-0.8717 5.5034 10.1193
-0.7701 5.1528 10.1193
-0.7714 5.4891 10.1193
-0.7209 5.4757 10.1193
-0.6705 5.4610 10.1193
-0.6210 5.4507 10.1193
-0.5707 5.4301 10.1193
-0.5200 5.4000 10.1193
-0.4712 5.3854 10.1193
-0.4239 5.3863 10.1193
-0.3944 5.6402 10.1193
-2.0126 4.9109 10.1193
-1.9087 4.9098 10.1193
-1.8399 4.9375 10.1193
-1.7382 4.9352 10.1193
-1.6080 4.9054 10.1193
-1.5370 4.9271 10.1193
-1.4338 4.9179 10.1193
-1.3348 4.9107 10.1193
-2.8314 5.0045 10.6011
-2.7736 5.0037 10.6011
-2.7165 5.0031 10.6011
-2.6558 4.9948 10.6011
-2.5479 4.8945 10.6011
-2.5206 4.9469 10.6011
-2.4693 4.9526 10.6011
-2.4084 4.9380 10.6011
-2.3570 4.9417 10.6011
-2.3016 4.9358 10.6011
-2.2451 4.9265 10.6011
-2.1992 4.9395 10.6011
-2.1516 4.9485 10.6011
-2.0986 4.9440 10.6011
-2.0458 4.9391 10.6011
-1.9940 4.9354 10.6011
-1.9432 4.9331 10.6011
-1.8897 4.9228 10.6011
-1.8386 4.9175 10.6011
-1.7853 4.9052 10.6011
-1.7371 4.9055 10.6011
-1.6894 4.9063 10.6011
-1.6414 4.9057 10.6011
-1.5911 4.8970 10.6011
-1.5408 4.8868 10.6011
-1.4940 4.8867 10.6011
-1.4493 4.8929 10.6011
-1.4008 4.8851 10.6011
-1.3533 4.8798 10.6011
-1.3096 4.8876 10.6011
-1.2624 4.8814 10.6011
-1.2171 4.8816 10.6011
-1.1705 4.8755 10.6011
-1.1263 4.8787 10.6011
-1.0805 4.8737 10.6011
-1.0333 4.8614 10.6011
-0.9859 4.8457 10.6011
-0.9447 4.8600 10.6011
-0.8986 4.8484 10.6011
-0.8538 4.8423 10.6011
-0.8125 4.8555 10.6011
-0.7681 4.8495 10.6011
-0.7337 4.9095 10.6011
-0.6910 4.9167 10.6011
-0.6475 4.9186 10.6011
-0.6037 4.9171 10.6011
-0.5600 4.9152 10.6011
-0.5160 4.9090 10.6011
-0.4725 4.9073 10.6011
-0.4319 4.9361 10.6011
-0.4137 5.2567 10.6011
-0.4061 5.8068 10.6011
-2.7766 5.0771 10.6011
-2.5602 5.0004 10.6011
-2.5038 5.0461 10.6011
-2.3982 5.0516 10.6011
-2.2929 5.0555 10.6011
-2.0110 4.9096 10.6011
-1.9094 4.9105 10.6011
-1.8098 4.9113 10.6011
-1.7083 4.9087 10.6011
-1.6385 4.9328 10.6011
-1.5053 4.8980 10.6011
-1.4360 4.9199 10.6011
-1.3348 4.9107 10.6011
-0.8191 4.8246 10.6011
-0.8973 4.9920 10.6011
-0.8242 5.0017 10.6011
-0.7513 5.0105 10.6011
-0.6177 4.9508 10.6011
-0.5077 5.0015 10.6011
-2.8354 5.0115 11.0830
-2.7731 5.0028 11.0830
-2.7184 5.0066 11.0830
-2.6591 5.0010 11.0830
-2.6029 5.0001 11.0830
-2.5482 5.0012 11.0830
-2.4907 4.9955 11.0830
-2.4391 5.0009 11.0830
-2.3837 4.9976 11.0830
-2.3367 5.0110 11.0830
-2.2825 5.0084 11.0830
-2.2460 5.0446 11.0830
-2.2645 5.2080 11.0830
-2.2389 5.2745 11.0830
-2.2238 5.3687 11.0830
-1.9993 4.9484 11.0830
-1.9589 4.9731 11.0830
-1.9087 4.9722 11.0830
-1.8593 4.9728 11.0830
-1.8093 4.9710 11.0830
-1.7605 4.9715 11.0830
-1.7138 4.9772 11.0830
-1.6655 4.9778 11.0830
-1.6165 4.9750 11.0830
-1.5673 4.9708 11.0830
-1.5183 4.9661 11.0830
-1.4703 4.9638 11.0830
-1.4215 4.9572 11.0830
-1.3733 4.9521 11.0830
-1.3257 4.9475 11.0830
-1.2792 4.9463 11.0830
-1.2645 5.0717 11.0830
-1.2585 5.2420 11.0830
-1.3036 5.6465 11.0830
-1.2917 5.8265 11.0830
-1.2088 5.6870 11.0830
-1.0162 4.9947 11.0830
-0.9685 4.9827 11.0830
-0.9234 4.9822 11.0830
-0.8800 4.9910 11.0830
-0.8338 4.9827 11.0830
-0.7900 4.9878 11.0830
-0.7429 4.9708 11.0830
-0.7003 4.9830 11.0830
-0.6552 4.9771 11.0830
-0.6112 4.9776 11.0830
-0.5673 4.9788 11.0830
-0.5226 4.9726 11.0830
-0.4788 4.9730 11.0830
-0.4362 4.9860 11.0830
-0.4139 5.2587 11.0830
-0.4003 5.7240 11.0830
-2.9015 4.8980 11.0830
-2.7685 4.8900 11.0830
-2.6385 4.8819 11.0830
-2.5401 4.8957 11.0830
-2.4050 4.8791 11.0830
-2.3363 4.9129 11.0830
-2.0126 4.9109 11.0830
-1.9110 4.9118 11.0830
-1.8082 4.9099 11.0830
-1.7098 4.9100 11.0830
-1.6073 4.9047 11.0830
-1.5370 4.9271 11.0830
-1.4374 4.9213 11.0830
-1.3326 4.9087 11.0830
-1.0228 4.8628 11.0830
-0.9514 4.8758 11.0830
-0.8503 4.8570 11.0830
-0.7809 4.8694 11.0830
-0.6823 4.8496 11.0830
-0.6101 4.8564 11.0830
-0.5435 4.8683 11.0830
-2.8513 4.7453 11.5649
-2.8711 4.8742 11.5649
-2.8255 4.8939 11.5649
-3.0048 5.3109 11.5649
-2.9173 5.4866 11.5649
-2.7663 5.3141 11.5649
-2.6826 5.2650 11.5649
-2.5857 5.1861 11.5649
-2.5776 5.2849 11.5649
-2.5150 5.2729 11.5649
-2.4550 5.2647 11.5649
-2.3861 5.2359 11.5649
-2.3310 5.2355 11.5649
-2.2852 5.2557 11.5649
-2.2338 5.2625 11.5649
-2.2066 5.3271 11.5649
-2.0071 4.9679 11.5649
-1.9600 4.9759 11.5649
-1.9108 4.9779 11.5649
-1.8582 4.9700 11.5649
-1.8113 4.9766 11.5649
-1.7592 4.9677 11.5649
-1.7135 4.9763 11.5649
-1.6614 4.9654 11.5649
-1.6146 4.9693 11.5649
-1.5691 4.9765 11.5649
-1.5192 4.9690 11.5649
-1.4695 4.9609 11.5649
-1.4215 4.9572 11.5649
-1.3768 4.9646 11.5649
-1.3262 4.9494 11.5649
-1.2802 4.9501 11.5649
-1.2582 5.0465 11.5649
-1.2538 5.2226 11.5649
-1.2222 5.2938 11.5649
-1.0541 5.1809 11.5649
-1.0052 5.1712 11.5649
-0.9533 5.1434 11.5649
-0.9064 5.1407 11.5649
-0.8612 5.1464 11.5649
-0.8147 5.1439 11.5649
-0.7680 5.1389 11.5649
-0.7218 5.1355 11.5649
-0.6746 5.1238 11.5649
-0.6270 5.1066 11.5649
-0.5772 5.0662 11.5649
-0.5264 5.0084 11.5649
-0.4524 4.6983 11.5649
-0.4112 4.7000 11.5649
-0.3825 4.8600 11.5649
-2.8797 4.7931 11.5649
-2.8231 4.8410 11.5649
-2.9197 5.0938 11.5649
-2.6422 5.0644 11.5649
-2.3082 4.8905 11.5649
-2.0927 4.8042 11.5649
-1.9618 4.7827 11.5649
-1.8586 4.7817 11.5649
-1.7581 4.7812 11.5649
-1.6603 4.7814 11.5649
-1.5577 4.7755 11.5649
-1.4564 4.7689 11.5649
-1.3578 4.7629 11.5649
-1.2883 4.7822 11.5649
-1.1876 4.7710 11.5649
-1.0875 4.7584 11.5649
-1.0158 4.7718 11.5649
-0.9181 4.7581 11.5649
-0.8477 4.7702 11.5649
-0.7774 4.7815 11.5649
-0.6784 4.7614 11.5649
-0.6107 4.7728 11.5649
-0.5399 4.7798 11.5649
-0.4692 4.7859 11.5649
-0.3035 4.8514 11.5649
-0.1267 5.1695 11.5649
-2.8905 4.7168 12.0467
-2.8373 4.7221 12.0467
-2.8615 4.8579 12.0467
-2.8215 4.8870 12.0467
-2.7955 4.9410 12.0467
-2.7484 4.9582 12.0467
-2.6859 4.9469 12.0467
-2.6361 4.9578 12.0467
-2.5830 4.9619 12.0467
-2.5228 4.9513 12.0467
-2.4702 4.9544 12.0467
-2.4211 4.9640 12.0467
-2.3609 4.9498 12.0467
-2.3088 4.9512 12.0467
-2.2576 4.9538 12.0467
-2.2362 5.0227 12.0467
-2.2438 5.1603 12.0467
-2.2483 5.2966 12.0467
-2.2609 5.4583 12.0467
-2.0068 4.9669 12.0467
-1.9564 4.9666 12.0467
-1.9080 4.9704 12.0467
-1.8554 4.9625 12.0467
-1.8124 4.9794 12.0467
-1.7632 4.9790 12.0467
-1.7135 4.9763 12.0467
-1.6639 4.9730 12.0467
-1.6165 4.9750 12.0467
-1.5664 4.9679 12.0467
-1.5183 4.9661 12.0467
-1.4709 4.9657 12.0467
-1.4234 4.9640 12.0467
-1.3757 4.9608 12.0467
-1.3264 4.9504 12.0467
-1.2792 4.9463 12.0467
-1.2541 5.0300 12.0467
-1.2555 5.2294 12.0467
-1.2777 5.5344 12.0467
-1.2229 5.5161 12.0467
-1.0443 4.9132 12.0467
-0.9984 4.9075 12.0467
-0.9510 4.8924 12.0467
-0.9068 4.8927 12.0467
-0.8646 4.9034 12.0467
-0.8185 4.8910 12.0467
-0.7745 4.8900 12.0467
-0.7312 4.8927 12.0467
-0.6878 4.8939 12.0467
-0.6422 4.8779 12.0467
-0.5992 4.8803 12.0467
-0.5564 4.8834 12.0467
-0.5096 4.8483 12.0467
-0.4520 4.6943 12.0467
-0.4113 4.7010 12.0467
-0.4027 5.1172 12.0467
-0.4109 5.8766 12.0467
-2.8795 4.7050 12.0467
-2.8374 4.7629 12.0467
-2.7575 4.9716 12.0467
-2.6504 4.9803 12.0467
-2.5177 4.9672 12.0467
-2.3864 4.9527 12.0467
-2.3189 4.9874 12.0467
-2.0118 4.9103 12.0467
-1.9110 4.9118 12.0467
-1.8082 4.9099 12.0467
-1.7083 4.9087 12.0467
-1.6355 4.9302 12.0467
-1.5362 4.9264 12.0467
-1.4353 4.9193 12.0467
-1.3319 4.9080 12.0467
-1.0624 4.9024 12.0467
-0.9879 4.9129 12.0467
-0.8892 4.8973 12.0467
-0.8188 4.9093 12.0467
-0.5043 4.6587 12.0467
-0.5426 4.7827 12.0467
-0.4699 4.7866 12.0467
-0.1640 5.0337 12.0467
-2.9579 4.8268 12.5286
-2.8497 4.7427 12.5286
-2.8229 4.7924 12.5286
-2.8045 4.8575 12.5286
-2.8639 5.0620 12.5286
-2.7639 4.9862 12.5286
-2.7165 5.0031 12.5286
-2.6596 5.0019 12.5286
-2.5992 4.9930 12.5286
-2.5324 4.9700 12.5286
-2.4746 4.9633 12.5286
-2.4211 4.9640 12.5286
-2.3803 4.9904 12.5286
-2.3278 4.9919 12.5286
-2.2704 4.9820 12.5286
-2.1956 4.9313 12.5286
-2.1437 4.9301 12.5286
-2.1228 5.0011 12.5286
-2.0443 4.9354 12.5286
-1.9952 4.9382 12.5286
-1.9406 4.9266 12.5286
-1.8904 4.9246 12.5286
-1.8410 4.9241 12.5286
-1.7888 4.9146 12.5286
-1.7365 4.9036 12.5286
-1.6858 4.8959 12.5286
-1.6411 4.9047 12.5286
-1.5896 4.8922 12.5286
-1.5414 4.8888 12.5286
-1.4899 4.8733 12.5286
-1.4439 4.8746 12.5286
-1.3989 4.8784 12.5286
-1.3480 4.8606 12.5286
-1.3050 4.8702 12.5286
-1.2577 4.8630 12.5286
-1.2128 4.8641 12.5286
-1.1658 4.8560 12.5286
-1.1198 4.8504 12.5286
-1.0781 4.8629 12.5286
-1.0350 4.8692 12.5286
-0.9899 4.8653 12.5286
-0.9453 4.8630 12.5286
-0.9022 4.8681 12.5286
-0.8575 4.8630 12.5286
-0.8125 4.8555 12.5286
-0.7700 4.8614 12.5286
-0.7254 4.8541 12.5286
-0.6832 4.8612 12.5286
-0.6401 4.8620 12.5286
-0.5973 4.8645 12.5286
-0.5570 4.8884 12.5286
-0.5109 4.8612 12.5286
-0.4530 4.7042 12.5286
-0.4122 4.7110 12.5286
-0.4047 5.1421 12.5286
-0.4146 5.9285 12.5286
-2.8541 4.6873 12.5286
-2.9477 4.9315 12.5286
-2.7733 4.8936 12.5286
-2.6681 4.9042 12.5286
-2.5386 4.8944 12.5286
-2.4365 4.9037 12.5286
-2.3410 4.9166 12.5286
-2.0118 4.9103 12.5286
-1.9110 4.9118 12.5286
-1.8105 4.9119 12.5286
-1.7098 4.9100 12.5286
-1.6370 4.9315 12.5286
-1.5370 4.9271 12.5286
-1.4331 4.9172 12.5286
-1.3326 4.9087 12.5286
-1.0602 4.9002 12.5286
-0.9577 4.8822 12.5286
-0.8872 4.8951 12.5286
-0.7871 4.8760 12.5286
-0.5023 4.6565 12.5286
-0.6459 4.8955 12.5286
-0.4699 4.7866 12.5286
-0.3637 4.7514 12.5286
-2.9694 4.8456 13.0105
-2.8559 4.7530 13.0105
-2.8062 4.7639 13.0105
-2.8000 4.8497 13.0105
-3.0309 5.3570 13.0105
-2.8046 5.0597 13.0105
-2.7360 5.0391 13.0105
-2.6760 5.0328 13.0105
-2.6186 5.0302 13.0105
-2.5641 5.0324 13.0105
-2.5085 5.0313 13.0105
-2.4496 5.0225 13.0105
-2.3919 5.0148 13.0105
-2.3413 5.0209 13.0105
-2.2883 5.0212 13.0105
-2.2334 5.0163 13.0105
-2.1812 5.0163 13.0105
-2.1330 5.0250 13.0105
-2.0852 5.0342 13.0105
-2.0056 4.9641 13.0105
-1.9553 4.9638 13.0105
-1.9058 4.9648 13.0105
-1.8579 4.9690 13.0105
-1.8072 4.9653 13.0105
-1.7578 4.9640 13.0105
-1.7122 4.9725 13.0105
-1.6639 4.9730 13.0105
-1.6112 4.9588 13.0105
-1.5646 4.9622 13.0105
-1.5209 4.9747 13.0105
-1.4698 4.9619 13.0105
-1.4215 4.9572 13.0105
-1.3760 4.9617 13.0105
-1.3259 4.9484 13.0105
-1.2799 4.9492 13.0105
-1.2515 5.0193 13.0105
-1.2361 5.1487 13.0105
-1.1522 4.9907 13.0105
-1.1064 4.9908 13.0105
-1.0603 4.9886 13.0105
-1.0128 4.9780 13.0105
-0.9689 4.9847 13.0105
-0.9236 4.9831 13.0105
-0.8783 4.9812 13.0105
-0.8335 4.9807 13.0105
-0.7886 4.9789 13.0105
-0.7439 4.9777 13.0105
-0.6985 4.9702 13.0105
-0.6537 4.9652 13.0105
-0.6114 4.9796 13.0105
-0.5670 4.9768 13.0105
-0.5057 4.8115 13.0105
-0.4535 4.7102 13.0105
-0.4126 4.7160 13.0105
-0.4227 5.3704 13.0105
-2.8549 4.6878 13.0105
-2.6028 5.0336 13.0105
-2.8521 5.3231 13.0105
-2.5862 5.2039 13.0105
-2.3299 5.0861 13.0105
-2.0103 4.9090 13.0105
-1.9094 4.9105 13.0105
-1.8082 4.9099 13.0105
-1.7090 4.9094 13.0105
-1.6058 4.9034 13.0105
-1.5053 4.8980 13.0105
-1.4323 4.9165 13.0105
-1.3305 4.9066 13.0105
-1.1060 5.1217 13.0105
-1.0349 5.1371 13.0105
-0.5405 4.6975 13.0105
-0.4642 4.6972 13.0105
-0.3352 4.8030 13.0105
-0.5178 5.1023 13.0105
-0.7482 5.4680 13.0105
-0.4834 5.2447 13.0105
-0.4878 5.3444 13.0105
-0.4933 5.4477 13.0105
-0.5023 5.5578 13.0105
-0.4944 5.6487 13.0105
-3.0310 4.9462 13.4923
-2.8543 4.7504 13.4923
-2.8102 4.7708 13.4923
-2.8080 5.0658 13.4923
-2.7322 5.0321 13.4923
-2.6750 5.0310 13.4923
-2.6186 5.0302 13.4923
-2.5628 5.0297 13.4923
-2.5063 5.0268 13.4923
-2.4461 5.0153 13.4923
-2.3906 5.0121 13.4923
-2.3333 5.0037 13.4923
-2.2804 5.0039 13.4923
-2.2228 4.9925 13.4923
-2.1748 5.0016 13.4923
-2.1197 4.9937 13.4923
-2.0650 4.9853 13.4923
-1.9907 4.9271 13.4923
-1.9395 4.9238 13.4923
-1.8804 4.8985 13.4923
-1.8284 4.8904 13.4923
-1.7730 4.8714 13.4923
-1.7224 4.8640 13.4923
-1.6679 4.8439 13.4923
-1.6075 4.8042 13.4923
-1.5540 4.7829 13.4923
-1.5059 4.7762 13.4923
-1.4545 4.7576 13.4923
-1.4073 4.7510 13.4923
-1.3625 4.7515 13.4923
-1.3132 4.7353 13.4923
-1.2672 4.7292 13.4923
-1.2236 4.7313 13.4923
-1.1772 4.7215 13.4923
-1.1331 4.7199 13.4923
-1.0874 4.7101 13.4923
-1.0454 4.7155 13.4923
-1.0001 4.7049 13.4923
-0.9588 4.7125 13.4923
-0.9134 4.6990 13.4923
-0.8713 4.7009 13.4923
-0.8285 4.6985 13.4923
-0.7874 4.7056 13.4923
-0.7431 4.6915 13.4923
-0.7018 4.6958 13.4923
-0.6601 4.6968 13.4923
-0.6190 4.7014 13.4923
-0.5763 4.6938 13.4923
-0.5350 4.6956 13.4923
-0.4931 4.6912 13.4923
-0.4521 4.6953 13.4923
-0.4102 4.6891 13.4923
-0.4238 5.3853 13.4923
-2.8836 4.7079 13.4923
-2.8414 4.7658 13.4923
-2.7551 4.9698 13.4923
-2.6219 4.9584 13.4923
-2.5200 4.9690 13.4923
-2.4193 4.9789 13.4923
-2.2870 4.9616 13.4923
-2.0118 4.9103 13.4923
-1.9094 4.9105 13.4923
-1.8075 4.9093 13.4923
-1.7360 4.9332 13.4923
-1.6065 4.9041 13.4923
-1.5045 4.8974 13.4923
-1.4331 4.9172 13.4923
-1.3305 4.9066 13.4923
-1.2013 4.9540 13.4923
-1.1288 4.9688 13.4923
-1.0299 4.9557 13.4923
-0.9587 4.9692 13.4923
-0.8580 4.9507 13.4923
-0.5384 4.6953 13.4923
-0.4655 4.6987 13.4923
-0.5027 4.8230 13.4923
-0.3371 4.8052 13.4923
-2.7891 5.0317 13.9742
-2.7208 5.0110 13.9742
-2.6661 5.0143 13.9742
-2.6107 5.0152 13.9742
-2.5496 5.0039 13.9742
-2.4951 5.0045 13.9742
-2.4400 5.0027 13.9742
-2.3846 4.9994 13.9742
-2.3320 5.0010 13.9742
-2.2804 5.0039 13.9742
-2.2297 5.0081 13.9742
-2.1764 5.0053 13.9742
-2.1217 4.9983 13.9742
-2.0707 4.9991 13.9742
-2.0083 4.9706 13.9742
-1.9535 4.9591 13.9742
-1.9037 4.9592 13.9742
-1.8554 4.9625 13.9742
-1.8072 4.9653 13.9742
-1.7568 4.9611 13.9742
-1.7112 4.9696 13.9742
-1.6592 4.9588 13.9742
-1.6134 4.9655 13.9742
-1.5664 4.9679 13.9742
-1.5171 4.9623 13.9742
-1.4675 4.9542 13.9742
-1.4226 4.9611 13.9742
-1.3731 4.9511 13.9742
-1.3275 4.9542 13.9742
-1.2797 4.9482 13.9742
-1.2432 4.9863 13.9742
-1.1980 4.9902 13.9742
-1.1522 4.9907 13.9742
-1.1043 4.9811 13.9742
-1.0603 4.9886 13.9742
-1.0148 4.9878 13.9742
-0.9697 4.9886 13.9742
-0.9228 4.9792 13.9742
-0.8790 4.9851 13.9742
-0.8345 4.9867 13.9742
-0.7887 4.9799 13.9742
-0.7456 4.9886 13.9742
-0.7020 4.9949 13.9742
-0.6565 4.9870 13.9742
-0.6125 4.9885 13.9742
-0.5681 4.9857 13.9742
-0.5244 4.9895 13.9742
-0.4927 5.1173 13.9742
-0.4647 5.3117 13.9742
-0.4520 5.7432 13.9742
-2.8773 4.7914 13.9742
-2.7511 4.9668 13.9742
-2.6504 4.9803 13.9742
-2.5153 4.9653 13.9742
-2.3864 4.9527 13.9742
-2.3134 4.9830 13.9742
-2.2450 5.0161 13.9742
-2.0110 4.9096 13.9742
-1.9110 4.9118 13.9742
-1.8098 4.9113 13.9742
-1.7397 4.9365 13.9742
-1.6370 4.9315 13.9742
-1.5384 4.9284 13.9742
-1.4360 4.9199 13.9742
-1.3312 4.9073 13.9742
-1.2013 4.9540 13.9742
-1.1288 4.9688 13.9742
-1.0313 4.9571 13.9742
-0.9594 4.9699 13.9742
-0.8883 4.9826 13.9742
-0.7887 4.9637 13.9742
-0.7175 4.9737 13.9742
-0.6184 4.9516 13.9742
-0.5084 5.0022 13.9742
-2.8430 4.9242 14.4561
-2.8181 4.9810 14.4561
-2.7610 4.9810 14.4561
-2.7017 4.9759 14.4561
-2.6464 4.9772 14.4561
-2.5909 4.9770 14.4561
-2.5287 4.9629 14.4561
-2.4813 4.9767 14.4561
-2.4233 4.9685 14.4561
-2.3605 4.9489 14.4561
-2.3143 4.9629 14.4561
-2.2642 4.9684 14.4561
-2.2078 4.9587 14.4561
-2.1568 4.9604 14.4561
-2.1080 4.9661 14.4561
-2.0588 4.9705 14.4561
-2.0030 4.9577 14.4561
-1.9542 4.9610 14.4561
-1.9076 4.9694 14.4561
-1.8554 4.9625 14.4561
-1.8055 4.9606 14.4561
-1.7568 4.9611 14.4561
-1.7089 4.9630 14.4561
-1.6608 4.9635 14.4561
-1.6131 4.9645 14.4561
-1.5646 4.9622 14.4561
-1.5168 4.9613 14.4561
-1.4703 4.9638 14.4561
-1.4190 4.9486 14.4561
-1.3728 4.9502 14.4561
-1.3262 4.9494 14.4561
-1.2812 4.9540 14.4561
-1.2336 4.9475 14.4561
-1.1861 4.9406 14.4561
-1.1407 4.9410 14.4561
-1.0961 4.9440 14.4561
-1.0500 4.9396 14.4561
-1.0056 4.9427 14.4561
-0.9602 4.9395 14.4561
-0.9179 4.9527 14.4561
-0.8714 4.9418 14.4561
-0.8275 4.9452 14.4561
-0.7842 4.9513 14.4561
-0.7393 4.9471 14.4561
-0.6959 4.9513 14.4561
-0.6511 4.9453 14.4561
-0.6053 4.9300 14.4561
-0.5636 4.9470 14.4561
-0.5188 4.9358 14.4561
-0.4749 4.9322 14.4561
-0.4265 4.8754 14.4561
-0.4513 5.7343 14.4561
-2.7479 4.9644 14.4561
-2.6163 4.9541 14.4561
-2.4838 4.9407 14.4561
-2.3786 4.9465 14.4561
-2.2847 4.9597 14.4561
-2.1486 4.9366 14.4561
-2.0110 4.9096 14.4561
-1.9398 4.9365 14.4561
-1.8437 4.9408 14.4561
-1.7405 4.9372 14.4561
-1.6399 4.9342 14.4561
-1.5421 4.9318 14.4561
-1.4353 4.9193 14.4561
-1.3326 4.9087 14.4561
-1.2659 4.9307 14.4561
-1.1670 4.9204 14.4561
-1.0942 4.9342 14.4561
-0.9935 4.9186 14.4561
-0.9226 4.9318 14.4561
-0.8539 4.9463 14.4561
-0.7526 4.9249 14.4561
-0.6817 4.9346 14.4561
-0.6104 4.9427 14.4561
-0.5399 4.9506 14.4561
-2.8460 4.9294 14.9380
-2.8216 4.9871 14.9380
-2.7639 4.9862 14.9380
-2.7117 4.9943 14.9380
-2.6544 4.9922 14.9380
-2.5973 4.9894 14.9380
-2.5460 4.9968 14.9380
-2.4893 4.9928 14.9380
-2.4338 4.9901 14.9380
-2.3833 4.9967 14.9380
-2.3295 4.9956 14.9380
-2.2754 4.9930 14.9380
-2.2187 4.9834 14.9380
-2.1684 4.9870 14.9380
-2.1064 4.9624 14.9380
-2.0581 4.9686 14.9380
-2.0068 4.9669 14.9380
-1.9564 4.9666 14.9380
-1.9087 4.9722 14.9380
-1.8600 4.9747 14.9380
-1.8127 4.9804 14.9380
-1.7665 4.9885 14.9380
-1.7154 4.9819 14.9380
-1.6633 4.9711 14.9380
-1.6174 4.9778 14.9380
-1.5682 4.9736 14.9380
-1.5212 4.9757 14.9380
-1.4721 4.9696 14.9380
-1.4220 4.9591 14.9380
-1.3779 4.9685 14.9380
-1.3283 4.9571 14.9380
-1.2817 4.9559 14.9380
-1.2331 4.9456 14.9380
-1.1882 4.9494 14.9380
-1.1448 4.9586 14.9380
-1.0971 4.9488 14.9380
-1.0535 4.9563 14.9380
-1.0080 4.9545 14.9380
-0.9647 4.9631 14.9380
-0.9176 4.9507 14.9380
-0.8728 4.9496 14.9380
-0.8285 4.9512 14.9380
-0.7858 4.9612 14.9380
-0.7402 4.9530 14.9380
-0.6973 4.9612 14.9380
-0.6521 4.9533 14.9380
-0.6076 4.9488 14.9380
-0.5633 4.9440 14.9380
-0.5185 4.9328 14.9380
-0.4759 4.9421 14.9380
-0.4275 4.8863 14.9380
-0.4030 5.1212 14.9380
-0.4076 5.8288 14.9380
-2.8845 4.8857 14.9380
-2.8095 4.9204 14.9380
-2.6745 4.9090 14.9380
-2.5433 4.8981 14.9380
-2.4775 4.9358 14.9380
-2.3465 4.9210 14.9380
-2.2419 4.9251 14.9380
-2.1115 4.9061 14.9380
-2.0118 4.9103 14.9380
-1.9414 4.9378 14.9380
-1.8437 4.9408 14.9380
-1.7412 4.9378 14.9380
-1.6385 4.9328 14.9380
-1.5384 4.9284 14.9380
-1.4367 4.9206 14.9380
-1.3312 4.9073 14.9380
-1.2601 4.9251 14.9380
-1.1627 4.9162 14.9380
-1.0914 4.9314 14.9380
-0.9956 4.9207 14.9380
-0.9247 4.9340 14.9380
-0.8525 4.9449 14.9380
-0.7478 4.9198 14.9380
-0.6777 4.9302 14.9380
-0.5809 4.9100 14.9380
-0.4684 4.8697 14.9380
-2.6400 3.0370 15.4198
-2.6062 3.0515 15.4198
-2.5422 3.0297 15.4198
-2.4852 3.0147 15.4198
-2.4361 3.0083 15.4198
-2.3929 3.0083 15.4198
-2.3414 2.9968 15.4198
-2.2932 2.9886 15.4198
-2.2502 2.9861 15.4198
-2.2062 2.9815 15.4198
-2.1660 2.9812 15.4198
-2.1225 2.9756 15.4198
-2.0827 2.9743 15.4198
-2.0436 2.9734 15.4198
-2.0019 2.9680 15.4198
-1.9638 2.9670 15.4198
-1.9248 2.9639 15.4198
-1.8859 2.9603 15.4198
-1.8537 2.9665 15.4198
-1.8152 2.9621 15.4198
-1.7769 2.9572 15.4198
-1.7393 2.9528 15.4198
-1.7075 2.9575 15.4198
-1.6728 2.9566 15.4198
-1.6309 2.9422 15.4198
-1.5994 2.9458 15.4198
-1.5643 2.9420 15.4198
-1.5293 2.9378 15.4198
-1.4986 2.9412 15.4198
-1.4649 2.9381 15.4198
-1.4344 2.9409 15.4198
-1.4039 2.9433 15.4198
-1.3680 2.9337 15.4198
-1.3374 2.9346 15.4198
-1.3068 2.9352 15.4198
-1.2764 2.9355 15.4198
-1.2464 2.9364 15.4198
-1.2104 2.9222 15.4198
-1.1856 2.9345 15.4198
-1.1548 2.9317 15.4198
-1.1260 2.9333 15.4198
-1.0961 2.9318 15.4198
-1.0681 2.9347 15.4198
-1.0391 2.9344 15.4198
-1.0119 2.9387 15.4198
-0.9827 2.9370 15.4198
-0.9561 2.9426 15.4198
-0.9283 2.9441 15.4198
-0.9034 2.9550 15.4198
-0.8742 2.9512 15.4198
-0.8454 2.9482 15.4198
-0.8180 2.9497 15.4198
-0.7943 2.9644 15.4198
-0.7677 2.9683 15.4198
-0.7364 2.9536 15.4198
-0.7108 2.9609 15.4198
-0.6852 2.9679 15.4198
-0.6584 2.9699 15.4198
-0.6358 2.9912 15.4198
-0.6125 3.0103 15.4198
-0.5902 3.0362 15.4198
-0.5680 3.0648 15.4198
-0.5477 3.1061 15.4198
-0.5290 3.1610 15.4198
-0.5153 3.2534 15.4198
-0.5031 3.3666 15.4198
-0.4930 3.5075 15.4198
-0.4811 3.6545 15.4198
-0.4798 3.9077 15.4198
-0.4599 4.0369 15.4198
-0.4503 4.2844 15.4198
-0.4626 4.8038 15.4198
-0.4600 5.2579 15.4198
-0.4093 5.2009 15.4198
-0.3984 5.6981 15.4198
-2.8511 2.8402 15.4198
-2.6812 2.8355 15.4198
-2.1465 2.6653 15.4198
-2.1448 2.7274 15.4198
-2.1416 2.7893 15.4198
-2.1387 2.8517 15.4198
-2.1361 2.9147 15.4198
-1.9726 2.8981 15.4198
-2.1342 3.0440 15.4198
-2.1331 3.1094 15.4198
-2.1331 3.1760 15.4198
-2.1342 3.2437 15.4198
-2.1354 3.3122 15.4198
-2.1385 3.3825 15.4198
-2.1416 3.4535 15.4198
-1.2772 3.0143 15.4198
-1.2756 3.0737 15.4198
-2.1208 3.6528 15.4198
-2.8994 4.2113 15.4198
-1.2069 3.2152 15.4198
-1.2658 3.3158 15.4198
-1.2667 3.3801 15.4198
-1.2669 3.4446 15.4198
-1.2655 3.5089 15.4198
-1.2658 3.5751 15.4198
-1.2661 3.6422 15.4198
-1.2673 3.7107 15.4198
-1.2685 3.7801 15.4198
-1.2705 3.8510 15.4198
-1.2716 3.9222 15.4198
-2.8916 5.4512 15.4198
-2.0562 5.4983 15.4198
-2.6915 2.8362 15.9017
-2.6325 2.8230 15.9017
-2.5733 2.8083 15.9017
-2.5193 2.7979 15.9017
-2.4716 2.7936 15.9017
-2.4222 2.7864 15.9017
-2.3802 2.7869 15.9017
-2.3224 2.7677 15.9017
-2.2899 2.7778 15.9017
-2.2435 2.7705 15.9017
-2.2093 2.7775 15.9017
-2.1696 2.7769 15.9017
-2.1228 2.7664 15.9017
-2.0841 2.7657 15.9017
-2.0527 2.7741 15.9017
-2.0149 2.7733 15.9017
-1.9761 2.7704 15.9017
-1.9364 2.7655 15.9017
-1.9037 2.7699 15.9017
-1.8683 2.7698 15.9017
-1.8357 2.7735 15.9017
-1.7962 2.7659 15.9017
-1.7650 2.7705 15.9017
-1.7244 2.7595 15.9017
-1.6945 2.7651 15.9017
-1.6569 2.7575 15.9017
-1.6328 2.7719 15.9017
-1.5940 2.7609 15.9017
-1.5664 2.7686 15.9017
-1.5315 2.7629 15.9017
-1.5016 2.7656 15.9017
-1.4666 2.7583 15.9017
-1.4370 2.7604 15.9017
-1.4024 2.7523 15.9017
-1.3734 2.7546 15.9017
-1.3445 2.7566 15.9017
-1.3148 2.7565 15.9017
-1.2856 2.7570 15.9017
-1.2565 2.7572 15.9017
-1.2275 2.7571 15.9017
-1.1990 2.7576 15.9017
-1.1667 2.7486 15.9017
-1.1404 2.7532 15.9017
-1.1118 2.7519 15.9017
-1.0834 2.7503 15.9017
-1.0550 2.7485 15.9017
-1.0314 2.7585 15.9017
-1.0038 2.7580 15.9017
-0.9797 2.7667 15.9017
-0.9516 2.7638 15.9017
-0.9268 2.7701 15.9017
-0.8995 2.7685 15.9017
-0.8726 2.7677 15.9017
-0.8450 2.7637 15.9017
-0.8217 2.7739 15.9017
-0.7985 2.7848 15.9017
-0.7737 2.7897 15.9017
-0.7477 2.7906 15.9017
-0.7243 2.8009 15.9017
-0.6977 2.7983 15.9017
-0.6749 2.8111 15.9017
-0.6519 2.8237 15.9017
-0.6305 2.8440 15.9017
-0.6073 2.8572 15.9017
-0.5873 2.8869 15.9017
-0.5656 2.9095 15.9017
-0.5527 2.9822 15.9017
-0.5423 3.0756 15.9017
-0.5357 3.2015 15.9017
-0.5287 3.3384 15.9017
-0.5153 3.4477 15.9017
-0.5148 3.6630 15.9017
-0.4964 3.7705 15.9017
-0.4664 3.7985 15.9017
-0.4562 4.0041 15.9017
-0.4483 4.2655 15.9017
-0.4451 4.6226 15.9017
-0.4221 4.8246 15.9017
-0.3870 4.9178 15.9017
-0.3880 5.5485 15.9017
-0.3631 5.9359 15.9017
-2.6551 2.7570 15.9017
-2.4299 2.7262 15.9017
-2.2506 2.7117 15.9017
-2.0893 2.7021 15.9017
-1.9513 2.7005 15.9017
-1.8373 2.7079 15.9017
-1.6948 2.6995 15.9017
-1.6057 2.7151 15.9017
-1.4535 2.6972 15.9017
-1.3605 2.7072 15.9017
-1.2325 2.6971 15.9017
-1.1411 2.7045 15.9017
-1.0789 2.7266 15.9017
-0.9748 2.7241 15.9017
-0.8720 2.7205 15.9017
-0.8025 2.7346 15.9017
-0.7364 2.7498 15.9017
-2.9147 4.2208 15.9017
-2.9003 4.4613 15.9017
-2.8595 4.8674 15.9017
-2.9092 4.9941 15.9017
-2.9516 5.1178 15.9017
-2.6721 2.8654 16.3836
-2.6112 2.8496 16.3836
-2.5440 2.8254 16.3836
-2.4954 2.8206 16.3836
-2.4471 2.8151 16.3836
-2.3978 2.8074 16.3836
-2.3423 2.7915 16.3836
-2.3064 2.7979 16.3836
-2.2700 2.8032 16.3836
-2.2224 2.7939 16.3836
-2.1881 2.8006 16.3836
-2.1532 2.8061 16.3836
-2.1058 2.7944 16.3836
-2.0658 2.7918 16.3836
-1.9632 2.7021 16.3836
-1.9256 2.6996 16.3836
-1.8928 2.7032 16.3836
-1.8510 2.6932 16.3836
-1.8135 2.6886 16.3836
-1.7789 2.6876 16.3836
-1.7477 2.6913 16.3836
-1.7113 2.6862 16.3836
-1.6788 2.6866 16.3836
-1.6506 2.6935 16.3836
-1.6152 2.6881 16.3836
-1.5866 2.6935 16.3836
-1.5530 2.6899 16.3836
-1.5280 2.7007 16.3836
-1.5029 2.7113 16.3836
-1.4687 2.7050 16.3836
-1.4375 2.7036 16.3836
-1.4028 2.6947 16.3836
-1.3815 2.7113 16.3836
-1.3756 2.7591 16.3836
-1.3506 2.7692 16.3836
-1.3230 2.7736 16.3836
-1.2957 2.7787 16.3836
-1.2673 2.7808 16.3836
-1.2373 2.7790 16.3836
-1.2034 2.7677 16.3836
-1.1820 2.7845 16.3836
-1.1503 2.7772 16.3836
-1.1212 2.7751 16.3836
-1.0929 2.7745 16.3836
-1.0687 2.7839 16.3836
-1.0387 2.7782 16.3836
-1.0165 2.7928 16.3836
-0.9877 2.7893 16.3836
-0.9634 2.7978 16.3836
-0.9348 2.7938 16.3836
-0.9088 2.7971 16.3836
-0.8829 2.8001 16.3836
-0.8581 2.8068 16.3836
-0.8305 2.8036 16.3836
-0.8049 2.8069 16.3836
-0.7817 2.8186 16.3836
-0.7578 2.8282 16.3836
-0.7321 2.8309 16.3836
-0.7076 2.8381 16.3836
-0.6854 2.8549 16.3836
-0.6623 2.8685 16.3836
-0.6389 2.8820 16.3836
-0.6165 2.9002 16.3836
-0.5929 2.9143 16.3836
-0.5768 2.9675 16.3836
-0.5629 3.0373 16.3836
-0.5498 3.1179 16.3836
-0.5359 3.2025 16.3836
-0.5047 3.1863 16.3836
-0.4739 3.1708 16.3836
-0.4481 3.1887 16.3836
-0.4223 3.2073 16.3836
-0.3956 3.2218 16.3836
-0.3695 3.2430 16.3836
-0.4587 4.3640 16.3836
-0.4453 4.6246 16.3836
-0.4241 4.8475 16.3836
-0.3885 4.9357 16.3836
-0.3776 5.3998 16.3836
-0.3634 5.9409 16.3836
-2.6551 2.7570 16.3836
-2.4052 2.7155 16.3836
-2.2232 2.6995 16.3836
-2.0902 2.7026 16.3836
-1.9268 2.6891 16.3836
-1.7831 2.6821 16.3836
-1.6669 2.6859 16.3836
-1.5171 2.6709 16.3836
-1.4258 2.6831 16.3836
-1.3605 2.7072 16.3836
-1.2696 2.7168 16.3836
-1.1394 2.7036 16.3836
-1.0754 2.7246 16.3836
-0.9731 2.7231 16.3836
-0.9110 2.7430 16.3836
-0.8455 2.7600 16.3836
-0.7758 2.7735 16.3836
-0.6995 2.7818 16.3836
-2.8827 4.2828 16.3836
-2.9020 4.4624 16.3836
-2.8756 4.7902 16.3836
-2.9253 5.0060 16.3836
-2.9061 5.3661 16.3836
-2.9111 5.6649 16.3836
-2.8991 5.9623 16.3836
-3.1031 3.3277 16.8654
-2.7078 2.9550 16.8654
-2.6237 2.9139 16.8654
-2.5710 2.9059 16.8654
-2.5186 2.8973 16.8654
-2.4699 2.8918 16.8654
-2.4201 2.8842 16.8654
-2.3827 2.8905 16.8654
-2.3209 2.8661 16.8654
-2.2753 2.8604 16.8654
-2.2429 2.8707 16.8654
-2.2031 2.8711 16.8654
-2.1647 2.8727 16.8654
-2.1211 2.8666 16.8654
-2.0813 2.8647 16.8654
-2.0458 2.8681 16.8654
-1.9995 2.8556 16.8654
-1.9598 2.8515 16.8654
-1.9219 2.8494 16.8654
-1.8887 2.8536 16.8654
-1.8512 2.8506 16.8654
-1.8134 2.8464 16.8654
-1.7752 2.8410 16.8654
-1.7436 2.8453 16.8654
-1.7120 2.8492 16.8654
-1.6744 2.8425 16.8654
-1.6430 2.8458 16.8654
-1.6092 2.8443 16.8654
-1.5751 2.8416 16.8654
-1.5446 2.8447 16.8654
-1.5089 2.8378 16.8654
-1.4776 2.8384 16.8654
-1.4478 2.8414 16.8654
-1.4176 2.8432 16.8654
-1.3813 2.8321 16.8654
-1.3596 2.8504 16.8654
-1.3274 2.8467 16.8654
-1.2967 2.8454 16.8654
-1.2678 2.8475 16.8654
-1.2429 2.8585 16.8654
-1.2132 2.8582 16.8654
-1.1825 2.8548 16.8654
-1.1519 2.8511 16.8654
-1.1266 2.8601 16.8654
-1.0977 2.8596 16.8654
-1.0681 2.8569 16.8654
-1.0404 2.8585 16.8654
-1.0154 2.8675 16.8654
-0.9907 2.8772 16.8654
-0.9618 2.8744 16.8654
-0.9320 2.8684 16.8654
-0.9072 2.8774 16.8654
-0.8783 2.8727 16.8654
-0.8535 2.8813 16.8654
-0.8250 2.8771 16.8654
-0.8001 2.8851 16.8654
-0.7762 2.8968 16.8654
-0.7501 2.9006 16.8654
-0.7248 2.9070 16.8654
-0.7008 2.9191 16.8654
-0.6787 2.9397 16.8654
-0.6560 2.9592 16.8654
-0.6368 2.9961 16.8654
-0.6184 3.0397 16.8654
-0.5984 3.0784 16.8654
-0.5813 3.1366 16.8654
-0.5649 3.2036 16.8654
-0.5521 3.2991 16.8654
-0.5588 3.5280 16.8654
-0.5979 4.0006 16.8654
-0.5481 3.8997 16.8654
-0.5182 3.9360 16.8654
-0.4905 3.9950 16.8654
-0.4736 4.1571 16.8654
-0.3449 3.2819 16.8654
-0.3149 3.2709 16.8654
-0.2890 3.3034 16.8654
-0.2612 3.3187 16.8654
-0.2421 3.4625 16.8654
-0.2202 3.6003 16.8654
-2.5565 2.7813 16.8654
-2.3529 2.7573 16.8654
-2.2222 2.7627 16.8654
-1.9268 2.6891 16.8654
-1.8111 2.6954 16.8654
-1.6930 2.6986 16.8654
-1.6030 2.7138 16.8654
-1.5444 2.7435 16.8654
-1.4209 2.7386 16.8654
-1.3244 2.7459 16.8654
-1.2325 2.7542 16.8654
-1.1348 2.7576 16.8654
-1.0758 2.7812 16.8654
-0.9690 2.7765 16.8654
-0.8662 2.7722 16.8654
-0.7981 2.7869 16.8654
-2.8882 4.1230 16.8654
-2.8903 4.2877 16.8654
-2.8818 4.5339 16.8654
-2.8312 4.9364 16.8654
-2.9053 5.0829 16.8654
-2.8878 5.4480 16.8654
-2.5831 3.1336 17.3473
-2.5211 3.1132 17.3473
-2.4608 3.0937 17.3473
-2.4171 3.0937 17.3473
-2.3730 3.0925 17.3473
-2.3152 3.0724 17.3473
-2.2752 3.0748 17.3473
-2.2318 3.0718 17.3473
-2.1933 3.0749 17.3473
-2.1457 3.0644 17.3473
-2.1008 3.0567 17.3473
-2.0701 3.0691 17.3473
-2.0306 3.0679 17.3473
-1.9928 3.0687 17.3473
-1.9617 3.0792 17.3473
-1.9183 3.0699 17.3473
-1.8752 3.0601 17.3473
-1.8454 3.0712 17.3473
-1.8013 3.0579 17.3473
-1.7725 3.0701 17.3473
-1.7363 3.0689 17.3473
-1.6997 3.0664 17.3473
-1.6662 3.0688 17.3473
-1.6281 3.0621 17.3473
-1.6000 3.0735 17.3473
-1.5635 3.0686 17.3473
-1.5260 3.0607 17.3473
-1.4909 3.0568 17.3473
-1.4599 3.0607 17.3473
-1.4246 3.0552 17.3473
-1.3934 3.0575 17.3473
-1.3638 3.0631 17.3473
-1.3282 3.0547 17.3473
-1.3047 3.0736 17.3473
-1.2751 3.0784 17.3473
-1.2433 3.0773 17.3473
-1.2091 3.0694 17.3473
-1.1840 3.0845 17.3473
-1.1560 3.0920 17.3473
-1.1232 3.0860 17.3473
-1.0942 3.0900 17.3473
-1.0656 3.0947 17.3473
-1.0376 3.1010 17.3473
-1.0068 3.0985 17.3473
-0.9803 3.1091 17.3473
-0.9514 3.1118 17.3473
-0.9259 3.1258 17.3473
-0.8983 3.1328 17.3473
-0.8819 3.1800 17.3473
-0.8833 3.2967 17.3473
-1.0268 3.9704 17.3473
-0.8281 3.3213 17.3473
-0.7979 3.3236 17.3473
-0.7689 3.3304 17.3473
-0.7389 3.3331 17.3473
-0.7109 3.3443 17.3473
-0.6828 3.3562 17.3473
-0.6528 3.3581 17.3473
-0.6242 3.3676 17.3473
-0.5963 3.3818 17.3473
-0.5701 3.4066 17.3473
-0.5566 3.5142 17.3473
-0.6246 4.1796 17.3473
-0.6195 4.4077 17.3473
-0.5898 4.4803 17.3473
-0.5552 4.5220 17.3473
-0.5967 5.2371 17.3473
-0.5683 5.4072 17.3473
-2.5588 2.9161 17.3473
-2.3501 2.8865 17.3473
-2.2172 2.8892 17.3473
-2.0804 2.8876 17.3473
-1.9699 2.8967 17.3473
-1.7974 2.8724 17.3473
-1.6799 2.8735 17.3473
-1.5910 2.8877 17.3473
-1.4681 2.8820 17.3473
-1.4112 2.9108 17.3473
-1.2820 2.8979 17.3473
-1.1855 2.9015 17.3473
-1.1230 2.9234 17.3473
-1.0236 2.9223 17.3473
-0.9570 2.9396 17.3473
-0.8904 2.9559 17.3473
-2.8557 4.2656 17.3473
-0.7903 3.0070 17.3473
-0.6899 3.0554 17.3473
-0.6202 3.0654 17.3473
-2.8047 4.9168 17.3473
-2.8415 5.2202 17.3473
-2.7816 5.2671 17.3473
-2.8085 5.8821 17.3473
