-3.8174 2.7229 0.0000
-3.7757 2.7432 0.0000
-3.7990 2.8111 0.0000
-3.8103 2.8713 0.0000
-3.8017 2.9172 0.0000
-3.6721 2.8690 0.0000
-3.7330 2.9694 0.0000
-3.7451 3.0327 0.0000
-3.7455 3.0875 0.0000
-3.7605 3.1554 0.0000
-3.6439 3.1122 0.0000
-3.3849 2.9424 0.0000
-3.5381 3.1302 0.0000
-3.0462 2.7428 0.0000
-2.9926 2.7422 0.0000
-2.9825 2.7812 0.0000
-2.9131 2.7644 0.0000
-2.8443 2.7467 0.0000
-2.8009 2.7525 0.0000
-2.8072 2.8072 0.0000
-2.7735 2.8223 0.0000
-2.7772 2.8759 0.0000
-2.8016 2.9523 0.0000
-2.7941 2.9964 0.0000
-2.7834 3.0376 0.0000
-2.7575 3.0625 0.0000
-2.7174 3.0715 0.0000
-2.5029 2.8792 0.0000
-2.4705 2.8926 0.0000
-2.5262 3.0106 0.0000
-2.4578 2.9816 0.0000
-2.2177 2.7387 0.0000
-2.1757 2.7352 0.0000
-2.1437 2.7439 0.0000
-2.1069 2.7458 0.0000
-2.1021 2.7896 0.0000
-2.0676 2.7942 0.0000
-2.0590 2.8340 0.0000
-2.0168 2.8274 0.0000
-1.9783 2.8253 0.0000
-1.9422 2.8259 0.0000
-1.9068 2.8270 0.0000
-1.8633 2.8152 0.0000
-1.8077 2.7835 0.0000
-1.7881 2.8068 0.0000
-1.7567 2.8113 0.0000
-1.7148 2.7984 0.0000
-1.6852 2.8047 0.0000
-1.6475 2.7968 0.0000
-1.6120 2.7921 0.0000
-1.4389 2.5432 0.0000
-1.4064 2.5373 0.0000
-1.3804 2.5424 0.0000
-1.3582 2.5544 0.0000
-1.3261 2.5475 0.0000
-1.2993 2.5501 0.0000
-1.2748 2.5568 0.0000
-1.2537 2.5706 0.0000
-1.2265 2.5715 0.0000
-1.2121 2.5993 0.0000
-1.2254 2.6889 0.0000
-1.3056 2.9325 0.0000
-1.3223 3.0410 0.0000
-1.3164 3.1012 0.0000
-1.2969 3.1310 0.0000
-1.2935 3.2016 0.0000
-1.2937 3.2844 0.0000
-1.2890 3.3581 0.0000
-1.3290 3.5547 0.0000
-1.3274 3.6469 0.0000
-1.2855 3.6301 0.0000
-1.2873 3.7386 0.0000
-1.2886 3.8511 0.0000
-1.3594 4.1837 0.0000
-1.3177 4.1792 0.0000
-1.2888 4.2154 0.0000
-1.2894 4.3530 0.0000
-1.3300 4.6381 0.0000
-1.2841 4.6302 0.0000
-1.3883 5.1812 0.0000
-3.8329 2.6420 0.0000
-3.0601 2.7878 0.0000
-2.8470 2.7699 0.0000
-2.8751 2.8504 0.0000
-2.1720 2.6767 0.0000
-2.2231 2.7631 0.0000
-1.3833 2.4914 0.0000
-1.3209 2.5171 0.0000
-1.4285 2.6268 0.0000
-1.4303 2.6854 0.0000
-1.4803 2.7696 0.0000
-1.7102 2.9511 0.0000
-1.8205 3.0734 0.0000
-1.6745 3.0567 0.0000
-2.1694 3.4695 0.0000
-1.6107 3.2107 0.0000
-2.1773 3.6156 0.0000
-2.1848 3.6920 0.0000
-2.1913 3.7688 0.0000
-1.5147 3.4113 0.0000
-1.4237 3.6176 0.0000
-2.0435 4.4336 0.0000
-2.0586 4.5261 0.0000
-3.8101 2.7177 0.4361
-3.7546 2.7279 0.4361
-3.7476 2.7731 0.4361
-3.7879 2.8544 0.4361
-3.8129 2.9257 0.4361
-3.8132 2.9792 0.4361
-3.8136 3.0335 0.4361
-3.8135 3.0881 0.4361
-3.8126 3.1429 0.4361
-3.8034 3.1914 0.4361
-3.8058 3.2505 0.4361
-3.8068 3.3092 0.4361
-3.8092 3.3701 0.4361
-3.8071 3.4280 0.4361
-3.7977 3.4800 0.4361
-3.7965 3.5403 0.4361
-3.8024 3.6084 0.4361
-3.8017 3.6713 0.4361
-3.8031 3.7372 0.4361
-3.8056 3.8056 0.4361
-3.8010 3.8680 0.4361
-3.7991 3.9341 0.4361
-3.7942 3.9983 0.4361
-3.8021 4.0773 0.4361
-3.7988 4.1457 0.4361
-3.8027 4.2233 0.4361
-3.7988 4.2938 0.4361
-3.7946 4.3652 0.4361
-3.7999 4.4491 0.4361
-3.7995 4.5281 0.4361
-3.7904 4.5981 0.4361
-3.7860 4.6753 0.4361
-3.7544 4.7199 0.4361
-3.6853 4.7170 0.4361
-3.6215 4.7197 0.4361
-3.5501 4.7112 0.4361
-3.4958 4.7243 0.4361
-3.4168 4.7028 0.4361
-3.3419 4.6852 0.4361
-3.2694 4.6692 0.4361
-3.1917 4.6440 0.4361
-3.1046 4.6028 0.4361
-3.0290 4.5764 0.4361
-2.9666 4.5682 0.4361
-2.9020 4.5552 0.4361
-2.8335 4.5345 0.4361
-2.7745 4.5275 0.4361
-2.6767 4.4547 0.4361
-2.6331 4.4701 0.4361
-2.5770 4.4635 0.4361
-1.4728 2.6032 0.4361
-1.4137 2.5504 0.4361
-1.3900 2.5600 0.4361
-1.3577 2.5535 0.4361
-1.3326 2.5599 0.4361
-1.3075 2.5661 0.4361
-1.2886 2.5846 0.4361
-1.2629 2.5894 0.4361
-1.2381 2.5958 0.4361
-1.2150 2.6056 0.4361
-1.1997 2.6325 0.4361
-1.2975 2.9142 0.4361
-1.3079 3.0080 0.4361
-1.2925 3.0450 0.4361
-1.2954 3.1273 0.4361
-1.2905 3.1941 0.4361
-1.2897 3.2741 0.4361
-1.2898 3.3600 0.4361
-1.2898 3.4498 0.4361
-1.2894 3.5426 0.4361
-1.2862 3.6320 0.4361
-1.2876 3.7395 0.4361
-1.2860 3.8436 0.4361
-1.2895 3.9688 0.4361
-1.2867 4.0810 0.4361
-1.2856 4.2049 0.4361
-1.2883 4.3492 0.4361
-1.2889 4.4949 0.4361
-1.2878 4.6437 0.4361
-1.2765 4.7639 0.4361
-3.8348 2.6426 0.4361
-3.7539 2.6891 0.4361
-3.7187 2.9775 0.4361
-1.3842 2.4918 0.4361
-1.3173 2.5154 0.4361
-1.3982 2.6690 0.4361
-1.3960 2.7257 0.4361
-1.3482 2.8759 0.4361
-1.3438 2.9329 0.4361
-1.3440 2.9930 0.4361
-1.3401 3.0513 0.4361
-1.3381 3.1113 0.4361
-1.3628 3.1883 0.4361
-3.5796 4.6363 0.4361
-1.3317 3.2947 0.4361
-1.3598 3.3768 0.4361
-1.3593 3.4413 0.4361
-2.7351 4.4350 0.4361
-1.3289 3.5525 0.4361
-1.3616 3.6422 0.4361
-1.3630 3.7113 0.4361
-1.3644 3.7812 0.4361
-1.3674 3.8533 0.4361
-2.0052 4.4047 0.4361
-1.3366 3.9722 0.4361
-1.3388 4.0461 0.4361
-1.3440 4.1235 0.4361
-1.3482 4.2013 0.4361
-1.3523 4.2802 0.4361
-1.3591 4.3626 0.4361
-1.3665 4.4468 0.4361
-3.7848 2.6997 0.8722
-3.7635 2.7344 0.8722
-3.7757 2.7939 0.8722
-3.7919 2.8574 0.8722
-3.8081 2.9221 0.8722
-3.8140 2.9798 0.8722
-3.8152 3.0348 0.8722
-3.8173 3.0912 0.8722
-3.8134 3.1435 0.8722
-3.8095 3.1966 0.8722
-3.8074 3.2518 0.8722
-3.8075 3.3098 0.8722
-3.8017 3.3635 0.8722
-3.8049 3.4259 0.8722
-3.7903 3.4732 0.8722
-3.8001 3.5437 0.8722
-3.8039 3.6097 0.8722
-3.7952 3.6650 0.8722
-3.7938 3.7281 0.8722
-3.7936 3.7936 0.8722
-3.7891 3.8558 0.8722
-3.7928 3.9276 0.8722
-3.8004 4.0048 0.8722
-3.8035 4.0788 0.8722
-3.8029 4.1501 0.8722
-3.8047 4.2255 0.8722
-3.7962 4.2908 0.8722
-3.7960 4.3667 0.8722
-3.7915 4.4393 0.8722
-3.7905 4.5174 0.8722
-3.7923 4.6004 0.8722
-3.7910 4.6815 0.8722
-3.7282 4.6870 0.8722
-3.6256 4.6406 0.8722
-3.5168 4.5832 0.8722
-3.3978 4.5091 0.8722
-3.3042 4.4654 0.8722
-3.2246 4.4383 0.8722
-3.1555 4.4239 0.8722
-3.0709 4.3857 0.8722
-2.9895 4.3497 0.8722
-2.9223 4.3326 0.8722
-2.8502 4.3062 0.8722
-2.7820 4.2839 0.8722
-2.7187 4.2676 0.8722
-2.6676 4.2691 0.8722
-2.6052 4.2513 0.8722
-2.5520 4.2473 0.8722
-2.5088 4.2590 0.8722
-2.4655 4.2704 0.8722
-2.3651 4.1803 0.8722
-2.3145 4.1754 0.8722
-1.4420 2.6558 0.8722
-1.3746 2.5853 0.8722
-1.3492 2.5918 0.8722
-1.3306 2.6115 0.8722
-1.3051 2.6177 0.8722
-1.2857 2.6362 0.8722
-1.2592 2.6401 0.8722
-1.2357 2.6500 0.8722
-1.2014 2.6362 0.8722
-1.1917 2.6767 0.8722
-1.2987 2.9869 0.8722
-1.2972 3.0561 0.8722
-1.2939 3.1236 0.8722
-1.2883 3.1886 0.8722
-1.2850 3.2620 0.8722
-1.2944 3.3721 0.8722
-1.2856 3.4385 0.8722
-1.2877 3.5379 0.8722
-1.2818 3.6197 0.8722
-1.2847 3.7310 0.8722
-1.2854 3.8417 0.8722
-1.2846 3.9535 0.8722
-1.2846 4.0743 0.8722
-1.2859 4.2058 0.8722
-1.2849 4.3377 0.8722
-1.2864 4.4862 0.8722
-1.2862 4.6380 0.8722
-1.2775 4.7678 0.8722
-3.8111 2.6345 0.8722
-3.7671 2.9965 0.8722
-1.3820 2.5469 0.8722
-1.3112 2.5683 0.8722
-1.2441 2.5905 0.8722
-1.3951 2.7252 0.8722
-1.3438 2.9329 0.8722
-1.3432 2.9925 0.8722
-1.3393 3.0508 0.8722
-1.3381 3.1113 0.8722
-1.3355 3.1716 0.8722
-1.3339 3.2330 0.8722
-2.7966 4.2280 0.8722
-1.3304 3.3577 0.8722
-1.3593 3.4413 0.8722
-1.3597 3.5073 0.8722
-1.3602 3.5740 0.8722
-1.3616 3.6422 0.8722
-1.3630 3.7113 0.8722
-1.3652 3.7818 0.8722
-1.7991 4.1727 0.8722
-1.3344 3.8992 0.8722
-1.3366 3.9722 0.8722
-1.3396 4.0467 0.8722
-1.3440 4.1235 0.8722
-1.3490 4.2020 0.8722
-3.7889 2.7026 1.3084
-3.7733 2.7414 1.3084
-3.7757 2.7939 1.3084
-3.7935 2.8586 1.3084
-3.8136 2.9263 1.3084
-3.8108 2.9773 1.3084
-3.8136 3.0335 1.3084
-3.8119 3.0868 1.3084
-3.8111 3.1416 1.3084
-3.8118 3.1985 1.3084
-3.8119 3.2557 1.3084
-3.8105 3.3124 1.3084
-3.8002 3.3621 1.3084
-3.8019 3.4233 1.3084
-3.7999 3.4820 1.3084
-3.8045 3.5478 1.3084
-3.7981 3.6042 1.3084
-3.7967 3.6664 1.3084
-3.7916 3.7260 1.3084
-3.7922 3.7922 1.3084
-3.7884 3.8551 1.3084
-3.8033 3.9384 1.3084
-3.8004 4.0048 1.3084
-3.7892 4.0634 1.3084
-3.7894 4.1354 1.3084
-3.7973 4.2173 1.3084
-3.7968 4.2915 1.3084
-3.7979 4.3690 1.3084
-3.7973 4.4461 1.3084
-3.8053 4.5350 1.3084
-3.7974 4.6066 1.3084
-3.6784 4.5424 1.3084
-3.5608 4.4765 1.3084
-3.4262 4.3853 1.3084
-3.3397 4.3523 1.3084
-3.2450 4.3062 1.3084
-3.1383 4.2411 1.3084
-3.0712 4.2271 1.3084
-3.0092 4.2187 1.3084
-2.9384 4.1965 1.3084
-2.8485 4.1445 1.3084
-2.7462 4.0714 1.3084
-2.6730 4.0385 1.3084
-2.6132 4.0239 1.3084
-2.5688 4.0323 1.3084
-2.5171 4.0282 1.3084
-2.4761 4.0407 1.3084
-2.4392 4.0595 1.3084
-2.3834 4.0462 1.3084
-2.3530 4.0755 1.3084
-2.2351 3.9505 1.3084
-2.1831 3.9384 1.3084
-1.4487 2.6681 1.3084
-1.3859 2.6065 1.3084
-1.3691 2.6300 1.3084
-1.3393 2.6285 1.3084
-1.3118 2.6311 1.3084
-1.2840 2.6326 1.3084
-1.2610 2.6437 1.3084
-1.2260 2.6292 1.3084
-1.1997 2.6325 1.3084
-1.1852 2.6621 1.3084
-1.3079 3.0080 1.3084
-1.3031 3.0699 1.3084
-1.3042 3.1486 1.3084
-1.2868 3.1849 1.3084
-1.2919 3.2797 1.3084
-1.2858 3.3497 1.3084
-1.2881 3.4451 1.3084
-1.2891 3.5417 1.3084
-1.2878 3.6367 1.3084
-1.2870 3.7376 1.3084
-1.2860 3.8436 1.3084
-1.2877 3.9631 1.3084
-1.2864 4.0800 1.3084
-1.2864 4.2077 1.3084
-1.2866 4.3435 1.3084
-1.2858 4.4843 1.3084
-1.2900 4.6514 1.3084
-1.2861 4.7997 1.3084
-1.3235 5.1176 1.3084
-1.3502 5.4152 1.3084
-1.3619 5.6728 1.3084
-1.3416 5.8111 1.3084
-3.8310 2.6413 1.3084
-3.7907 2.7022 1.3084
-3.7690 2.9972 1.3084
-1.4377 2.5741 1.3084
-1.3444 2.5848 1.3084
-1.2459 2.5914 1.3084
-1.3456 2.9339 1.3084
-1.3432 2.9925 1.3084
-1.3410 3.0518 1.3084
-1.3381 3.1113 1.3084
-1.3355 3.1716 1.3084
-1.3611 3.2500 1.3084
-1.3604 3.3130 1.3084
-1.3598 3.3768 1.3084
-1.3593 3.4413 1.3084
-1.3597 3.5073 1.3084
-1.3602 3.5740 1.3084
-1.3616 3.6422 1.3084
-1.3630 3.7113 1.3084
-1.3644 3.7812 1.3084
-1.3674 3.8533 1.3084
-1.5316 4.0478 1.3084
-1.3366 3.9722 1.3084
-1.3404 4.0474 1.3084
-3.7954 2.7072 1.7445
-3.7733 2.7414 1.7445
-3.7693 2.7891 1.7445
-3.7752 2.8448 1.7445
-3.8089 2.9227 1.7445
-3.8124 2.9786 1.7445
-3.8152 3.0348 1.7445
-3.8135 3.0881 1.7445
-3.8111 3.1416 1.7445
-3.8126 3.1992 1.7445
-3.8074 3.2518 1.7445
-3.8022 3.3052 1.7445
-3.8002 3.3621 1.7445
-3.7990 3.4206 1.7445
-3.7962 3.4786 1.7445
-3.7965 3.5403 1.7445
-3.7944 3.6008 1.7445
-3.8003 3.6699 1.7445
-3.7973 3.7316 1.7445
-3.7922 3.7922 1.7445
-3.7912 3.8580 1.7445
-3.7963 3.9312 1.7445
-3.7908 3.9946 1.7445
-3.7946 4.0693 1.7445
-3.7995 4.1464 1.7445
-3.7993 4.2196 1.7445
-3.7942 4.2885 1.7445
-3.8005 4.3720 1.7445
-3.7986 4.4476 1.7445
-3.8047 4.5342 1.7445
-3.7128 4.5040 1.7445
-3.5997 4.4453 1.7445
-3.4512 4.3388 1.7445
-3.3215 4.2513 1.7445
-3.2289 4.2079 1.7445
-3.1337 4.1585 1.7445
-3.0627 4.1391 1.7445
-2.9748 4.0944 1.7445
-2.8681 4.0209 1.7445
-2.7704 3.9565 1.7445
-2.7063 3.9377 1.7445
-2.6355 3.9073 1.7445
-2.5759 3.8917 1.7445
-2.5369 3.9065 1.7445
-2.4893 3.9074 1.7445
-2.4456 3.9137 1.7445
-2.3805 3.8846 1.7445
-2.2620 3.7647 1.7445
-2.2200 3.7688 1.7445
-2.1805 3.7767 1.7445
-2.1371 3.7773 1.7445
-1.5281 2.7568 1.7445
-1.4439 2.6593 1.7445
-1.3976 2.6285 1.7445
-1.3686 2.6291 1.7445
-1.3406 2.6311 1.7445
-1.3149 2.6374 1.7445
-1.2879 2.6407 1.7445
-1.2631 2.6482 1.7445
-1.2374 2.6537 1.7445
-1.2097 2.6544 1.7445
-1.1873 2.6666 1.7445
-1.2684 2.9172 1.7445
-1.2953 3.0515 1.7445
-1.2954 3.1273 1.7445
-1.2905 3.1941 1.7445
-1.2886 3.2713 1.7445
-1.2883 3.3562 1.7445
-1.2839 3.4338 1.7445
-1.2891 3.5417 1.7445
-1.2855 3.6301 1.7445
-1.2837 3.7282 1.7445
-1.2857 3.8426 1.7445
-1.2871 3.9612 1.7445
-1.2864 4.0800 1.7445
-1.2838 4.1991 1.7445
-1.2840 4.3348 1.7445
-1.2886 4.4939 1.7445
-1.2926 4.6611 1.7445
-1.2824 4.7862 1.7445
-1.3210 5.1079 1.7445
-1.3860 5.5588 1.7445
-1.3815 5.7545 1.7445
-1.3508 5.8511 1.7445
-3.8300 2.6410 1.7445
-3.7907 2.7022 1.7445
-3.7624 3.2270 1.7445
-1.4934 2.6013 1.7445
-1.3435 2.5844 1.7445
-1.2815 2.6095 1.7445
-1.2177 2.6329 1.7445
-1.3447 2.9334 1.7445
-1.3423 2.9920 1.7445
-1.3401 3.0513 1.7445
-1.3390 3.1119 1.7445
-1.3628 3.1883 1.7445
-1.3611 3.2500 1.7445
-1.3604 3.3130 1.7445
-1.3598 3.3768 1.7445
-1.3593 3.4413 1.7445
-1.3597 3.5073 1.7445
-1.3602 3.5740 1.7445
-1.3616 3.6422 1.7445
-1.3630 3.7113 1.7445
-1.3644 3.7812 1.7445
-1.4325 3.9014 1.7445
-1.3344 3.8992 1.7445
-3.7970 2.7084 2.1806
-3.7692 2.7385 2.1806
-3.7733 2.7921 2.1806
-3.7831 2.8508 2.1806
-3.8144 2.9269 2.1806
-3.8100 2.9767 2.1806
-3.8129 3.0329 2.1806
-3.8111 3.0862 2.1806
-3.8087 3.1397 2.1806
-3.8141 3.2004 2.1806
-3.8081 3.2524 2.1806
-3.7992 3.3026 2.1806
-3.7957 3.3582 2.1806
-3.7990 3.4206 2.1806
-3.8036 3.4854 2.1806
-3.7943 3.5382 2.1806
-3.7966 3.6028 2.1806
-3.7938 3.6636 2.1806
-3.7931 3.7274 2.1806
-3.7950 3.7950 2.1806
-3.7919 3.8587 2.1806
-3.7914 3.9262 2.1806
-3.7928 3.9968 2.1806
-3.7926 4.0671 2.1806
-3.7955 4.1420 2.1806
-3.7973 4.2173 2.1806
-3.7955 4.2900 2.1806
-3.8038 4.3758 2.1806
-3.8064 4.4567 2.1806
-3.7912 4.5181 2.1806
-3.6702 4.4523 2.1806
-3.5531 4.3878 2.1806
-3.4164 4.2950 2.1806
-3.3030 4.2277 2.1806
-3.2033 4.1746 2.1806
-3.0981 4.1114 2.1806
-3.0122 4.0707 2.1806
-2.9189 4.0176 2.1806
-2.8182 3.9509 2.1806
-2.7124 3.8738 2.1806
-2.6355 3.8347 2.1806
-2.5840 3.8310 2.1806
-2.5257 3.8159 2.1806
-2.4797 3.8185 2.1806
-2.4377 3.8265 2.1806
-2.3830 3.8137 2.1806
-2.2561 3.6817 2.1806
-2.2244 3.7021 2.1806
-2.1865 3.7119 2.1806
-2.1370 3.7014 2.1806
-2.0987 3.7095 2.1806
-2.0638 3.7233 2.1806
-1.5594 2.8720 2.1806
-1.4056 2.6435 2.1806
-1.3705 2.6326 2.1806
-1.3497 2.6490 2.1806
-1.3199 2.6472 2.1806
-1.2945 2.6541 2.1806
-1.2644 2.6509 2.1806
-1.2412 2.6618 2.1806
-1.2146 2.6653 2.1806
-1.1840 2.6593 2.1806
-1.1919 2.7411 2.1806
-1.2968 3.0552 2.1806
-1.2919 3.1190 2.1806
-1.2890 3.1904 2.1806
-1.2864 3.2658 2.1806
-1.2858 3.3497 2.1806
-1.2881 3.4451 2.1806
-1.2901 3.5445 2.1806
-1.2832 3.6235 2.1806
-1.2827 3.7253 2.1806
-1.2886 3.8511 2.1806
-1.2871 3.9612 2.1806
-1.2864 4.0800 2.1806
-1.2870 4.2097 2.1806
-1.2869 4.3444 2.1806
-1.2886 4.4939 2.1806
-1.2905 4.6534 2.1806
-1.2894 4.8122 2.1806
-1.4277 5.5204 2.1806
-1.3731 5.5074 2.1806
-1.3341 5.5571 2.1806
-3.8319 2.6417 2.1806
-3.7907 2.7022 2.1806
-3.7772 3.2333 2.1806
-1.3408 2.5830 2.1806
-1.2771 2.6073 2.1806
-1.2177 2.6329 2.1806
-1.4197 2.7966 2.1806
-1.3447 2.9334 2.1806
-1.3414 2.9915 2.1806
-1.3410 3.0518 2.1806
-1.3381 3.1113 2.1806
-1.3628 3.1883 2.1806
-1.3611 3.2500 2.1806
-1.3604 3.3130 2.1806
-1.3598 3.3768 2.1806
-1.3593 3.4413 2.1806
-1.3597 3.5073 2.1806
-1.3602 3.5740 2.1806
-1.3616 3.6422 2.1806
-1.3630 3.7113 2.1806
-1.3644 3.7812 2.1806
-1.3674 3.8533 2.1806
-3.7954 2.7072 2.6167
-3.7757 2.7432 2.6167
-3.7725 2.7915 2.6167
-3.7831 2.8508 2.6167
-3.8160 2.9281 2.6167
-3.8140 2.9798 2.6167
-3.8121 3.0323 2.6167
-3.8212 3.0944 2.6167
-3.8141 3.1441 2.6167
-3.8126 3.1992 2.6167
-3.8104 3.2544 2.6167
-3.8052 3.3078 2.6167
-3.7980 3.3601 2.6167
-3.7975 3.4193 2.6167
-3.8021 3.4840 2.6167
-3.7943 3.5382 2.6167
-3.7995 3.6056 2.6167
-3.7967 3.6664 2.6167
-3.7938 3.7281 2.6167
-3.7929 3.7929 2.6167
-3.7919 3.8587 2.6167
-3.7908 3.9254 2.6167
-3.7935 3.9975 2.6167
-3.7960 4.0707 2.6167
-3.7894 4.1354 2.6167
-3.7960 4.2159 2.6167
-3.7948 4.2893 2.6167
-3.8005 4.3720 2.6167
-3.8012 4.4507 2.6167
-3.8040 4.5335 2.6167
-3.7300 4.5248 2.6167
-3.6110 4.4593 2.6167
-3.5079 4.4100 2.6167
-3.3886 4.3372 2.6167
-3.2575 4.2452 2.6167
-3.1487 4.1785 2.6167
-3.0193 4.0804 2.6167
-2.9248 4.0257 2.6167
-2.8060 3.9338 2.6167
-2.7251 3.8918 2.6167
-2.6117 3.8000 2.6167
-2.5220 3.7390 2.6167
-2.4346 3.6783 2.6167
-2.3714 3.6516 2.6167
-2.3222 3.6451 2.6167
-2.2866 3.6593 2.6167
-2.2447 3.6629 2.6167
-2.2116 3.6807 2.6167
-2.1631 3.6723 2.6167
-2.1235 3.6780 2.6167
-2.0795 3.6755 2.6167
-2.0478 3.6944 2.6167
-2.0007 3.6849 2.6167
-1.4042 2.6409 2.6167
-1.3709 2.6335 2.6167
-1.3443 2.6383 2.6167
-1.3167 2.6410 2.6167
-1.2844 2.6335 2.6167
-1.2567 2.6346 2.6167
-1.2362 2.6510 2.6167
-1.2076 2.6498 2.6167
-1.1840 2.6593 2.6167
-1.2329 2.8355 2.6167
-1.3000 3.0625 2.6167
-1.2896 3.1135 2.6167
-1.2931 3.2006 2.6167
-1.2905 3.2760 2.6167
-1.2937 3.3702 2.6167
-1.2909 3.4526 2.6167
-1.2922 3.5502 2.6167
-1.2898 3.6424 2.6167
-1.2899 3.7461 2.6167
-1.2902 3.8559 2.6167
-1.2917 3.9754 2.6167
-1.2891 4.0886 2.6167
-1.2926 4.2278 2.6167
-1.2917 4.3607 2.6167
-1.2916 4.5045 2.6167
-1.2950 4.6698 2.6167
-1.2843 4.7929 2.6167
-1.3363 5.1670 2.6167
-1.3908 5.5782 2.6167
-1.3876 5.7798 2.6167
-1.3488 5.8423 2.6167
-3.8338 2.6423 2.6167
-3.7897 2.7018 2.6167
-3.7564 3.4619 2.6167
-1.3435 2.5844 2.6167
-1.2450 2.5909 2.6167
-1.4280 2.7423 2.6167
-1.3500 2.8769 2.6167
-1.3438 2.9329 2.6167
-1.3414 2.9915 2.6167
-1.3410 3.0518 2.6167
-2.1816 3.6181 2.6167
-1.3364 3.1721 2.6167
-1.3619 3.2505 2.6167
-1.3604 3.3130 2.6167
-1.3598 3.3768 2.6167
-1.3601 3.4419 2.6167
-1.3597 3.5073 2.6167
-1.3602 3.5740 2.6167
-1.3616 3.6422 2.6167
-1.3630 3.7113 2.6167
-1.3644 3.7812 2.6167
-1.3666 3.8527 2.6167
-3.8027 2.7125 3.0528
-3.7813 2.7473 3.0528
-3.7749 2.7933 3.0528
-3.7959 2.8604 3.0528
-3.8232 2.9336 3.0528
-3.8203 2.9847 3.0528
-3.8215 3.0397 3.0528
-3.8158 3.0900 3.0528
-3.8165 3.1460 3.0528
-3.8118 3.1985 3.0528
-3.8195 3.2622 3.0528
-3.8098 3.3118 3.0528
-3.8002 3.3621 3.0528
-3.8049 3.4259 3.0528
-3.8036 3.4854 3.0528
-3.7943 3.5382 3.0528
-3.7981 3.6042 3.0528
-3.8010 3.6706 3.0528
-3.7973 3.7316 3.0528
-3.8000 3.8000 3.0528
-3.7919 3.8587 3.0528
-3.7928 3.9276 3.0528
-3.7949 3.9990 3.0528
-3.7926 4.0671 3.0528
-3.7941 4.1405 3.0528
-3.8040 4.2248 3.0528
-3.8107 4.3072 3.0528
-3.8038 4.3758 3.0528
-3.7519 4.3929 3.0528
-3.5829 4.2699 3.0528
-3.4444 4.1783 3.0528
-3.3165 4.0956 3.0528
-3.2178 4.0453 3.0528
-3.1183 3.9913 3.0528
-3.0048 3.9160 3.0528
-2.9032 3.8526 3.0528
-2.8266 3.8199 3.0528
-2.7408 3.7724 3.0528
-2.6828 3.7612 3.0528
-2.6006 3.7140 3.0528
-2.5052 3.6451 3.0528
-2.4347 3.6096 3.0528
-2.3844 3.6024 3.0528
-2.3321 3.5912 3.0528
-2.2873 3.5903 3.0528
-2.2479 3.5974 3.0528
-2.2170 3.6178 3.0528
-2.1740 3.6181 3.0528
-2.1398 3.6326 3.0528
-2.1010 3.6390 3.0528
-2.0672 3.6538 3.0528
-2.0236 3.6507 3.0528
-1.9783 3.6436 3.0528
-1.4145 2.6603 3.0528
-1.3732 2.6380 3.0528
-1.3384 2.6267 3.0528
-1.3087 2.6248 3.0528
-1.2796 2.6236 3.0528
-1.2532 2.6274 3.0528
-1.2332 2.6446 3.0528
-1.2039 2.6416 3.0528
-1.1808 2.6520 3.0528
-1.2676 2.9153 3.0528
-1.3070 3.0791 3.0528
-1.2950 3.1264 3.0528
-1.2886 3.1895 3.0528
-1.2908 3.2769 3.0528
-1.2865 3.3516 3.0528
-1.2874 3.4432 3.0528
-1.2887 3.5408 3.0528
-1.2875 3.6358 3.0528
-1.2873 3.7386 3.0528
-1.2902 3.8559 3.0528
-1.2901 3.9707 3.0528
-1.2882 4.0857 3.0528
-1.2897 4.2183 3.0528
-1.2900 4.3550 3.0528
-1.2883 4.4929 3.0528
-1.3001 4.6881 3.0528
-1.2900 4.8142 3.0528
-1.3358 5.1651 3.0528
-1.3833 5.5482 3.0528
-1.3804 5.7496 3.0528
-1.3461 5.8306 3.0528
-3.8357 2.6430 3.0528
-3.7907 2.7022 3.0528
-1.3103 2.5679 3.0528
-1.2512 2.5941 3.0528
-1.3907 2.7229 3.0528
-1.3482 2.9353 3.0528
-1.3423 2.9920 3.0528
-1.3401 3.0513 3.0528
-1.3390 3.1119 3.0528
-1.3364 3.1721 3.0528
-1.3619 3.2505 3.0528
-1.3604 3.3130 3.0528
-1.3598 3.3768 3.0528
-1.3593 3.4413 3.0528
-1.3597 3.5073 3.0528
-1.3602 3.5740 3.0528
-1.3616 3.6422 3.0528
-1.3630 3.7113 3.0528
-1.3652 3.7818 3.0528
-1.3658 3.8521 3.0528
-3.8035 2.7130 3.4890
-3.7797 2.7461 3.4890
-3.7789 2.7963 3.4890
-3.7839 2.8514 3.4890
-3.8248 2.9348 3.4890
-3.8155 2.9810 3.4890
-3.8152 3.0348 3.4890
-3.8111 3.0862 3.4890
-3.8149 3.1448 3.4890
-3.8203 3.2056 3.4890
-3.8066 3.2511 3.4890
-3.8090 3.3111 3.4890
-3.8002 3.3621 3.4890
-3.8027 3.4239 3.4890
-3.8021 3.4840 3.4890
-3.7987 3.5423 3.4890
-3.8024 3.6084 3.4890
-3.8046 3.6740 3.4890
-3.7874 3.7218 3.4890
-3.7986 3.7986 3.4890
-3.8010 3.8680 3.4890
-3.7998 3.9348 3.4890
-3.7963 4.0004 3.4890
-3.7892 4.0634 3.4890
-3.7995 4.1464 3.4890
-3.8080 4.2292 3.4890
-3.7988 4.2938 3.4890
-3.7304 4.2913 3.4890
-3.5220 4.1237 3.4890
-3.4003 4.0524 3.4890
-3.2847 3.9847 3.4890
-3.1239 3.8578 3.4890
-2.9190 3.6696 3.4890
-2.7994 3.5831 3.4890
-2.7199 3.5447 3.4890
-2.6420 3.5060 3.4890
-2.5875 3.4968 3.4890
-2.5451 3.5030 3.4890
-2.4982 3.5023 3.4890
-2.4515 3.5011 3.4890
-2.3931 3.4819 3.4890
-2.3553 3.4919 3.4890
-2.3148 3.4973 3.4890
-2.2646 3.4872 3.4890
-2.2346 3.5077 3.4890
-2.2023 3.5245 3.4890
-2.1631 3.5299 3.4890
-2.1281 3.5418 3.4890
-2.0966 3.5594 3.4890
-2.0625 3.5724 3.4890
-2.0263 3.5815 3.4890
-1.9926 3.5947 3.4890
-1.5823 2.9142 3.4890
-1.4117 2.6550 3.4890
-1.3691 2.6300 3.4890
-1.3388 2.6276 3.4890
-1.3123 2.6320 3.4890
-1.2818 2.6281 3.4890
-1.2524 2.6256 3.4890
-1.2243 2.6256 3.4890
-1.2076 2.6498 3.4890
-1.1836 2.6584 3.4890
-1.2337 2.8374 3.4890
-1.2972 3.0561 3.4890
-1.2870 3.1070 3.4890
-1.2943 3.2034 3.4890
-1.2868 3.2667 3.4890
-1.2862 3.3506 3.4890
-1.2874 3.4432 3.4890
-1.2925 3.5511 3.4890
-1.2855 3.6301 3.4890
-1.2902 3.7471 3.4890
-1.2895 3.8540 3.4890
-1.2908 3.9726 3.4890
-1.2906 4.0934 3.4890
-1.2888 4.2154 3.4890
-1.2869 4.3444 3.4890
-1.2903 4.4997 3.4890
-1.2964 4.6746 3.4890
-1.3096 4.8876 3.4890
-1.5263 5.9018 3.4890
-1.4435 5.7898 3.4890
-1.3969 5.8187 3.4890
-3.8348 2.6426 3.4890
-3.7907 2.7022 3.4890
-1.3112 2.5683 3.4890
-1.2539 2.5955 3.4890
-1.4253 2.7409 3.4890
-2.5914 3.4196 3.4890
-2.4532 3.4169 3.4890
-2.3689 3.4417 3.4890
-1.3464 2.9344 3.4890
-1.3423 2.9920 3.4890
-1.3393 3.0508 3.4890
-1.3381 3.1113 3.4890
-1.3355 3.1716 3.4890
-1.3611 3.2500 3.4890
-1.3604 3.3130 3.4890
-1.3598 3.3768 3.4890
-1.3593 3.4413 3.4890
-1.3597 3.5073 3.4890
-1.3602 3.5740 3.4890
-1.3616 3.6422 3.4890
-1.3630 3.7113 3.4890
-1.3644 3.7812 3.4890
-3.7962 2.7078 3.9251
-3.7781 2.7450 3.9251
-3.7749 2.7933 3.9251
-3.7831 2.8508 3.9251
-3.8208 2.9318 3.9251
-3.8140 2.9798 3.9251
-3.8121 3.0323 3.9251
-3.8212 3.0944 3.9251
-3.8257 3.1537 3.9251
-3.8210 3.2062 3.9251
-3.8112 3.2550 3.9251
-3.8128 3.3144 3.9251
-3.8062 3.3674 3.9251
-3.8108 3.4313 3.9251
-3.8125 3.4935 3.9251
-3.8023 3.5457 3.9251
-3.8075 3.6132 3.9251
-3.8031 3.6727 3.9251
-3.7924 3.7267 3.9251
-3.7993 3.7993 3.9251
-3.7989 3.8658 3.9251
-3.7963 3.9312 3.9251
-3.7963 4.0004 3.9251
-3.7974 4.0722 3.9251
-3.8015 4.1487 3.9251
-3.8027 4.2233 3.9251
-3.7995 4.2945 3.9251
-3.7579 4.3230 3.9251
-3.5499 4.1564 3.9251
-3.4273 4.0845 3.9251
-3.3191 4.0263 3.9251
-3.2076 3.9611 3.9251
-3.0640 3.8520 3.9251
-2.9422 3.7659 3.9251
-2.8155 3.6693 3.9251
-2.6955 3.5771 3.9251
-2.6327 3.5579 3.9251
-2.5821 3.5540 3.9251
-2.5290 3.5455 3.9251
-2.4819 3.5445 3.9251
-2.4401 3.5503 3.9251
-2.3984 3.5557 3.9251
-2.3424 3.5390 3.9251
-2.3033 3.5467 3.9251
-2.2685 3.5608 3.9251
-2.2283 3.5660 3.9251
-2.1840 3.5640 3.9251
-2.1431 3.5667 3.9251
-2.1124 3.5861 3.9251
-2.0685 3.5827 3.9251
-2.0342 3.5954 3.9251
-1.9887 3.5877 3.9251
-1.4420 2.6558 3.9251
-1.4089 2.6497 3.9251
-1.3594 2.6114 3.9251
-1.3284 2.6071 3.9251
-1.3042 2.6159 3.9251
-1.2770 2.6182 3.9251
-1.2519 2.6247 3.9251
-1.2226 2.6219 3.9251
-1.2043 2.6425 3.9251
-1.1812 2.6529 3.9251
-1.2836 2.9520 3.9251
-1.2968 3.0552 3.9251
-1.2954 3.1273 3.9251
-1.2886 3.1895 3.9251
-1.2908 3.2769 3.9251
-1.2926 3.3674 3.9251
-1.2898 3.4498 3.9251
-1.2918 3.5492 3.9251
-1.2888 3.6395 3.9251
-1.2896 3.7452 3.9251
-1.2927 3.8635 3.9251
-1.2932 3.9802 3.9251
-1.2891 4.0886 3.9251
-1.2894 4.2173 3.9251
-1.2900 4.3550 3.9251
-1.2949 4.5160 3.9251
-1.2980 4.6804 3.9251
-1.2962 4.8374 3.9251
-1.3330 5.1544 3.9251
-1.3802 5.5355 3.9251
-1.3806 5.7506 3.9251
-1.3574 5.8793 3.9251
-3.8329 2.6420 3.9251
-3.7897 2.7018 3.9251
-1.4054 2.5583 3.9251
-1.2817 2.5536 3.9251
-1.4535 2.6972 3.9251
-1.3943 2.7248 3.9251
-2.5973 3.4952 3.9251
-2.4573 3.4906 3.9251
-1.3456 2.9339 3.9251
-1.3449 2.9935 3.9251
-1.3393 3.0508 3.9251
-1.3381 3.1113 3.9251
-1.3620 3.1878 3.9251
-1.3619 3.2505 3.9251
-1.3604 3.3130 3.9251
-1.3598 3.3768 3.9251
-1.3601 3.4419 3.9251
-1.3597 3.5073 3.9251
-1.3602 3.5740 3.9251
-1.3616 3.6422 3.9251
-1.3630 3.7113 3.9251
-1.3644 3.7812 3.9251
-3.8019 2.7119 4.3612
-3.7781 2.7450 4.3612
-3.7805 2.7975 4.3612
-3.7911 2.8568 4.3612
-3.8200 2.9312 4.3612
-3.8187 2.9835 4.3612
-3.8097 3.0304 4.3612
-3.8259 3.0981 4.3612
-3.8134 3.1435 4.3612
-3.8157 3.2017 4.3612
-3.8074 3.2518 4.3612
-3.8105 3.3124 4.3612
-3.8024 3.3641 4.3612
-3.8049 3.4259 4.3612
-3.8021 3.4840 4.3612
-3.8016 3.5450 4.3612
-3.8053 3.6111 4.3612
-3.8024 3.6720 4.3612
-3.7995 3.7337 4.3612
-3.7929 3.7929 4.3612
-3.8024 3.8694 4.3612
-3.8074 3.9427 4.3612
-3.7970 4.0012 4.3612
-3.8049 4.0802 4.3612
-3.8056 4.1531 4.3612
-3.8040 4.2248 4.3612
-3.8028 4.2983 4.3612
-3.8110 4.3841 4.3612
-3.7356 4.3739 4.3612
-3.5270 4.2033 4.3612
-3.4183 4.1467 4.3612
-3.3184 4.0979 4.3612
-3.2203 4.0484 4.3612
-3.1325 4.0094 4.3612
-3.0262 3.9438 4.3612
-2.8388 3.7672 4.3612
-2.7273 3.6857 4.3612
-2.6539 3.6527 4.3612
-2.5731 3.6073 4.3612
-2.5226 3.6026 4.3612
-2.4735 3.5990 4.3612
-2.4375 3.6138 4.3612
-2.3910 3.6124 4.3612
-2.3507 3.6197 4.3612
-2.3163 3.6359 4.3612
-2.2728 3.6373 4.3612
-2.2264 3.6331 4.3612
-2.1930 3.6498 4.3612
-2.1596 3.6662 4.3612
-2.1160 3.6650 4.3612
-2.0672 3.6538 4.3612
-2.0347 3.6708 4.3612
-1.4501 2.6707 4.3612
-1.3967 2.6268 4.3612
-1.3575 2.6078 4.3612
-1.3270 2.6044 4.3612
-1.2953 2.5980 4.3612
-1.2682 2.6002 4.3612
-1.2455 2.6112 4.3612
-1.2209 2.6183 4.3612
-1.1972 2.6271 4.3612
-1.1832 2.6575 4.3612
-1.2991 2.9878 4.3612
-1.3039 3.0717 4.3612
-1.2958 3.1283 4.3612
-1.2969 3.2099 4.3612
-1.2952 3.2881 4.3612
-1.2926 3.3674 4.3612
-1.2926 3.4573 4.3612
-1.2922 3.5502 4.3612
-1.2915 3.6471 4.3612
-1.2932 3.7556 4.3612
-1.2956 3.8720 4.3612
-1.2960 3.9887 4.3612
-1.2942 4.1048 4.3612
-1.2920 4.2259 4.3612
-1.2934 4.3665 4.3612
-1.2952 4.5170 4.3612
-1.3006 4.6900 4.3612
-1.3034 4.8644 4.3612
-1.3305 5.1447 4.3612
-1.3557 5.4375 4.3612
-1.3608 5.6679 4.3612
-1.3524 5.8579 4.3612
-3.8546 2.6495 4.3612
-3.7935 2.7032 4.3612
-1.4054 2.5583 4.3612
-1.2844 2.5549 4.3612
-1.4561 2.6985 4.3612
-1.3934 2.7243 4.3612
-1.3837 2.8362 4.3612
-2.5447 3.5391 4.3612
-1.3464 2.9344 4.3612
-1.3449 2.9935 4.3612
-1.3410 3.0518 4.3612
-1.3373 3.1108 4.3612
-1.3628 3.1883 4.3612
-1.3619 3.2505 4.3612
-1.3612 3.3135 4.3612
-1.3606 3.3773 4.3612
-1.3601 3.4419 4.3612
-1.3597 3.5073 4.3612
-1.3602 3.5740 4.3612
-1.3608 3.6416 4.3612
-1.3622 3.7107 4.3612
-1.3636 3.7806 4.3612
-1.3666 3.8527 4.3612
-1.3671 3.9238 4.3612
-3.8027 2.7125 4.7973
-3.7773 2.7444 4.7973
-3.7797 2.7969 4.7973
-3.7871 2.8538 4.7973
-3.8160 2.9281 4.7973
-3.8108 2.9773 4.7973
-3.8207 3.0391 4.7973
-3.8166 3.0906 4.7973
-3.8211 3.1499 4.7973
-3.8141 3.2004 4.7973
-3.8188 3.2615 4.7973
-3.8052 3.3078 4.7973
-3.8054 3.3668 4.7973
-3.8064 3.4273 4.7973
-3.8080 3.4894 4.7973
-3.7987 3.5423 4.7973
-3.8039 3.6097 4.7973
-3.8017 3.6713 4.7973
-3.8066 3.7408 4.7973
-3.8035 3.8035 4.7973
-3.7982 3.8651 4.7973
-3.8033 3.9384 4.7973
-3.8004 4.0048 4.7973
-3.7980 4.0729 4.7973
-3.8042 4.1516 4.7973
-3.7973 4.2173 4.7973
-3.8048 4.3005 4.7973
-3.8071 4.3796 4.7973
-3.8038 4.4537 4.7973
-3.7841 4.5097 4.7973
-3.5321 4.2848 4.7973
-3.4254 4.2300 4.7973
-3.3174 4.1705 4.7973
-3.2390 4.1457 4.7973
-3.1248 4.0723 4.7973
-3.0434 4.0387 4.7973
-2.9164 3.9413 4.7973
-2.7426 3.7749 4.7973
-2.6707 3.7441 4.7973
-2.5874 3.6952 4.7973
-2.5245 3.6731 4.7973
-2.4739 3.6677 4.7973
-2.4357 3.6799 4.7973
-2.3828 3.6692 4.7973
-2.3491 3.6873 4.7973
-2.3083 3.6941 4.7973
-2.2650 3.6962 4.7973
-2.2286 3.7090 4.7973
-2.1880 3.7145 4.7973
-2.1410 3.7083 4.7973
-2.0992 3.7103 4.7973
-2.0624 3.7206 4.7973
-2.0246 3.7288 4.7973
-1.4230 2.6762 4.7973
-1.3580 2.6087 4.7973
-1.3220 2.5946 4.7973
-1.2922 2.5917 4.7973
-1.2621 2.5876 4.7973
-1.2369 2.5931 4.7973
-1.2146 2.6047 4.7973
-1.1931 2.6180 4.7973
-1.2088 2.7151 4.7973
-1.3127 3.0190 4.7973
-1.3129 3.0929 4.7973
-1.2977 3.1329 4.7973
-1.2931 3.2006 4.7973
-1.2945 3.2862 4.7973
-1.2930 3.3684 4.7973
-1.2926 3.4573 4.7973
-1.2922 3.5502 4.7973
-1.2912 3.6461 4.7973
-1.2935 3.7565 4.7973
-1.2962 3.8739 4.7973
-1.2973 3.9925 4.7973
-1.2960 4.1105 4.7973
-1.2940 4.2326 4.7973
-1.2940 4.3684 4.7973
-1.2938 4.5122 4.7973
-1.3071 4.7131 4.7973
-1.3588 5.0711 4.7973
-1.4177 5.4817 4.7973
-1.4051 5.6355 4.7973
-3.8367 2.6433 4.7973
-3.7954 2.7038 4.7973
-1.2924 2.5589 4.7973
-1.2174 2.5769 4.7973
-1.3526 2.8783 4.7973
-1.3464 2.9344 4.7973
-1.3449 2.9935 4.7973
-1.3418 3.0523 4.7973
-1.3381 3.1113 4.7973
-1.3645 3.1893 4.7973
-1.3611 3.2500 4.7973
-1.3604 3.3130 4.7973
-1.3606 3.3773 4.7973
-1.3601 3.4419 4.7973
-1.3597 3.5073 4.7973
-1.3602 3.5740 4.7973
-1.3616 3.6422 4.7973
-1.3622 3.7107 4.7973
-1.3644 3.7812 4.7973
-1.3674 3.8533 4.7973
-3.8076 2.7159 5.2334
-3.7838 2.7491 5.2334
-3.7653 2.7861 5.2334
-3.7831 2.8508 5.2334
-3.8184 2.9300 5.2334
-3.8250 2.9884 5.2334
-3.8230 3.0410 5.2334
-3.8220 3.0950 5.2334
-3.8242 3.1524 5.2334
-3.8203 3.2056 5.2334
-3.8096 3.2537 5.2334
-3.8045 3.3072 5.2334
-3.8077 3.3688 5.2334
-3.8175 3.4373 5.2334
-3.8095 3.4908 5.2334
-3.8082 3.5512 5.2334
-3.8060 3.6118 5.2334
-3.8053 3.6747 5.2334
-3.7995 3.7337 5.2334
-3.8000 3.8000 5.2334
-3.8024 3.8694 5.2334
-3.8046 3.9398 5.2334
-3.8018 4.0062 5.2334
-3.8021 4.0773 5.2334
-3.8015 4.1487 5.2334
-3.8067 4.2278 5.2334
-3.8107 4.3072 5.2334
-3.8117 4.3849 5.2334
-3.8071 4.4575 5.2334
-3.7918 4.5189 5.2334
-3.5811 4.3442 5.2334
-3.4594 4.2720 5.2334
-3.3603 4.2245 5.2334
-3.2821 4.2009 5.2334
-3.1564 4.1135 5.2334
-3.0747 4.0802 5.2334
-3.0009 4.0555 5.2334
-2.8572 3.9326 5.2334
-2.7067 3.7946 5.2334
-2.6201 3.7419 5.2334
-2.5568 3.7201 5.2334
-2.5007 3.7075 5.2334
-2.4556 3.7100 5.2334
-2.4149 3.7187 5.2334
-2.3711 3.7219 5.2334
-2.3290 3.7272 5.2334
-2.2760 3.7141 5.2334
-2.2353 3.7201 5.2334
-2.2017 3.7377 5.2334
-2.1580 3.7378 5.2334
-2.1174 3.7425 5.2334
-2.0813 3.7547 5.2334
-2.0470 3.7701 5.2334
-1.4662 2.7574 5.2334
-1.3589 2.6105 5.2334
-1.3166 2.5839 5.2334
-1.2824 2.5720 5.2334
-1.2612 2.5858 5.2334
-1.2356 2.5904 5.2334
-1.2138 2.6029 5.2334
-1.1910 2.6134 5.2334
-1.1877 2.6676 5.2334
-1.3055 3.0025 5.2334
-1.3058 3.0763 5.2334
-1.3000 3.1384 5.2334
-1.2973 3.2108 5.2334
-1.2974 3.2937 5.2334
-1.2980 3.3814 5.2334
-1.2965 3.4676 5.2334
-1.2969 3.5633 5.2334
-1.2928 3.6509 5.2334
-1.2938 3.7575 5.2334
-1.2971 3.8767 5.2334
-1.2988 3.9973 5.2334
-1.2957 4.1096 5.2334
-1.2964 4.2403 5.2334
-1.2968 4.3780 5.2334
-1.2966 4.5218 5.2334
-1.3089 4.7199 5.2334
-1.3686 5.1078 5.2334
-1.4139 5.4671 5.2334
-1.4167 5.6821 5.2334
-3.8357 2.6430 5.2334
-3.7916 2.7025 5.2334
-3.7480 2.7618 5.2334
-3.7675 3.0736 5.2334
-1.3784 2.5452 5.2334
-1.2889 2.5572 5.2334
-1.3969 2.7262 5.2334
-1.4171 2.8544 5.2334
-2.6485 3.6710 5.2334
-1.3432 2.9925 5.2334
-1.3660 3.0665 5.2334
-1.3647 3.1273 5.2334
-1.3637 3.1888 5.2334
-1.3619 3.2505 5.2334
-1.3604 3.3130 5.2334
-1.3606 3.3773 5.2334
-1.3601 3.4419 5.2334
-1.3597 3.5073 5.2334
-1.3602 3.5740 5.2334
-1.3616 3.6422 5.2334
-1.3630 3.7113 5.2334
-1.3636 3.7806 5.2334
-1.3666 3.8527 5.2334
-1.3671 3.9238 5.2334
-3.8068 2.7154 5.6696
-3.7902 2.7538 5.6696
-3.7886 2.8034 5.6696
-3.7863 2.8532 5.6696
-3.8263 2.9361 5.6696
-3.8195 2.9841 5.6696
-3.8183 3.0372 5.6696
-3.8197 3.0931 5.6696
-3.8249 3.1530 5.6696
-3.8180 3.2037 5.6696
-3.8165 3.2596 5.6696
-3.8098 3.3118 5.6696
-3.8107 3.3714 5.6696
-3.8071 3.4280 5.6696
-3.8021 3.4840 5.6696
-3.8125 3.5553 5.6696
-3.8133 3.6187 5.6696
-3.8067 3.6761 5.6696
-3.8095 3.7436 5.6696
-3.8078 3.8078 5.6696
-3.8087 3.8758 5.6696
-3.8074 3.9427 5.6696
-3.8080 4.0128 5.6696
-3.7994 4.0744 5.6696
-3.8103 4.1582 5.6696
-3.8080 4.2292 5.6696
-3.8048 4.3005 5.6696
-3.8071 4.3796 5.6696
-3.8123 4.4636 5.6696
-3.8079 4.5380 5.6696
-3.7001 4.4885 5.6696
-3.5261 4.3543 5.6696
-3.4157 4.2942 5.6696
-3.3129 4.2403 5.6696
-3.2234 4.2008 5.6696
-3.1102 4.1273 5.6696
-2.9943 4.0466 5.6696
-2.8796 3.9634 5.6696
-2.7746 3.8898 5.6696
-2.6407 3.7714 5.6696
-2.5602 3.7251 5.6696
-2.5130 3.7257 5.6696
-2.4616 3.7191 5.6696
-2.4247 3.7338 5.6696
-2.3878 3.7480 5.6696
-2.3364 3.7390 5.6696
-2.3011 3.7550 5.6696
-2.2543 3.7518 5.6696
-2.2205 3.7696 5.6696
-2.1865 3.7871 5.6696
-2.1401 3.7826 5.6696
-2.1031 3.7941 5.6696
-1.7140 3.1567 5.6696
-1.4033 2.6391 5.6696
-1.3469 2.5874 5.6696
-1.3134 2.5777 5.6696
-1.2882 2.5837 5.6696
-1.2643 2.5921 5.6696
-1.2347 2.5886 5.6696
-1.2150 2.6056 5.6696
-1.1964 2.6252 5.6696
-1.1828 2.6566 5.6696
-1.3143 3.0226 5.6696
-1.3047 3.0736 5.6696
-1.3034 3.1467 5.6696
-1.3040 3.2275 5.6696
-1.3025 3.3067 5.6696
-1.3088 3.4094 5.6696
-1.3084 3.4994 5.6696
-1.3075 3.5924 5.6696
-1.2998 3.6706 5.6696
-1.3016 3.7802 5.6696
-1.3009 3.8881 5.6696
-1.3031 4.0106 5.6696
-1.2997 4.1220 5.6696
-1.2993 4.2498 5.6696
-1.3022 4.3962 5.6696
-1.2971 4.5237 5.6696
-1.3105 4.7256 5.6696
-1.3472 5.0276 5.6696
-1.3954 5.3955 5.6696
-1.4162 5.6801 5.6696
-3.8565 2.6501 5.6696
-3.7954 2.7038 5.6696
-1.3164 2.5149 5.6696
-1.4097 2.6174 5.6696
-1.2263 2.5814 5.6696
-1.3969 2.7262 5.6696
-1.3745 2.8904 5.6696
-1.3726 2.9491 5.6696
-1.3683 3.0070 5.6696
-1.3668 3.0671 5.6696
-1.3656 3.1278 5.6696
-1.3645 3.1893 5.6696
-1.3628 3.2511 5.6696
-1.3620 3.3141 5.6696
-1.3614 3.3779 5.6696
-1.3601 3.4419 5.6696
-1.3597 3.5073 5.6696
-1.3602 3.5740 5.6696
-1.3608 3.6416 5.6696
-1.3622 3.7107 5.6696
-1.3644 3.7812 5.6696
-1.3658 3.8521 5.6696
-1.3695 3.9256 5.6696
-3.8068 2.7154 6.1057
-3.7846 2.7497 6.1057
-3.7846 2.8004 6.1057
-3.7951 2.8598 6.1057
-3.8232 2.9336 6.1057
-3.8234 2.9872 6.1057
-3.8215 3.0397 6.1057
-3.8306 3.1019 6.1057
-3.8265 3.1543 6.1057
-3.8210 3.2062 6.1057
-3.8172 3.2602 6.1057
-3.8211 3.3216 6.1057
-3.8137 3.3741 6.1057
-3.8071 3.4280 6.1057
-3.8102 3.4915 6.1057
-3.8125 3.5553 6.1057
-3.8140 3.6194 6.1057
-3.8053 3.6747 6.1057
-3.8059 3.7401 6.1057
-3.8078 3.8078 6.1057
-3.8059 3.8729 6.1057
-3.8026 3.9377 6.1057
-3.8004 4.0048 6.1057
-3.8021 4.0773 6.1057
-3.8036 4.1509 6.1057
-3.8040 4.2248 6.1057
-3.8094 4.3057 6.1057
-3.8117 4.3849 6.1057
-3.8077 4.4583 6.1057
-3.8092 4.5396 6.1057
-3.8050 4.6159 6.1057
-3.7885 4.6784 6.1057
-3.5564 4.4710 6.1057
-3.4268 4.3861 6.1057
-3.3220 4.3293 6.1057
-3.2360 4.2943 6.1057
-3.1288 4.2283 6.1057
-3.0195 4.1559 6.1057
-2.9430 4.1259 6.1057
-2.8610 4.0859 6.1057
-2.7726 4.0341 6.1057
-2.6724 3.9620 6.1057
-2.5891 3.9118 6.1057
-2.5271 3.8914 6.1057
-2.4555 3.8543 6.1057
-2.4085 3.8544 6.1057
-2.3580 3.8480 6.1057
-2.3161 3.8547 6.1057
-2.2728 3.8584 6.1057
-2.2300 3.8625 6.1057
-2.1873 3.8661 6.1057
-2.1477 3.8746 6.1057
-1.4448 2.6611 6.1057
-1.3986 2.6303 6.1057
-1.3432 2.5803 6.1057
-1.3134 2.5777 6.1057
-1.2877 2.5828 6.1057
-1.2660 2.5957 6.1057
-1.2356 2.5904 6.1057
-1.2163 2.6084 6.1057
-1.1947 2.6216 6.1057
-1.1791 2.6484 6.1057
-1.3063 3.0043 6.1057
-1.3078 3.0809 6.1057
-1.3019 3.1430 6.1057
-1.3021 3.2229 6.1057
-1.3014 3.3039 6.1057
-1.3016 3.3908 6.1057
-1.3077 3.4975 6.1057
-1.3028 3.5793 6.1057
-1.2968 3.6622 6.1057
-1.3003 3.7764 6.1057
-1.3041 3.8976 6.1057
-1.3019 4.0068 6.1057
-1.2997 4.1220 6.1057
-1.3022 4.2594 6.1057
-1.3002 4.3895 6.1057
-1.3018 4.5400 6.1057
-1.3119 4.7305 6.1057
-1.4812 5.5280 6.1057
-1.4359 5.5523 6.1057
-1.4116 5.6617 6.1057
-3.8603 2.6514 6.1057
-3.7945 2.7035 6.1057
-1.3182 2.5158 6.1057
-1.4661 2.6455 6.1057
-1.4036 2.6717 6.1057
-1.4191 2.7377 6.1057
-1.3491 2.9358 6.1057
-1.3691 3.0075 6.1057
-1.3677 3.0676 6.1057
-1.3656 3.1278 6.1057
-1.3645 3.1893 6.1057
-1.3628 3.2511 6.1057
-1.3612 3.3135 6.1057
-1.3606 3.3773 6.1057
-1.3601 3.4419 6.1057
-1.3597 3.5073 6.1057
-1.3602 3.5740 6.1057
-1.3608 3.6416 6.1057
-1.3622 3.7107 6.1057
-1.3636 3.7806 6.1057
-1.3666 3.8527 6.1057
-1.3687 3.9250 6.1057
-1.3731 4.0002 6.1057
-1.3727 4.0726 6.1057
-3.8101 2.7177 6.5418
-3.7822 2.7479 6.5418
-3.7958 2.8088 6.5418
-3.7903 2.8562 6.5418
-3.8200 2.9312 6.5418
-3.8219 2.9860 6.5418
-3.8348 3.0503 6.5418
-3.8251 3.0975 6.5418
-3.8249 3.1530 6.5418
-3.8226 3.2075 6.5418
-3.8294 3.2706 6.5418
-3.8135 3.3151 6.5418
-3.8107 3.3714 6.5418
-3.8153 3.4353 6.5418
-3.8191 3.4996 6.5418
-3.8184 3.5607 6.5418
-3.8140 3.6194 6.5418
-3.8067 3.6761 6.5418
-3.8059 3.7401 6.5418
-3.8064 3.8064 6.5418
-3.8052 3.8722 6.5418
-3.8012 3.9362 6.5418
-3.8121 4.0171 6.5418
-3.8001 4.0751 6.5418
-3.8029 4.1501 6.5418
-3.8080 4.2292 6.5418
-3.8101 4.3065 6.5418
-3.8084 4.3811 6.5418
-3.8045 4.4545 6.5418
-3.8079 4.5380 6.5418
-3.8082 4.6197 6.5418
-3.7986 4.6909 6.5418
-3.6759 4.6213 6.5418
-3.5419 4.5334 6.5418
-3.4170 4.4531 6.5418
-3.2925 4.3693 6.5418
-3.1841 4.3030 6.5418
-3.0688 4.2239 6.5418
-2.8774 4.0339 6.5418
-2.7480 3.9246 6.5418
-2.6525 3.8594 6.5418
-2.5628 3.7995 6.5418
-2.4981 3.7742 6.5418
-2.4313 3.7438 6.5418
-2.3878 3.7480 6.5418
-2.3438 3.7509 6.5418
-2.3032 3.7584 6.5418
-2.2595 3.7604 6.5418
-2.2159 3.7619 6.5418
-2.1810 3.7776 6.5418
-2.1504 3.8008 6.5418
-2.1070 3.8011 6.5418
-1.4401 2.6523 6.5418
-1.3976 2.6285 6.5418
-1.3418 2.5777 6.5418
-1.3102 2.5714 6.5418
-1.2868 2.5810 6.5418
-1.2577 2.5786 6.5418
-1.2369 2.5931 6.5418
-1.2171 2.6102 6.5418
-1.1964 2.6252 6.5418
-1.1852 2.6621 6.5418
-1.3127 3.0190 6.5418
-1.3086 3.0828 6.5418
-1.3034 3.1467 6.5418
-1.3051 3.2303 6.5418
-1.3055 3.3141 6.5418
-1.3041 3.3973 6.5418
-1.3035 3.4863 6.5418
-1.3096 3.5981 6.5418
-1.2995 3.6697 6.5418
-1.3013 3.7792 6.5418
-1.3013 3.8891 6.5418
-1.3031 4.0106 6.5418
-1.3033 4.1334 6.5418
-1.2996 4.2508 6.5418
-1.2997 4.3876 6.5418
-1.3007 4.5362 6.5418
-1.3129 4.7343 6.5418
-1.4566 5.4362 6.5418
-1.4572 5.6346 6.5418
-1.4085 5.6491 6.5418
-3.7973 2.7045 6.5418
-1.3173 2.5154 6.5418
-1.4106 2.6178 6.5418
-1.4276 2.6840 6.5418
-1.4217 2.7391 6.5418
-1.3754 2.8909 6.5418
-1.3726 2.9491 6.5418
-1.3700 3.0080 6.5418
-1.3677 3.0676 6.5418
-1.3656 3.1278 6.5418
-1.3645 3.1893 6.5418
-1.3628 3.2511 6.5418
-1.3620 3.3141 6.5418
-1.3614 3.3779 6.5418
-1.3601 3.4419 6.5418
-1.3606 3.5078 6.5418
-1.3602 3.5740 6.5418
-1.3608 3.6416 6.5418
-1.3622 3.7107 6.5418
-1.3636 3.7806 6.5418
-1.3666 3.8527 6.5418
-1.3679 3.9244 6.5418
-1.3723 3.9996 6.5418
-1.3727 4.0726 6.5418
-3.8125 2.7194 6.9779
-3.7846 2.7497 6.9779
-3.7870 2.8022 6.9779
-3.7887 2.8550 6.9779
-3.8335 2.9415 6.9779
-3.8337 2.9952 6.9779
-3.8277 3.0447 6.9779
-3.8259 3.0981 6.9779
-3.8273 3.1549 6.9779
-3.8256 3.2101 6.9779
-3.8226 3.2648 6.9779
-3.8203 3.3210 6.9779
-3.8159 3.3760 6.9779
-3.8168 3.4367 6.9779
-3.8088 3.4901 6.9779
-3.8257 3.5675 6.9779
-3.8111 3.6166 6.9779
-3.8139 3.6831 6.9779
-3.8059 3.7401 6.9779
-3.8092 3.8092 6.9779
-3.8052 3.8722 6.9779
-3.8039 3.9391 6.9779
-3.8094 4.0142 6.9779
-3.8015 4.0766 6.9779
-3.8103 4.1582 6.9779
-3.8100 4.2315 6.9779
-3.8140 4.3110 6.9779
-3.8117 4.3849 6.9779
-3.8129 4.4643 6.9779
-3.8143 4.5457 6.9779
-3.7898 4.5973 6.9779
-3.6746 4.5378 6.9779
-3.5639 4.4804 6.9779
-3.4656 4.4357 6.9779
-3.2861 4.2825 6.9779
-3.1740 4.2120 6.9779
-3.0009 4.0555 6.9779
-2.8837 3.9690 6.9779
-2.7421 3.8443 6.9779
-2.6023 3.7165 6.9779
-2.5471 3.7061 6.9779
-2.4532 3.6370 6.9779
-2.3899 3.6107 6.9779
-2.3501 3.6189 6.9779
-2.3034 3.6156 6.9779
-2.2718 3.6356 6.9779
-2.2415 3.6578 6.9779
-2.2038 3.6678 6.9779
-2.1657 3.6766 6.9779
-2.1325 3.6936 6.9779
-2.1002 3.7121 6.9779
-2.0527 3.7031 6.9779
-2.0084 3.6989 6.9779
-1.3859 2.6065 6.9779
-1.3395 2.5732 6.9779
-1.3102 2.5714 6.9779
-1.2837 2.5747 6.9779
-1.2581 2.5795 6.9779
-1.2360 2.5913 6.9779
-1.2142 2.6038 6.9779
-1.1964 2.6252 6.9779
-1.1913 2.6758 6.9779
-1.3127 3.0190 6.9779
-1.3132 3.0938 6.9779
-1.3072 3.1560 6.9779
-1.3107 3.2442 6.9779
-1.3062 3.3160 6.9779
-1.3098 3.4122 6.9779
-1.3094 3.5022 6.9779
-1.3096 3.5981 6.9779
-1.3038 3.6820 6.9779
-1.3042 3.7877 6.9779
-1.3041 3.8976 6.9779
-1.3081 4.0258 6.9779
-1.3060 4.1420 6.9779
-1.3031 4.2623 6.9779
-1.3048 4.4048 6.9779
-1.3051 4.5516 6.9779
-1.3156 4.7440 6.9779
-1.4895 5.5589 6.9779
-1.5461 5.9783 6.9779
-3.8171 2.7115 6.9779
-3.7922 2.7779 6.9779
-1.3182 2.5158 6.9779
-1.4115 2.6183 6.9779
-1.4018 2.6708 6.9779
-1.4271 2.7419 6.9779
-1.3491 2.9358 6.9779
-1.3709 3.0085 6.9779
-1.3677 3.0676 6.9779
-1.3664 3.1283 6.9779
-1.3645 3.1893 6.9779
-1.3628 3.2511 6.9779
-1.3620 3.3141 6.9779
-1.3614 3.3779 6.9779
-1.3601 3.4419 6.9779
-1.3606 3.5078 6.9779
-1.3602 3.5740 6.9779
-1.3608 3.6416 6.9779
-1.3622 3.7107 6.9779
-1.3636 3.7806 6.9779
-1.3658 3.8521 6.9779
-1.3679 3.9244 6.9779
-3.8149 2.7212 7.4140
-3.7927 2.7555 7.4140
-3.7854 2.8010 7.4140
-3.7975 2.8616 7.4140
-3.8351 2.9428 7.4140
-3.8313 2.9933 7.4140
-3.8277 3.0447 7.4140
-3.8344 3.1051 7.4140
-3.8350 3.1613 7.4140
-3.8295 3.2133 7.4140
-3.8233 3.2654 7.4140
-3.8241 3.3243 7.4140
-3.8234 3.3827 7.4140
-3.8183 3.4380 7.4140
-3.8095 3.4908 7.4140
-3.8096 3.5525 7.4140
-3.8104 3.6159 7.4140
-3.8154 3.6845 7.4140
-3.8066 3.7408 7.4140
-3.8056 3.8056 7.4140
-3.8066 3.8737 7.4140
-3.8060 3.9413 7.4140
-3.8025 4.0070 7.4140
-3.8056 4.0810 7.4140
-3.8144 4.1627 7.4140
-3.8107 4.2322 7.4140
-3.8121 4.3087 7.4140
-3.8071 4.3796 7.4140
-3.8123 4.4636 7.4140
-3.8066 4.5365 7.4140
-3.7993 4.6089 7.4140
-3.6702 4.5323 7.4140
-3.5160 4.4202 7.4140
-3.3806 4.3270 7.4140
-3.2496 4.2349 7.4140
-3.0933 4.1050 7.4140
-2.9813 4.0289 7.4140
-2.8490 3.9213 7.4140
-2.7502 3.8557 7.4140
-2.6327 3.7599 7.4140
-2.5664 3.7341 7.4140
-2.4728 3.6660 7.4140
-2.3811 3.5974 7.4140
-2.3419 3.6063 7.4140
-2.3050 3.6181 7.4140
-2.2691 3.6313 7.4140
-2.2243 3.6297 7.4140
-2.1889 3.6430 7.4140
-2.1606 3.6680 7.4140
-2.1195 3.6711 7.4140
-2.0889 3.6920 7.4140
-2.0517 3.7014 7.4140
-2.0193 3.7192 7.4140
-1.4000 2.6329 7.4140
-1.3372 2.5688 7.4140
-1.3070 2.5652 7.4140
-1.2837 2.5747 7.4140
-1.2594 2.5822 7.4140
-1.2390 2.5976 7.4140
-1.2146 2.6047 7.4140
-1.1956 2.6234 7.4140
-1.1917 2.6767 7.4140
-1.3238 3.0446 7.4140
-1.3183 3.1058 7.4140
-1.3141 3.1726 7.4140
-1.3122 3.2479 7.4140
-1.3073 3.3188 7.4140
-1.3113 3.4160 7.4140
-1.3115 3.5078 7.4140
-1.3103 3.6000 7.4140
-1.3089 3.6961 7.4140
-1.3094 3.8029 7.4140
-1.3089 3.9118 7.4140
-1.3109 4.0344 7.4140
-1.3069 4.1449 7.4140
-1.3075 4.2766 7.4140
-1.3090 4.4192 7.4140
-1.3090 4.5650 7.4140
-1.3183 4.7536 7.4140
-3.8161 2.7112 7.4140
-3.8004 2.8566 7.4140
-1.3173 2.5154 7.4140
-1.4115 2.6183 7.4140
-1.4027 2.6713 7.4140
-1.3987 2.7271 7.4140
-1.3754 2.8909 7.4140
-1.3743 2.9501 7.4140
-1.3717 3.0090 7.4140
-1.3685 3.0681 7.4140
-1.3681 3.1294 7.4140
-1.3645 3.1893 7.4140
-1.3628 3.2511 7.4140
-1.3620 3.3141 7.4140
-1.9200 3.7406 7.4140
-1.3609 3.4424 7.4140
-1.3606 3.5078 7.4140
-1.3602 3.5740 7.4140
-1.3608 3.6416 7.4140
-1.3614 3.7101 7.4140
-1.5270 3.8994 7.4140
-1.3650 3.8515 7.4140
-1.3687 3.9250 7.4140
-3.8174 2.7229 7.8502
-3.7927 2.7555 7.8502
-3.7958 2.8088 7.8502
-3.8071 2.8689 7.8502
-3.8319 2.9403 7.8502
-3.8329 2.9946 7.8502
-3.8340 3.0497 7.8502
-3.8383 3.1082 7.8502
-3.8311 3.1581 7.8502
-3.8295 3.2133 7.8502
-3.8286 3.2700 7.8502
-3.8317 3.3308 7.8502
-3.8287 3.3873 7.8502
-3.8160 3.4360 7.8502
-3.8191 3.4996 7.8502
-3.8118 3.5546 7.8502
-3.8162 3.6214 7.8502
-3.8139 3.6831 7.8502
-3.8088 3.7429 7.8502
-3.8141 3.8141 7.8502
-3.8101 3.8772 7.8502
-3.8151 3.9506 7.8502
-3.8169 4.0222 7.8502
-3.8226 4.0992 7.8502
-3.8137 4.1619 7.8502
-3.8120 4.2337 7.8502
-3.8094 4.3057 7.8502
-3.8156 4.3894 7.8502
-3.8116 4.4628 7.8502
-3.8130 4.5442 7.8502
-3.8127 4.6251 7.8502
-3.7124 4.5844 7.8502
-3.5726 4.4914 7.8502
-3.4305 4.3908 7.8502
-3.3025 4.3039 7.8502
-3.1643 4.1992 7.8502
-3.0241 4.0868 7.8502
-2.9207 4.0200 7.8502
-2.7775 3.8939 7.8502
-2.6849 3.8345 7.8502
-2.5936 3.7737 7.8502
-2.4851 3.6842 7.8502
-2.4070 3.6366 7.8502
-2.3654 3.6423 7.8502
-2.3211 3.6435 7.8502
-2.2744 3.6398 7.8502
-2.2358 3.6484 7.8502
-2.1982 3.6584 7.8502
-2.1687 3.6817 7.8502
-2.1315 3.6919 7.8502
-2.1002 3.7121 7.8502
-2.0677 3.7303 7.8502
-2.0346 3.7473 7.8502
-1.3863 2.6073 7.8502
-1.3358 2.5661 7.8502
-1.3066 2.5643 7.8502
-1.2815 2.5703 7.8502
-1.2559 2.5750 7.8502
-1.2347 2.5886 7.8502
-1.2193 2.6147 7.8502
-1.1947 2.6216 7.8502
-1.1974 2.6895 7.8502
-1.3195 3.0346 7.8502
-1.3160 3.1003 7.8502
-1.3141 3.1726 7.8502
-1.3152 3.2553 7.8502
-1.3080 3.3207 7.8502
-1.3220 3.4440 7.8502
-1.3189 3.5275 7.8502
-1.3079 3.5934 7.8502
-1.3079 3.6933 7.8502
-1.3114 3.8085 7.8502
-1.3117 3.9204 7.8502
-1.3112 4.0353 7.8502
-1.3072 4.1458 7.8502
-1.3092 4.2823 7.8502
-1.3113 4.4269 7.8502
-1.3096 4.5670 7.8502
-1.3170 4.7488 7.8502
-1.4408 5.3773 7.8502
-1.4034 5.4265 7.8502
-1.3644 5.4725 7.8502
-3.8180 2.7118 7.8502
-3.7987 3.0090 7.8502
-1.3218 2.5176 7.8502
-1.4000 2.6699 7.8502
-1.4191 2.7377 7.8502
-1.4171 2.7952 7.8502
-1.3771 2.8919 7.8502
-1.3734 2.9496 7.8502
-1.3717 3.0090 7.8502
-1.3694 3.0686 7.8502
-1.3673 3.1289 7.8502
-1.3654 3.1899 7.8502
-1.3636 3.2516 7.8502
-1.3620 3.3141 7.8502
-1.3614 3.3779 7.8502
-1.8629 3.7747 7.8502
-1.3606 3.5078 7.8502
-1.3924 3.5961 7.8502
-1.3614 3.7101 7.8502
-1.3976 3.8053 7.8502
-1.4992 3.9508 7.8502
-1.3679 3.9244 7.8502
-1.3700 3.9977 7.8502
-3.8198 2.7247 8.2863
-3.7983 2.7597 8.2863
-3.8047 2.8153 8.2863
-3.8079 2.8695 8.2863
-3.8351 2.9428 8.2863
-3.8329 2.9946 8.2863
-3.8418 3.0559 8.2863
-3.8329 3.1038 8.2863
-3.8365 3.1626 8.2863
-3.8279 3.2120 8.2863
-3.8309 3.2719 8.2863
-3.8294 3.3288 8.2863
-3.8287 3.3873 8.2863
-3.8287 3.4474 8.2863
-3.8243 3.5043 8.2863
-3.8199 3.5621 8.2863
-3.8191 3.6242 8.2863
-3.8139 3.6831 8.2863
-3.8130 3.7471 8.2863
-3.8163 3.8163 8.2863
-3.8080 3.8751 8.2863
-3.8095 3.9449 8.2863
-3.8149 4.0200 8.2863
-3.8185 4.0948 8.2863
-3.8164 4.1649 8.2863
-3.8114 4.2330 8.2863
-3.8187 4.3162 8.2863
-3.8117 4.3849 8.2863
-3.8136 4.4651 8.2863
-3.8143 4.5457 8.2863
-3.7955 4.6043 8.2863
-3.6834 4.5486 8.2863
-3.5595 4.4750 8.2863
-3.4477 4.4129 8.2863
-3.3579 4.3761 8.2863
-3.2474 4.3094 8.2863
-3.1502 4.2572 8.2863
-3.0377 4.1810 8.2863
-2.9668 4.1593 8.2863
-2.9103 4.1564 8.2863
-2.8366 4.1272 8.2863
-2.7691 4.1054 8.2863
-2.7039 4.0852 8.2863
-2.6540 4.0868 8.2863
-2.6059 4.0904 8.2863
-2.5563 4.0910 8.2863
-2.5143 4.1029 8.2863
-2.2703 3.7784 8.2863
-2.2205 3.7696 8.2863
-2.1845 3.7837 8.2863
-2.1480 3.7965 8.2863
-2.1138 3.8133 8.2863
-2.0737 3.8193 8.2863
-1.3770 2.5897 8.2863
-1.3303 2.5555 8.2863
-1.3066 2.5643 8.2863
-1.2833 2.5738 8.2863
-1.2546 2.5723 8.2863
-1.2321 2.5832 8.2863
-1.2142 2.6038 8.2863
-1.1993 2.6316 8.2863
-1.2056 2.7077 8.2863
-1.3207 3.0373 8.2863
-1.3168 3.1021 8.2863
-1.3168 3.1791 8.2863
-1.3171 3.2600 8.2863
-1.3128 3.3328 8.2863
-1.3220 3.4440 8.2863
-1.3164 3.5210 8.2863
-1.3130 3.6075 8.2863
-1.3115 3.7036 8.2863
-1.3133 3.8142 8.2863
-1.3130 3.9242 8.2863
-1.3109 4.0344 8.2863
-1.3123 4.1620 8.2863
-1.3119 4.2909 8.2863
-1.3119 4.4288 8.2863
-1.3107 4.5708 8.2863
-1.3175 4.7507 8.2863
-1.3500 5.0383 8.2863
-1.3258 5.1263 8.2863
-1.3257 5.3172 8.2863
-1.3696 5.7049 8.2863
-1.3340 5.7780 8.2863
-1.3112 5.9144 8.2863
-3.8161 2.7112 8.2863
-1.3227 2.5180 8.2863
-1.4097 2.6174 8.2863
-1.4009 2.6704 8.2863
-1.4200 2.7382 8.2863
-1.4180 2.7957 8.2863
-1.3789 2.8929 8.2863
-1.3760 2.9511 8.2863
-1.3726 3.0095 8.2863
-1.3703 3.0691 8.2863
-1.3681 3.1294 8.2863
-1.3654 3.1899 8.2863
-2.1599 3.7492 8.2863
-1.3620 3.3141 8.2863
-1.3614 3.3779 8.2863
-1.3910 3.4623 8.2863
-1.3912 3.5285 8.2863
-1.3924 3.5961 8.2863
-1.3936 3.6646 8.2863
-1.3628 3.7800 8.2863
-1.3650 3.8515 8.2863
-1.3671 3.9238 8.2863
-1.3707 3.9983 8.2863
-1.3735 4.0732 8.2863
-3.8345 2.7351 8.7224
-3.8072 2.7661 8.7224
-3.7974 2.8099 8.7224
-3.8063 2.8683 8.7224
-3.8382 2.9452 8.7224
-3.8408 3.0007 8.7224
-3.8379 3.0528 8.7224
-3.8352 3.1057 8.7224
-3.8296 3.1569 8.7224
-3.8394 3.2217 8.7224
-3.8340 3.2745 8.7224
-3.8302 3.3295 8.7224
-3.8309 3.3893 8.7224
-3.8294 3.4480 8.7224
-3.8250 3.5050 8.7224
-3.8162 3.5587 8.7224
-3.8198 3.6249 8.7224
-3.8132 3.6824 8.7224
-3.8123 3.7464 8.7224
-3.8127 3.8127 8.7224
-3.8136 3.8808 8.7224
-3.8151 3.9506 8.7224
-3.8183 4.0237 8.7224
-3.8124 4.0883 8.7224
-3.8178 4.1664 8.7224
-3.8107 4.2322 8.7224
-3.8081 4.3042 8.7224
-3.8078 4.3803 8.7224
-3.8103 4.4613 8.7224
-3.8169 4.5488 8.7224
-3.8177 4.6313 8.7224
-3.7067 4.5774 8.7224
-3.5795 4.5000 8.7224
-3.5025 4.4830 8.7224
-3.4261 4.4650 8.7224
-3.3449 4.4388 8.7224
-3.2608 4.4067 8.7224
-3.1682 4.3606 8.7224
-3.0702 4.3042 8.7224
-2.9837 4.2612 8.7224
-2.9210 4.2500 8.7224
-2.8603 4.2405 8.7224
-2.8105 4.2461 8.7224
-2.7357 4.2126 8.7224
-2.6903 4.2229 8.7224
-2.6432 4.2301 8.7224
-2.5900 4.2265 8.7224
-2.5453 4.2361 8.7224
-2.5027 4.2487 8.7224
-2.4555 4.2531 8.7224
-2.3873 4.2195 8.7224
-2.2325 4.0276 8.7224
-2.1520 3.9635 8.7224
-1.3901 2.6144 8.7224
-1.3428 2.5794 8.7224
-1.3152 2.5812 8.7224
-1.3033 2.6141 8.7224
-1.2682 2.6002 8.7224
-1.2442 2.6085 8.7224
-1.2218 2.6201 8.7224
-1.1980 2.6289 8.7224
-1.2422 2.7900 8.7224
-1.3270 3.0520 8.7224
-1.3242 3.1196 8.7224
-1.3237 3.1957 8.7224
-1.3205 3.2683 8.7224
-1.3201 3.3514 8.7224
-1.3199 3.4384 8.7224
-1.3227 3.5378 8.7224
-1.3205 3.6282 8.7224
-1.3189 3.7244 8.7224
-1.3146 3.8180 8.7224
-1.3146 3.9289 8.7224
-1.3155 4.0486 8.7224
-1.3159 4.1735 8.7224
-1.3160 4.3043 8.7224
-1.3133 4.4336 8.7224
-1.3112 4.5727 8.7224
-1.3212 4.7642 8.7224
-1.3513 5.0431 8.7224
-1.3258 5.1263 8.7224
-1.3398 5.3735 8.7224
-1.3979 5.8226 8.7224
-1.3520 5.8560 8.7224
-1.3129 5.9222 8.7224
-3.8180 2.7118 8.7224
-1.3487 2.5307 8.7224
-1.2853 2.5554 8.7224
-1.4000 2.6699 8.7224
-1.4173 2.7368 8.7224
-1.4171 2.7952 8.7224
-1.3797 2.8933 8.7224
-1.3778 2.9521 8.7224
-1.3726 3.0095 8.7224
-1.3703 3.0691 8.7224
-1.3690 3.1299 8.7224
-1.3662 3.1904 8.7224
-1.3916 3.2691 8.7224
-2.6895 4.1598 8.7224
-1.3614 3.3779 8.7224
-1.3910 3.4623 8.7224
-1.3912 3.5285 8.7224
-1.3924 3.5961 8.7224
-1.3936 3.6646 8.7224
-1.3956 3.7345 8.7224
-1.3976 3.8053 8.7224
-1.4003 3.8776 8.7224
-1.3700 3.9977 8.7224
-1.3743 4.0738 8.7224
-1.3776 4.1503 8.7224
-1.3824 4.2290 8.7224
-3.8369 2.7369 9.1585
-3.8048 2.7644 9.1585
-3.8014 2.8129 9.1585
-3.8055 2.8676 9.1585
-3.8382 2.9452 9.1585
-3.8439 3.0032 9.1585
-3.8418 3.0559 9.1585
-3.8399 3.1095 9.1585
-3.8350 3.1613 9.1585
-3.8341 3.2172 9.1585
-3.8347 3.2752 9.1585
-3.8271 3.3269 9.1585
-3.8249 3.3840 9.1585
-3.8302 3.4487 9.1585
-3.8302 3.5097 9.1585
-3.8228 3.5648 9.1585
-3.8118 3.6173 9.1585
-3.8183 3.6872 9.1585
-3.8123 3.7464 9.1585
-3.8064 3.8064 9.1585
-3.8101 3.8772 9.1585
-3.8158 3.9513 9.1585
-3.8038 4.0084 9.1585
-3.8103 4.0861 9.1585
-3.8103 4.1582 9.1585
-3.8167 4.2389 9.1585
-3.8127 4.3095 9.1585
-3.8143 4.3879 9.1585
-3.8103 4.4613 9.1585
-3.8130 4.5442 9.1585
-3.8107 4.6228 9.1585
-3.8118 4.7072 9.1585
-3.7239 4.6816 9.1585
-3.6084 4.6185 9.1585
-3.5412 4.6149 9.1585
-3.4604 4.5922 9.1585
-3.3816 4.5699 9.1585
-3.3063 4.5507 9.1585
-3.2415 4.5444 9.1585
-3.1759 4.5356 9.1585
-3.1135 4.5302 9.1585
-3.0387 4.5050 9.1585
-2.9567 4.4671 9.1585
-2.8899 4.4500 9.1585
-2.8203 4.4270 9.1585
-2.7651 4.4251 9.1585
-2.7050 4.4141 9.1585
-2.6504 4.4110 9.1585
-2.5961 4.4072 9.1585
-2.5395 4.3985 9.1585
-2.4917 4.4040 9.1585
-2.4449 4.4107 9.1585
-2.3777 4.3791 9.1585
-1.5774 2.9667 9.1585
-1.3548 2.6025 9.1585
-1.3107 2.5723 9.1585
-1.2909 2.5890 9.1585
-1.2686 2.6011 9.1585
-1.2433 2.6067 9.1585
-1.2235 2.6238 9.1585
-1.2039 2.6416 9.1585
-1.1865 2.6648 9.1585
-1.3254 3.0483 9.1585
-1.3242 3.1196 9.1585
-1.3226 3.1929 9.1585
-1.3246 3.2785 9.1585
-1.3238 3.3607 9.1585
-1.3227 3.4458 9.1585
-1.3196 3.5294 9.1585
-1.3205 3.6282 9.1585
-1.3195 3.7263 9.1585
-1.3189 3.8303 9.1585
-1.3206 3.9469 9.1585
-1.3195 4.0610 9.1585
-1.3189 4.1830 9.1585
-1.3192 4.3148 9.1585
-1.3133 4.4336 9.1585
-1.3120 4.5756 9.1585
-1.3207 4.7623 9.1585
-1.4276 5.3280 9.1585
-1.3939 5.3897 9.1585
-1.3574 5.4443 9.1585
-1.3432 5.5950 9.1585
-1.3274 5.7498 9.1585
-3.8180 2.7118 9.1585
-1.3487 2.5307 9.1585
-1.2862 2.5558 9.1585
-1.4009 2.6704 9.1585
-1.4235 2.7400 9.1585
-1.4180 2.7957 9.1585
-1.3815 2.8943 9.1585
-1.3760 2.9511 9.1585
-1.3735 3.0100 9.1585
-1.3711 3.0696 9.1585
-1.3947 3.1453 9.1585
-1.3935 3.2071 9.1585
-1.3925 3.2696 9.1585
-1.3916 3.3329 9.1585
-1.3908 3.3969 9.1585
-1.3910 3.4623 9.1585
-1.3912 3.5285 9.1585
-1.3924 3.5961 9.1585
-1.3936 3.6646 9.1585
-1.3948 3.7339 9.1585
-1.3976 3.8053 9.1585
-1.3995 3.8771 9.1585
-1.4038 3.9515 9.1585
-1.3735 4.0732 9.1585
-1.3769 4.1497 9.1585
-1.3824 4.2290 9.1585
-1.3885 4.3101 9.1585
-1.3944 4.3922 9.1585
-3.8443 2.7421 9.5946
-3.7700 2.7391 9.5946
-3.6881 2.7290 9.5946
-3.6058 2.7172 9.5946
-3.5384 2.7151 9.5946
-3.4775 2.7169 9.5946
-3.4012 2.7054 9.5946
-3.3285 2.6954 9.5946
-3.2671 2.6932 9.5946
-3.1975 2.6830 9.5946
-3.1329 2.6757 9.5946
-3.0762 2.6741 9.5946
-3.0160 2.6684 9.5946
-2.9570 2.6625 9.5946
-2.9063 2.6632 9.5946
-2.8530 2.6605 9.5946
-2.8036 2.6605 9.5946
-2.7443 2.6501 9.5946
-2.6961 2.6494 9.5946
-2.6354 2.6354 9.5946
-2.5906 2.6362 9.5946
-2.5508 2.6414 9.5946
-2.5056 2.6404 9.5946
-2.4675 2.6460 9.5946
-2.4213 2.6424 9.5946
-2.3814 2.6449 9.5946
-2.3450 2.6506 9.5946
-2.3034 2.6498 9.5946
-2.2692 2.6569 9.5946
-2.2298 2.6574 9.5946
-2.1989 2.6675 9.5946
-2.1623 2.6703 9.5946
-2.1278 2.6750 9.5946
-2.0896 2.6745 9.5946
-2.0540 2.6768 9.5946
-2.0149 2.6738 9.5946
-1.9843 2.6817 9.5946
-1.9538 2.6892 9.5946
-1.9163 2.6866 9.5946
-1.8836 2.6901 9.5946
-1.8465 2.6867 9.5946
-1.8151 2.6911 9.5946
-1.7839 2.6951 9.5946
-1.7505 2.6955 9.5946
-1.7194 2.6989 9.5946
-1.6904 2.7053 9.5946
-1.6631 2.7140 9.5946
-1.6311 2.7146 9.5946
-1.6018 2.7193 9.5946
-1.5765 2.7306 9.5946
-1.5452 2.7312 9.5946
-1.5136 2.7306 9.5946
-1.4859 2.7366 9.5946
-1.4572 2.7407 9.5946
-1.3469 2.5874 9.5946
-1.3102 2.5714 9.5946
-1.2877 2.5828 9.5946
-1.2603 2.5840 9.5946
-1.2360 2.5913 9.5946
-1.2176 2.6111 9.5946
-1.1997 2.6325 9.5946
-1.1848 2.6612 9.5946
-1.1719 2.6952 9.5946
-1.6969 3.9978 9.5946
-1.6892 4.0780 9.5946
-1.6850 4.1705 9.5946
-1.6698 4.2390 9.5946
-1.6625 4.3309 9.5946
-1.6533 4.4220 9.5946
-1.6434 4.5152 9.5946
-1.6316 4.6076 9.5946
-1.6226 4.7125 9.5946
-3.7398 2.6841 9.5946
-3.6963 2.7430 9.5946
-3.6628 3.0313 9.5946
-2.2832 2.5991 9.5946
-2.1512 2.6050 9.5946
-2.0423 2.6190 9.5946
-1.9301 2.6296 9.5946
-1.8480 2.6524 9.5946
-1.7299 2.6567 9.5946
-1.3487 2.5307 9.5946
-1.2924 2.5589 9.5946
-1.4241 2.6822 9.5946
-1.3676 2.7109 9.5946
-3.4958 4.6734 9.5946
-3.2149 4.5815 9.5946
-3.0504 4.5607 9.5946
-2.9233 4.5619 9.5946
-2.8016 4.5647 9.5946
-2.6739 4.5611 9.5946
-2.5085 4.5283 9.5946
-2.3749 4.5154 9.5946
-2.2130 4.4790 9.5946
-2.0843 4.4643 9.5946
-1.9872 4.4714 9.5946
-1.9211 4.5011 9.5946
-1.8300 4.5101 9.5946
-1.7321 4.5122 9.5946
-1.6617 4.5352 9.5946
-3.6385 3.4528 10.0308
-3.6460 3.9098 10.0308
-3.6097 3.9393 10.0308
-3.5390 3.9305 10.0308
-3.4708 3.9230 10.0308
-2.6780 3.0807 10.0308
-2.6010 3.0454 10.0308
-2.5718 3.0649 10.0308
-2.5634 3.1096 10.0308
-2.9131 3.5974 10.0308
-3.1020 3.8997 10.0308
-3.0765 3.9377 10.0308
-2.9464 3.8398 10.0308
-2.7978 3.7129 10.0308
-2.7177 3.6728 10.0308
-2.6932 3.7069 10.0308
-2.6288 3.6855 10.0308
-2.6350 3.7632 10.0308
-2.6513 3.8577 10.0308
-2.8452 4.2181 10.0308
-2.8977 4.3779 10.0308
-2.7619 4.2529 10.0308
-2.9267 4.5940 10.0308
-2.8791 4.6074 10.0308
-2.8518 4.6537 10.0308
-2.6535 4.4161 10.0308
-2.2900 3.8877 10.0308
-2.2660 3.9248 10.0308
-2.2164 3.9175 10.0308
-2.1637 3.9034 10.0308
-2.1396 3.9406 10.0308
-2.0962 3.9424 10.0308
-1.5736 3.0229 10.0308
-1.5127 2.9688 10.0308
-1.9137 3.8384 10.0308
-1.8775 3.8495 10.0308
-1.7896 3.7520 10.0308
-1.7458 3.7440 10.0308
-1.7135 3.7600 10.0308
-1.5261 3.4276 10.0308
-1.6424 3.7774 10.0308
-1.6665 3.9260 10.0308
-1.6245 3.9219 10.0308
-1.5902 3.9359 10.0308
-1.5254 3.8724 10.0308
-1.5270 3.9780 10.0308
-1.8789 5.0252 10.0308
-1.8797 5.1646 10.0308
-1.8516 5.2288 10.0308
-1.7958 5.2155 10.0308
-1.7430 5.2091 10.0308
-1.6940 5.2137 10.0308
-1.6440 5.2140 10.0308
-1.5961 5.2205 10.0308
-1.5485 5.2275 10.0308
-1.4984 5.2254 10.0308
-1.4556 5.2489 10.0308
-1.4098 5.2614 10.0308
-1.3761 5.3209 10.0308
-1.3678 5.4861 10.0308
-1.3748 5.7263 10.0308
-3.7052 2.8963 10.0308
-3.6527 3.1036 10.0308
-2.6362 2.9514 10.0308
-2.5603 2.9845 10.0308
-2.7005 3.1900 10.0308
-2.7082 3.2648 10.0308
-2.4380 3.1988 10.0308
-2.6964 3.4026 10.0308
-2.7000 3.4774 10.0308
-1.5348 2.9183 10.0308
-3.1902 3.8969 10.0308
-2.6990 3.6996 10.0308
-2.7158 3.7850 10.0308
-2.7070 3.9339 10.0308
-1.5460 3.3655 10.0308
-2.7266 4.1834 10.0308
-1.7959 3.6600 10.0308
-1.7345 3.6897 10.0308
-1.8331 3.8266 10.0308
-1.7731 3.8578 10.0308
-3.6610 5.2522 10.0308
-1.5543 3.8477 10.0308
-3.8416 5.5810 10.0308
-3.7093 5.2975 10.4669
-3.6346 5.2884 10.4669
-3.5615 5.2801 10.4669
-3.4871 5.2685 10.4669
-3.3664 5.1838 10.4669
-3.3001 5.1801 10.4669
-3.3019 5.2842 10.4669
-3.1961 5.2156 10.4669
-3.1773 5.2879 10.4669
-3.1229 5.3016 10.4669
-2.9905 5.1797 10.4669
-2.9417 5.1995 10.4669
-2.5661 4.6294 10.4669
-2.9197 5.3775 10.4669
-2.9159 5.4840 10.4669
-2.4797 5.1989 10.4669
-2.2927 4.9167 10.4669
-2.1456 4.7081 10.4669
-1.7473 3.9246 10.4669
-1.7086 3.9296 10.4669
-1.6895 3.9803 10.4669
-2.1587 5.2116 10.4669
-2.1162 5.2377 10.4669
-2.1129 5.3639 10.4669
-2.0040 5.2206 10.4669
-1.9535 5.2248 10.4669
-1.9003 5.2209 10.4669
-1.8453 5.2109 10.4669
-1.7955 5.2145 10.4669
-1.7474 5.2224 10.4669
-1.6946 5.2156 10.4669
-1.6437 5.2130 10.4669
-1.5928 5.2099 10.4669
-1.5439 5.2121 10.4669
-1.4953 5.2148 10.4669
-1.4463 5.2152 10.4669
-1.4038 5.2392 10.4669
-1.3646 5.2764 10.4669
-1.3475 5.4045 10.4669
-1.3400 5.5814 10.4669
-1.7748 3.8589 10.4669
-1.7130 3.8883 10.4669
-2.5646 4.5684 10.4669
-3.3190 5.2013 10.4669
-3.2163 5.2214 10.4669
-3.0299 5.1768 10.4669
-2.8051 5.0990 10.4669
-3.0527 5.3852 10.4669
-2.2800 4.9559 10.4669
-2.1447 4.9334 10.4669
-2.5672 5.3763 10.4669
-2.1426 5.2006 10.4669
-2.0078 5.1737 10.4669
-1.9075 5.1751 10.4669
-1.8061 5.1737 10.4669
-1.7007 5.1668 10.4669
-1.6010 5.1633 10.4669
-1.5292 5.1849 10.4669
-1.4552 5.2036 10.4669
-3.6933 5.2745 10.9030
-3.6216 5.2695 10.9030
-3.5531 5.2677 10.9030
-3.4904 5.2735 10.9030
-3.4176 5.2627 10.9030
-3.3560 5.2678 10.9030
-3.2876 5.2613 10.9030
-3.2118 5.2412 10.9030
-3.1108 5.1773 10.9030
-3.0955 5.2551 10.9030
-3.0100 5.2135 10.9030
-2.9156 5.1534 10.9030
-2.8027 5.0562 10.9030
-2.5509 4.6982 10.9030
-2.7877 5.2429 10.9030
-2.7285 5.2413 10.9030
-2.6695 5.2391 10.9030
-2.6125 5.2398 10.9030
-2.5518 5.2319 10.9030
-2.4995 5.2404 10.9030
-2.4419 5.2366 10.9030
-2.3787 5.2195 10.9030
-2.2875 5.1378 10.9030
-2.2298 5.1282 10.9030
-2.2088 5.2036 10.9030
-2.1545 5.2014 10.9030
-2.1098 5.2219 10.9030
-2.1129 5.3639 10.9030
-2.0101 5.2365 10.9030
-1.9531 5.2238 10.9030
-1.8982 5.2153 10.9030
-1.8490 5.2213 10.9030
-1.7939 5.2098 10.9030
-1.7426 5.2082 10.9030
-1.6909 5.2042 10.9030
-1.6208 5.1405 10.9030
-1.5057 4.9250 10.9030
-1.4408 4.8641 10.9030
-1.3589 4.7390 10.9030
-1.3859 4.9974 10.9030
-1.3528 5.0489 10.9030
-1.3643 5.2754 10.9030
-1.3485 5.4084 10.9030
-1.3446 5.6009 10.9030
-3.6925 5.1770 10.9030
-3.5553 5.1782 10.9030
-2.4678 4.4993 10.9030
-3.2769 5.1707 10.9030
-2.6528 4.8044 10.9030
-2.9588 5.1233 10.9030
-2.8131 5.1051 10.9030
-2.8218 5.2048 10.9030
-2.6189 5.1376 10.9030
-2.4225 5.1624 10.9030
-2.2248 5.0889 10.9030
-2.1396 5.1980 10.9030
-2.0116 5.1771 10.9030
-1.8748 5.1456 10.9030
-1.8039 5.1716 10.9030
-1.6993 5.1655 10.9030
-1.6003 5.1627 10.9030
-1.5270 5.1828 10.9030
-1.4573 5.2057 10.9030
-3.7209 2.2802 11.3391
-3.6220 2.2633 11.3391
-3.5304 2.2491 11.3391
-3.4453 2.2374 11.3391
-3.3739 2.2331 11.3391
-3.3103 2.2329 11.3391
-3.2619 2.2418 11.3391
-3.3331 2.3339 11.3391
-3.4388 2.4529 11.3391
-3.3995 2.4699 11.3391
-3.3392 2.4709 11.3391
-3.2816 2.4729 11.3391
-3.2551 2.4977 11.3391
-3.2253 2.5199 11.3391
-3.2150 2.5573 11.3391
-3.1832 2.5777 11.3391
-3.1459 2.5933 11.3391
-3.1071 2.6071 11.3391
-3.0644 2.6173 11.3391
-3.0309 2.6347 11.3391
-2.9951 2.6498 11.3391
-2.9510 2.6571 11.3391
-2.9174 2.6733 11.3391
-2.8654 2.6721 11.3391
-2.8326 2.6880 11.3391
-2.7838 2.6883 11.3391
-2.7268 2.6796 11.3391
-2.6693 2.6693 11.3391
-2.6074 2.6533 11.3391
-2.2368 2.3163 11.3391
-2.1043 2.2175 11.3391
-2.0692 2.2189 11.3391
-2.0335 2.2192 11.3391
-1.9947 2.2153 11.3391
-1.9633 2.2192 11.3391
-1.9268 2.2166 11.3391
-1.8996 2.2242 11.3391
-1.8641 2.2215 11.3391
-1.8306 2.2207 11.3391
-1.7999 2.2226 11.3391
-1.7723 2.2281 11.3391
-1.7411 2.2285 11.3391
-1.7143 2.2341 11.3391
-1.6839 2.2346 11.3391
-1.6607 2.2444 11.3391
-1.6299 2.2434 11.3391
-1.5998 2.2429 11.3391
-1.5727 2.2461 11.3391
-1.5457 2.2490 11.3391
-1.5249 2.2608 11.3391
-1.5112 2.2832 11.3391
-1.5070 2.3206 11.3391
-1.5050 2.3623 11.3391
-1.5293 2.4475 11.3391
-1.4985 2.4454 11.3391
-1.4709 2.4481 11.3391
-1.4455 2.4539 11.3391
-1.4240 2.4664 11.3391
-1.4206 2.5110 11.3391
-1.4084 2.5408 11.3391
-1.3947 2.5688 11.3391
-1.3901 2.6144 11.3391
-1.3931 2.6761 11.3391
-1.4264 2.7995 11.3391
-1.4037 2.8155 11.3391
-1.3988 2.8681 11.3391
-1.3880 2.9099 11.3391
-1.3938 2.9890 11.3391
-1.4104 3.0948 11.3391
-1.4053 3.1563 11.3391
-1.3968 3.2125 11.3391
-1.3973 3.2917 11.3391
-1.3830 3.3389 11.3391
-1.3834 3.4241 11.3391
-1.3744 3.4891 11.3391
-1.3697 3.5681 11.3391
-1.3623 3.6437 11.3391
-1.3643 3.7484 11.3391
-1.3519 3.8177 11.3391
-1.3579 3.9438 11.3391
-1.3577 4.0579 11.3391
-1.3560 4.1732 11.3391
-1.3484 4.2765 11.3391
-1.3475 4.4076 11.3391
-1.3519 4.5640 11.3391
-1.3426 4.6823 11.3391
-1.3298 4.7950 11.3391
-1.3241 4.9417 11.3391
-1.3801 5.3364 11.3391
-1.3724 5.5045 11.3391
-1.3568 5.6514 11.3391
-1.3520 5.8560 11.3391
-3.4595 2.1622 11.3391
-3.3839 2.2086 11.3391
-3.3501 2.2670 11.3391
-3.8170 2.4879 11.3391
-3.2939 2.4564 11.3391
-2.0585 2.1469 11.3391
-1.9196 2.1534 11.3391
-1.8063 2.1674 11.3391
-1.6839 2.1759 11.3391
-1.5933 2.1952 11.3391
-1.9915 2.4155 11.3391
-1.4842 2.2600 11.3391
-2.2080 2.6298 11.3391
-2.2780 2.7239 11.3391
-2.3277 2.8108 11.3391
-3.6377 2.5001 11.7752
-3.5543 2.4887 11.7752
-3.4917 2.4906 11.7752
-3.4165 2.4822 11.7752
-3.3175 2.4548 11.7752
-3.2944 2.4825 11.7752
-3.2139 2.4661 11.7752
-3.1623 2.4706 11.7752
-3.1085 2.4726 11.7752
-3.0534 2.4726 11.7752
-2.9839 2.4597 11.7752
-2.9263 2.4554 11.7752
-2.8698 2.4510 11.7752
-2.8113 2.4438 11.7752
-2.7629 2.4444 11.7752
-2.7095 2.4397 11.7752
-2.6653 2.4423 11.7752
-2.6197 2.4429 11.7752
-2.5831 2.4512 11.7752
-2.5378 2.4508 11.7752
-2.5056 2.4623 11.7752
-2.4643 2.4643 11.7752
-2.4202 2.4629 11.7752
-2.3820 2.4666 11.7752
-2.3356 2.4612 11.7752
-2.3011 2.4676 11.7752
-2.2585 2.4647 11.7752
-2.2208 2.4665 11.7752
-2.1774 2.4611 11.7752
-2.1427 2.4649 11.7752
-2.1036 2.4630 11.7752
-2.0678 2.4644 11.7752
-2.0297 2.4623 11.7752
-2.0056 2.4768 11.7752
-1.9715 2.4785 11.7752
-1.9350 2.4767 11.7752
-1.8987 2.4745 11.7752
-1.8692 2.4806 11.7752
-1.8350 2.4799 11.7752
-1.7992 2.4764 11.7752
-1.7665 2.4765 11.7752
-1.7333 2.4755 11.7752
-1.6958 2.4674 11.7752
-1.6686 2.4738 11.7752
-1.6453 2.4858 11.7752
-1.6372 2.5210 11.7752
-1.6006 2.5125 11.7752
-1.5516 2.4831 11.7752
-1.5210 2.4820 11.7752
-1.4972 2.4918 11.7752
-1.4688 2.4936 11.7752
-1.4420 2.4976 11.7752
-1.4123 2.4962 11.7752
-1.4026 2.5303 11.7752
-1.4100 2.5969 11.7752
-1.4028 2.6382 11.7752
-1.3973 2.6841 11.7752
-1.3942 2.7363 11.7752
-1.4113 2.8307 11.7752
-1.4041 2.8788 11.7752
-1.3961 2.9271 11.7752
-1.4162 3.0370 11.7752
-1.4187 3.1130 11.7752
-1.4142 3.1764 11.7752
-1.4036 3.2281 11.7752
-1.3988 3.2954 11.7752
-1.3911 3.3583 11.7752
-1.3879 3.4352 11.7752
-1.3780 3.4984 11.7752
-1.3765 3.5859 11.7752
-1.3767 3.6821 11.7752
-1.3736 3.7738 11.7752
-1.3593 3.8384 11.7752
-1.3573 3.9419 11.7752
-1.3527 4.0427 11.7752
-1.3498 4.1542 11.7752
-1.3484 4.2765 11.7752
-1.3490 4.4124 11.7752
-1.3479 4.5506 11.7752
-1.3393 4.6708 11.7752
-1.3298 4.7950 11.7752
-1.3202 4.9272 11.7752
-1.3859 5.3587 11.7752
-1.3898 5.5743 11.7752
-1.3799 5.7477 11.7752
-3.4261 2.3609 11.7752
-3.2449 2.3706 11.7752
-2.9734 2.3460 11.7752
-2.7557 2.3356 11.7752
-2.5960 2.3425 11.7752
-2.4544 2.3534 11.7752
-2.3795 2.3874 11.7752
-2.2496 2.3988 11.7752
-2.1209 2.4083 11.7752
-1.9832 2.4121 11.7752
-1.8174 2.4014 11.7752
-1.7036 2.4104 11.7752
-1.6084 2.4258 11.7752
-1.5206 2.4430 11.7752
-1.4547 2.4689 11.7752
-3.5658 2.5435 12.2114
-3.5063 2.5475 12.2114
-3.4373 2.5435 12.2114
-3.3239 2.5048 12.2114
-3.0203 2.3176 12.2114
-2.9629 2.3149 12.2114
-2.9137 2.3176 12.2114
-2.8677 2.3222 12.2114
-2.8049 2.3121 12.2114
-2.7455 2.3038 12.2114
-2.7017 2.3075 12.2114
-2.6611 2.3133 12.2114
-2.6094 2.3086 12.2114
-2.5638 2.3085 12.2114
-2.5370 2.3247 12.2114
-2.4932 2.3249 12.2114
-2.4532 2.3280 12.2114
-2.4012 2.3188 12.2114
-2.3637 2.3228 12.2114
-2.3193 2.3193 12.2114
-2.2822 2.3223 12.2114
-2.2653 2.3458 12.2114
-2.2612 2.3829 12.2114
-2.2581 2.4215 12.2114
-2.2484 2.4537 12.2114
-2.2295 2.4762 12.2114
-2.2337 2.5247 12.2114
-2.1893 2.5185 12.2114
-2.1484 2.5154 12.2114
-2.1109 2.5157 12.2114
-2.0730 2.5147 12.2114
-2.0421 2.5218 12.2114
-2.0113 2.5286 12.2114
-1.9818 2.5366 12.2114
-1.9450 2.5348 12.2114
-1.9174 2.5445 12.2114
-1.8737 2.5321 12.2114
-1.8345 2.5249 12.2114
-1.8060 2.5319 12.2114
-1.7683 2.5254 12.2114
-1.7377 2.5284 12.2114
-1.7083 2.5327 12.2114
-1.6806 2.5392 12.2114
-1.6584 2.5538 12.2114
-1.6302 2.5588 12.2114
-1.6078 2.5730 12.2114
-1.5910 2.5963 12.2114
-1.5729 2.6178 12.2114
-1.5500 2.6314 12.2114
-1.5320 2.6535 12.2114
-1.5191 2.6850 12.2114
-1.5058 2.7166 12.2114
-1.4821 2.7296 12.2114
-1.4610 2.7477 12.2114
-1.4434 2.7728 12.2114
-1.4423 2.8307 12.2114
-1.4292 2.8665 12.2114
-1.4216 2.9148 12.2114
-1.4220 2.9812 12.2114
-1.4238 3.0534 12.2114
-1.4241 3.1248 12.2114
-1.4150 3.1782 12.2114
-1.4295 3.2877 12.2114
-1.3418 3.1610 12.2114
-1.3153 3.1754 12.2114
-1.2875 3.1867 12.2114
-1.2641 3.2090 12.2114
-1.2432 3.2386 12.2114
-1.3595 3.6362 12.2114
-1.4013 3.8499 12.2114
-1.3830 3.9054 12.2114
-1.3619 3.9551 12.2114
-1.3574 4.0569 12.2114
-1.3550 4.1704 12.2114
-1.3478 4.2746 12.2114
-1.3414 4.3875 12.2114
-1.3519 4.5640 12.2114
-1.3457 4.6929 12.2114
-1.3295 4.7941 12.2114
-1.3257 4.9475 12.2114
-1.4059 5.4361 12.2114
-1.3719 5.5025 12.2114
-1.3292 5.5367 12.2114
-1.3252 5.7400 12.2114
-2.9111 2.2589 12.2114
-2.6727 2.2425 12.2114
-2.5360 2.2579 12.2114
-2.3441 2.2508 12.2114
-2.2989 2.2953 12.2114
-2.0858 2.4545 12.2114
-1.9776 2.4694 12.2114
-1.8384 2.4691 12.2114
-1.7235 2.4770 12.2114
-1.6662 2.5093 12.2114
-3.4980 2.6359 12.6475
-3.4368 2.6372 12.6475
-3.3798 2.6406 12.6475
-3.3159 2.6376 12.6475
-3.2555 2.6362 12.6475
-3.1791 2.6206 12.6475
-2.8773 2.4143 12.6475
-2.8257 2.4133 12.6475
-2.7720 2.4097 12.6475
-2.7150 2.4020 12.6475
-2.6798 2.4129 12.6475
-2.6409 2.4200 12.6475
-2.5839 2.4095 12.6475
-2.5468 2.4168 12.6475
-2.5019 2.4160 12.6475
-2.4714 2.4287 12.6475
-2.4416 2.4416 12.6475
-2.4083 2.4507 12.6475
-2.3848 2.4695 12.6475
-2.4313 2.5620 12.6475
-2.4368 2.6131 12.6475
-2.3990 2.6181 12.6475
-2.3600 2.6211 12.6475
-2.3205 2.6228 12.6475
-2.2811 2.6241 12.6475
-2.2367 2.6188 12.6475
-2.1983 2.6199 12.6475
-2.1690 2.6312 12.6475
-2.1246 2.6236 12.6475
-2.0829 2.6186 12.6475
-2.0545 2.6296 12.6475
-2.0162 2.6276 12.6475
-1.9788 2.6259 12.6475
-1.9474 2.6318 12.6475
-1.9138 2.6342 12.6475
-1.8768 2.6312 12.6475
-1.8395 2.6270 12.6475
-1.8023 2.6224 12.6475
-1.7687 2.6222 12.6475
-1.7403 2.6292 12.6475
-1.7189 2.6468 12.6475
-1.6903 2.6533 12.6475
-1.6613 2.6586 12.6475
-1.6433 2.6816 12.6475
-1.6193 2.6949 12.6475
-1.5952 2.7081 12.6475
-1.5765 2.7306 12.6475
-1.5580 2.7538 12.6475
-1.5417 2.7813 12.6475
-1.5212 2.8017 12.6475
-1.4971 2.8157 12.6475
-1.4864 2.8553 12.6475
-1.4741 2.8931 12.6475
-1.4649 2.9381 12.6475
-1.4589 2.9912 12.6475
-1.4616 3.0643 12.6475
-1.4517 3.1132 12.6475
-1.4353 3.1494 12.6475
-1.4525 3.2623 12.6475
-1.4654 3.3702 12.6475
-1.4887 3.5071 12.6475
-1.5147 3.6567 12.6475
-1.4482 3.5845 12.6475
-1.4546 3.6928 12.6475
-1.4417 3.7558 12.6475
-1.2208 3.2652 12.6475
-1.1670 3.2062 12.6475
-1.1426 3.2267 12.6475
-1.1297 3.2809 12.6475
-1.1296 3.3760 12.6475
-1.1879 3.6559 12.6475
-1.3219 4.1925 12.6475
-1.3122 4.2919 12.6475
-1.3678 4.6177 12.6475
-1.3619 4.7496 12.6475
-1.3389 4.8278 12.6475
-1.3358 4.9851 12.6475
-1.3243 5.1205 12.6475
-1.3257 5.3172 12.6475
-1.3309 5.5435 12.6475
-1.3268 5.7468 12.6475
-2.7330 2.3276 12.6475
-2.5734 2.3343 12.6475
-2.4554 2.3537 12.6475
-2.4019 2.3960 12.6475
-3.8155 3.0156 12.6475
-2.1810 2.5558 12.6475
-2.0484 2.5604 12.6475
-1.9108 2.5604 12.6475
-1.8008 2.5707 12.6475
-1.7075 2.5868 12.6475
-1.5470 2.7448 12.6475
-3.8461 4.0867 12.6475
-3.4787 3.1322 13.0836
-3.3185 3.0408 13.0836
-3.2604 3.0403 13.0836
-3.1938 3.0308 13.0836
-3.1486 3.0405 13.0836
-3.0698 3.0167 13.0836
-3.0186 3.0186 13.0836
-2.9613 3.0135 13.0836
-2.9037 3.0068 13.0836
-2.8512 3.0045 13.0836
-2.7846 2.9861 13.0836
-2.7422 2.9926 13.0836
-2.7026 3.0016 13.0836
-2.6492 2.9943 13.0836
-2.6019 2.9932 13.0836
-2.5634 3.0013 13.0836
-2.5178 3.0006 13.0836
-2.4737 3.0008 13.0836
-2.4323 3.0037 13.0836
-2.3905 3.0052 13.0836
-2.3506 3.0086 13.0836
-2.3078 3.0076 13.0836
-2.2700 3.0125 13.0836
-2.2312 3.0153 13.0836
-2.2001 3.0282 13.0836
-2.1503 3.0147 13.0836
-2.1211 3.0292 13.0836
-2.0923 3.0443 13.0836
-2.0573 3.0500 13.0836
-2.0140 3.0428 13.0836
-1.9841 3.0553 13.0836
-1.9595 3.0758 13.0836
-1.9252 3.0810 13.0836
-1.9076 3.1130 13.0836
-1.8845 3.1364 13.0836
-1.8439 3.1303 13.0836
-1.8360 3.1800 13.0836
-1.8092 3.1977 13.0836
-1.7739 3.2002 13.0836
-1.7507 3.2244 13.0836
-1.7225 3.2395 13.0836
-1.7006 3.2669 13.0836
-1.6371 3.2130 13.0836
-1.5345 3.0777 13.0836
-1.5111 3.0981 13.0836
-1.4934 3.1311 13.0836
-1.4813 3.1766 13.0836
-1.6111 3.5352 13.0836
-1.5948 3.5820 13.0836
-1.5527 3.5710 13.0836
-1.5305 3.6056 13.0836
-1.4848 3.5847 13.0836
-1.4726 3.6448 13.0836
-1.4546 3.6928 13.0836
-1.4449 3.7642 13.0836
-1.4327 3.8319 13.0836
-1.4290 3.9260 13.0836
-1.4424 4.0732 13.0836
-1.4260 4.1414 13.0836
-1.4203 4.2447 13.0836
-1.4162 4.3587 13.0836
-1.4121 4.4787 13.0836
-1.4098 4.6113 13.0836
-1.4269 4.8171 13.0836
-1.4182 4.9457 13.0836
-1.4043 5.0639 13.0836
-1.3937 5.2015 13.0836
-1.3743 5.3142 13.0836
-1.3773 5.5239 13.0836
-1.3619 5.6728 13.0836
-1.3711 5.9388 13.0836
-3.2594 2.8684 13.0836
-3.0466 2.8525 13.0836
-2.8788 2.8519 13.0836
-2.7069 2.8467 13.0836
-2.5822 2.8594 13.0836
-2.4551 2.8688 13.0836
-2.3510 2.8869 13.0836
-2.2714 2.9150 13.0836
-2.1639 2.9283 13.0836
-2.0782 2.9507 13.0836
-1.9934 2.9723 13.0836
-1.9389 3.0083 13.0836
-1.8806 3.0417 13.0836
-1.8196 3.0729 13.0836
-1.6124 3.0223 13.0836
-1.5527 3.0511 13.0836
-3.8056 4.6852 13.0836
