-2.8774 2.7786 0.0000
-2.8387 2.7896 0.0000
-2.8475 2.8475 0.0000
-2.8359 2.8858 0.0000
-2.8412 2.9421 0.0000
-2.8539 3.0074 0.0000
-2.8385 3.0439 0.0000
-2.8429 3.1025 0.0000
-2.8438 3.1584 0.0000
-2.8387 3.2085 0.0000
-2.8388 3.2656 0.0000
-2.8452 3.3313 0.0000
-2.8540 3.4012 0.0000
-2.8554 3.4638 0.0000
-2.8571 3.5282 0.0000
-2.8605 3.5961 0.0000
-2.8548 3.6540 0.0000
-2.8508 3.7153 0.0000
-2.8460 3.7767 0.0000
-2.8415 3.8400 0.0000
-2.8396 3.9084 0.0000
-2.8420 3.9843 0.0000
-2.8461 4.0646 0.0000
-2.8303 4.1182 0.0000
-2.8301 4.1958 0.0000
-2.8276 4.2720 0.0000
-2.8256 4.3510 0.0000
-2.8235 4.4320 0.0000
-2.8271 4.5243 0.0000
-2.7807 4.5378 0.0000
-2.7390 4.5584 0.0000
-2.6798 4.5494 0.0000
-2.6395 4.5717 0.0000
-2.5882 4.5746 0.0000
-2.5351 4.5734 0.0000
-2.4812 4.5698 0.0000
-2.4272 4.5648 0.0000
-2.3785 4.5690 0.0000
-2.3276 4.5682 0.0000
-2.2756 4.5642 0.0000
-2.2256 4.5632 0.0000
-2.1831 4.5770 0.0000
-2.1296 4.5669 0.0000
-2.0822 4.5689 0.0000
-2.0333 4.5668 0.0000
-1.9870 4.5697 0.0000
-1.9388 4.5675 0.0000
-1.8912 4.5658 0.0000
-1.8524 4.5849 0.0000
-1.8058 4.5842 0.0000
-1.7650 4.5979 0.0000
-1.7164 4.5906 0.0000
-1.6680 4.5829 0.0000
-1.6260 4.5916 0.0000
-1.5839 4.5999 0.0000
-1.5358 4.5899 0.0000
-1.4941 4.5984 0.0000
-1.4512 4.6026 0.0000
-1.4110 4.6151 0.0000
-1.3709 4.6282 0.0000
-1.3300 4.6381 0.0000
-1.2878 4.6437 0.0000
-1.2480 4.6577 0.0000
-1.2043 4.6568 0.0000
-1.1624 4.6623 0.0000
-1.1217 4.6722 0.0000
-1.0822 4.6877 0.0000
-1.0376 4.6804 0.0000
-0.9951 4.6814 0.0000
-0.9556 4.6968 0.0000
-0.9132 4.6981 0.0000
-0.5463 2.9478 0.0000
-0.4940 2.8018 0.0000
-0.4753 2.8405 0.0000
-0.4305 2.7181 0.0000
-0.4080 2.7297 0.0000
-0.3964 2.8203 0.0000
-0.3698 2.8088 0.0000
-0.3381 2.7533 0.0000
-0.3107 2.7274 0.0000
-0.2855 2.7160 0.0000
-0.2619 2.7204 0.0000
-0.2391 2.7326 0.0000
-0.2163 2.7485 0.0000
-0.1925 2.7533 0.0000
-2.8941 2.7208 0.0000
-2.9200 2.8001 0.0000
-2.8281 2.8305 0.0000
-2.7821 2.8794 0.0000
-2.9292 3.1565 0.0000
-2.9402 3.2340 0.0000
-2.9302 3.3755 0.0000
-2.9441 3.4567 0.0000
-2.9155 3.6679 0.0000
-2.9201 3.8247 0.0000
-2.9195 3.9816 0.0000
-2.9325 4.1502 0.0000
-0.4655 2.6904 0.0000
-0.3559 2.6731 0.0000
-0.2946 2.6851 0.0000
-0.4586 2.8994 0.0000
-0.4570 2.9532 0.0000
-0.4548 3.0073 0.0000
-0.4512 3.0609 0.0000
-0.4559 3.1211 0.0000
-0.4510 3.1752 0.0000
-0.4535 3.2354 0.0000
-0.4528 3.2940 0.0000
-0.4515 3.3529 0.0000
-1.8276 4.5083 0.0000
-0.4172 3.4474 0.0000
-1.6671 4.5397 0.0000
-0.4169 3.5720 0.0000
-0.4175 3.6363 0.0000
-0.4173 3.7008 0.0000
-1.3405 4.5833 0.0000
-0.4182 3.8341 0.0000
-0.4185 3.9022 0.0000
-0.4194 3.9720 0.0000
-0.4201 4.0427 0.0000
-0.4214 4.1152 0.0000
-0.4224 4.1886 0.0000
-0.4253 4.2653 0.0000
-0.4264 4.3416 0.0000
-0.4280 4.4196 0.0000
-0.4299 4.4995 0.0000
-0.4341 4.5834 0.0000
-0.4338 4.6640 0.0000
-2.8932 2.7939 0.4101
-2.8252 2.7763 0.4101
-2.8136 2.8136 0.4101
-2.7966 2.8459 0.4101
-2.7911 2.8903 0.4101
-2.8560 3.0096 0.4101
-2.8992 3.1090 0.4101
-2.8949 3.1592 0.4101
-2.8973 3.2178 0.4101
-2.8930 3.2699 0.4101
-2.8867 3.3207 0.4101
-2.8861 3.3792 0.4101
-2.8835 3.4365 0.4101
-2.8776 3.4908 0.4101
-2.8722 3.5469 0.4101
-2.8729 3.6117 0.4101
-2.8745 3.6792 0.4101
-2.8715 3.7422 0.4101
-2.8683 3.8063 0.4101
-2.8617 3.8674 0.4101
-2.8608 3.9375 0.4101
-2.8571 4.0054 0.4101
-2.8564 4.0794 0.4101
-2.8502 4.1470 0.4101
-2.8485 4.2231 0.4101
-2.8497 4.3054 0.4101
-2.8392 4.3720 0.4101
-2.7897 4.3789 0.4101
-2.7339 4.3751 0.4101
-2.6846 4.3809 0.4101
-2.6308 4.3784 0.4101
-2.5712 4.3650 0.4101
-2.5195 4.3639 0.4101
-2.4661 4.3587 0.4101
-2.4090 4.3460 0.4101
-2.3662 4.3581 0.4101
-2.3112 4.3468 0.4101
-2.2621 4.3455 0.4101
-2.2155 4.3481 0.4101
-2.1600 4.3324 0.4101
-2.1042 4.3142 0.4101
-2.0510 4.2999 0.4101
-1.9935 4.2751 0.4101
-1.9466 4.2714 0.4101
-1.9047 4.2781 0.4101
-1.8538 4.2634 0.4101
-1.8103 4.2647 0.4101
-1.7695 4.2720 0.4101
-1.7273 4.2752 0.4101
-1.6848 4.2771 0.4101
-1.6388 4.2693 0.4101
-1.5983 4.2750 0.4101
-1.5606 4.2878 0.4101
-1.5185 4.2881 0.4101
-1.4758 4.2860 0.4101
-1.4380 4.2978 0.4101
-1.3980 4.3026 0.4101
-1.3604 4.3146 0.4101
-1.3198 4.3168 0.4101
-1.2803 4.3224 0.4101
-1.2437 4.3372 0.4101
-1.2068 4.3518 0.4101
-1.1681 4.3592 0.4101
-1.1297 4.3683 0.4101
-1.0899 4.3712 0.4101
-1.0559 4.3980 0.4101
-1.0204 4.4197 0.4101
-0.9842 4.4392 0.4101
-0.9466 4.4535 0.4101
-0.9087 4.4665 0.4101
-0.8703 4.4772 0.4101
-0.5542 2.9901 0.4101
-0.4850 2.7506 0.4101
-0.4618 2.7596 0.4101
-0.4308 2.7201 0.4101
-0.4035 2.7000 0.4101
-0.3767 2.6807 0.4101
-0.3533 2.6838 0.4101
-0.3284 2.6749 0.4101
-0.3051 2.6777 0.4101
-0.2816 2.6792 0.4101
-0.2587 2.6866 0.4101
-0.2370 2.7087 0.4101
-0.2143 2.7226 0.4101
-0.1917 2.7413 0.4101
-2.8459 2.7013 0.4101
-2.8720 2.7802 0.4101
-2.9563 2.9551 0.4101
-2.9110 3.5896 0.4101
-2.9304 3.6760 0.4101
-2.9011 3.8920 0.4101
-2.8973 4.0482 0.4101
-0.3994 2.6491 0.4101
-0.3297 2.6564 0.4101
-0.4674 2.7973 0.4101
-0.4249 2.9312 0.4101
-0.4261 2.9872 0.4101
-0.4520 3.0615 0.4101
-0.4502 3.1170 0.4101
-0.4510 3.1752 0.4101
-0.4503 3.2330 0.4101
-0.4497 3.2916 0.4101
-0.4491 3.3510 0.4101
-0.4495 3.4120 0.4101
-1.3848 4.2309 0.4101
-0.4178 3.5099 0.4101
-0.4498 3.5996 0.4101
-1.1924 4.2980 0.4101
-0.4173 3.7008 0.4101
-1.0604 4.3355 0.4101
-0.4182 3.8341 0.4101
-0.4185 3.9022 0.4101
-0.4194 3.9720 0.4101
-0.4201 4.0427 0.4101
-0.4214 4.1152 0.4101
-0.4231 4.1893 0.4101
-0.4239 4.2639 0.4101
-0.4257 4.3408 0.4101
-0.4273 4.4189 0.4101
-0.4306 4.5002 0.4101
-0.4314 4.5805 0.4101
-2.9044 2.7562 0.8201
-2.8579 2.7599 0.8201
-2.7888 2.7406 0.8201
-2.8624 2.8624 0.8201
-2.8576 2.9079 0.8201
-2.8981 3.0011 0.8201
-2.9035 3.0596 0.8201
-2.8930 3.1024 0.8201
-2.8983 3.1629 0.8201
-2.8866 3.2059 0.8201
-2.8943 3.2714 0.8201
-2.8926 3.3275 0.8201
-2.8881 3.3815 0.8201
-2.8938 3.4487 0.8201
-2.8922 3.5086 0.8201
-2.8905 3.5694 0.8201
-2.8866 3.6290 0.8201
-2.8831 3.6903 0.8201
-2.8819 3.7557 0.8201
-2.8797 3.8215 0.8201
-2.8778 3.8891 0.8201
-2.8678 3.9472 0.8201
-2.8652 4.0168 0.8201
-2.8616 4.0867 0.8201
-2.8649 4.1684 0.8201
-2.8139 4.1717 0.8201
-2.7591 4.1686 0.8201
-2.7009 4.1590 0.8201
-2.6419 4.1470 0.8201
-2.5834 4.1342 0.8201
-2.5263 4.1225 0.8201
-2.4670 4.1058 0.8201
-2.4042 4.0815 0.8201
-2.3510 4.0721 0.8201
-2.2986 4.0628 0.8201
-2.2374 4.0364 0.8201
-2.1811 4.0171 0.8201
-2.1272 4.0006 0.8201
-2.0746 3.9853 0.8201
-2.0275 3.9792 0.8201
-1.9851 3.9816 0.8201
-1.9472 3.9924 0.8201
-1.9046 3.9930 0.8201
-1.8621 3.9932 0.8201
-1.8217 3.9975 0.8201
-1.7815 4.0013 0.8201
-1.7362 3.9929 0.8201
-1.6966 3.9968 0.8201
-1.6528 3.9902 0.8201
-1.6142 3.9952 0.8201
-1.5749 3.9980 0.8201
-1.5367 4.0032 0.8201
-1.5010 4.0146 0.8201
-1.4628 4.0191 0.8201
-1.4257 4.0260 0.8201
-1.3889 4.0336 0.8201
-1.3533 4.0446 0.8201
-1.3149 4.0467 0.8201
-1.2762 4.0476 0.8201
-1.2426 4.0643 0.8201
-1.2042 4.0654 0.8201
-1.1665 4.0681 0.8201
-1.1347 4.0916 0.8201
-1.1002 4.1062 0.8201
-1.0671 4.1262 0.8201
-1.0301 4.1315 0.8201
-0.9970 4.1530 0.8201
-0.9632 4.1723 0.8201
-0.9290 4.1903 0.8201
-0.6289 2.9589 0.8201
-0.5499 2.7026 0.8201
-0.5257 2.7044 0.8201
-0.7854 4.2378 0.8201
-0.7519 4.2642 0.8201
-0.4743 2.8346 0.8201
-0.4274 2.6984 0.8201
-0.3975 2.6595 0.8201
-0.3738 2.6599 0.8201
-0.3509 2.6650 0.8201
-0.3290 2.6799 0.8201
-0.3067 2.6916 0.8201
-0.2816 2.6792 0.8201
-0.2572 2.6716 0.8201
-0.2349 2.6847 0.8201
-0.3586 4.5569 0.8201
-0.3804 5.4397 0.8201
-0.3478 5.6864 0.8201
-2.8209 2.6912 0.8201
-2.9269 3.6741 0.8201
-2.8985 3.8905 0.8201
-0.6027 2.6694 0.8201
-0.4326 2.6182 0.8201
-0.3621 2.6257 0.8201
-0.2960 2.6349 0.8201
-0.4917 2.8131 0.8201
-2.0231 3.8807 0.8201
-0.4544 2.8966 0.8201
-0.4537 2.9510 0.8201
-0.4548 3.0073 0.8201
-0.4545 3.0632 0.8201
-0.4518 3.1182 0.8201
-0.4518 3.1758 0.8201
-0.4519 3.2342 0.8201
-0.4497 3.2916 0.8201
-0.4499 3.3517 0.8201
-0.4495 3.4120 0.8201
-0.4491 3.4732 0.8201
-0.4495 3.5360 0.8201
-0.4498 3.5996 0.8201
-0.9863 4.1220 0.8201
-0.4181 3.7015 0.8201
-0.4515 3.7968 0.8201
-0.4524 3.8649 0.8201
-0.7569 4.2123 0.8201
-0.4194 3.9720 0.8201
-0.6580 4.2685 0.8201
-0.4214 4.1152 0.8201
-0.4231 4.1893 0.8201
-0.4239 4.2639 0.8201
-0.4257 4.3408 0.8201
-2.9029 2.7548 1.2302
-2.7896 2.6939 1.2302
-2.7753 2.7272 1.2302
-2.8638 2.8638 1.2302
-2.8632 2.9136 1.2302
-2.9051 3.0083 1.2302
-2.9055 3.0618 1.2302
-2.9026 3.1126 1.2302
-2.9071 3.1725 1.2302
-2.9007 3.2215 1.2302
-2.8963 3.2737 1.2302
-2.8978 3.3336 1.2302
-2.8959 3.3907 1.2302
-2.9048 3.4618 1.2302
-2.8967 3.5140 1.2302
-2.9024 3.5842 1.2302
-2.9040 3.6509 1.2302
-2.8998 3.7115 1.2302
-2.8965 3.7748 1.2302
-2.8839 3.8271 1.2302
-2.8772 3.8883 1.2302
-2.8690 3.9488 1.2302
-2.8240 3.9590 1.2302
-2.7761 3.9647 1.2302
-2.7171 3.9533 1.2302
-2.6338 3.9048 1.2302
-2.5759 3.8917 1.2302
-2.5184 3.8780 1.2302
-2.4614 3.8636 1.2302
-2.4042 3.8476 1.2302
-2.3445 3.8258 1.2302
-2.2960 3.8213 1.2302
-2.2428 3.8075 1.2302
-2.2020 3.8140 1.2302
-2.1430 3.7878 1.2302
-2.0827 3.7574 1.2302
-2.0303 3.7394 1.2302
-1.9774 3.7190 1.2302
-1.9227 3.6935 1.2302
-1.8813 3.6923 1.2302
-1.8299 3.6701 1.2302
-1.7894 3.6689 1.2302
-1.7449 3.6582 1.2302
-1.7099 3.6669 1.2302
-1.6679 3.6599 1.2302
-1.6351 3.6725 1.2302
-1.5934 3.6646 1.2302
-1.5559 3.6655 1.2302
-1.5254 3.6826 1.2302
-1.4954 3.7013 1.2302
-1.4576 3.7003 1.2302
-1.4285 3.7213 1.2302
-1.4040 3.7551 1.2302
-1.3715 3.7682 1.2302
-1.3329 3.7640 1.2302
-1.2993 3.7736 1.2302
-1.2673 3.7876 1.2302
-1.2388 3.8128 1.2302
-1.2061 3.8254 1.2302
-1.1704 3.8281 1.2302
-1.1375 3.8401 1.2302
-1.1083 3.8652 1.2302
-1.0762 3.8805 1.2302
-1.0438 3.8956 1.2302
-1.0095 3.9036 1.2302
-0.9745 3.9084 1.2302
-0.9441 3.9323 1.2302
-0.9088 3.9365 1.2302
-0.8740 3.9423 1.2302
-0.5790 2.7241 1.2302
-0.5445 2.6762 1.2302
-0.5251 2.7014 1.2302
-0.7441 4.0146 1.2302
-0.7149 4.0545 1.2302
-0.4737 2.8306 1.2302
-0.4191 2.6460 1.2302
-0.3944 2.6387 1.2302
-0.3749 2.6678 1.2302
-0.3520 2.6739 1.2302
-0.3299 2.6868 1.2302
-0.3076 2.6995 1.2302
-0.2839 2.7011 1.2302
-0.2601 2.7015 1.2302
-0.2364 2.7017 1.2302
-0.3580 4.5489 1.2302
-0.4061 5.8078 1.2302
-2.7977 2.6818 1.2302
-2.9302 3.3755 1.2302
-2.9322 3.6008 1.2302
-2.5657 3.4780 1.2302
-2.9296 3.7524 1.2302
-0.6069 2.6194 1.2302
-2.4842 3.8000 1.2302
-0.4368 2.6209 1.2302
-0.4706 2.6936 1.2302
-0.4992 2.7644 1.2302
-0.2955 2.6856 1.2302
-1.5786 3.5865 1.2302
-0.4561 2.8977 1.2302
-0.4553 2.9521 1.2302
-0.4540 3.0067 1.2302
-0.4536 3.0626 1.2302
-0.4535 3.1194 1.2302
-0.4526 3.1764 1.2302
-0.4519 3.2342 1.2302
-0.4505 3.2922 1.2302
-0.4507 3.3523 1.2302
-0.4495 3.4120 1.2302
-0.4491 3.4732 1.2302
-0.4495 3.5360 1.2302
-0.4498 3.5996 1.2302
-0.4502 3.6642 1.2302
-0.7524 3.9921 1.2302
-0.4178 3.7670 1.2302
-0.4182 3.8341 1.2302
-0.4185 3.9022 1.2302
-0.4194 3.9720 1.2302
-0.4194 4.0420 1.2302
-0.4206 4.1145 1.2302
-2.9269 2.7775 1.6402
-2.7939 2.6981 1.6402
-2.7710 2.7230 1.6402
-2.8645 2.8645 1.6402
-2.8653 2.9158 1.6402
-2.9044 3.0076 1.6402
-2.9069 3.0633 1.6402
-2.9087 3.1192 1.6402
-2.9017 3.1666 1.6402
-2.9020 3.2230 1.6402
-2.9043 3.2827 1.6402
-2.9070 3.3441 1.6402
-2.9030 3.3990 1.6402
-2.9009 3.4572 1.6402
-2.9024 3.5209 1.6402
-2.9005 3.5819 1.6402
-2.8941 3.6383 1.6402
-2.8899 3.6989 1.6402
-2.8867 3.7621 1.6402
-2.8460 3.7767 1.6402
-2.7921 3.7733 1.6402
-2.7497 3.7846 1.6402
-2.6985 3.7832 1.6402
-2.6402 3.7706 1.6402
-2.5743 3.7457 1.6402
-2.5152 3.7290 1.6402
-2.4567 3.7116 1.6402
-2.3970 3.6910 1.6402
-2.3351 3.6654 1.6402
-2.2760 3.6424 1.6402
-2.2191 3.6212 1.6402
-2.1606 3.5958 1.6402
-2.1027 3.5697 1.6402
-2.0535 3.5568 1.6402
-2.0081 3.5493 1.6402
-1.9572 3.5308 1.6402
-1.9086 3.5153 1.6402
-1.8591 3.4965 1.6402
-1.8124 3.4815 1.6402
-1.7628 3.4598 1.6402
-1.7143 3.4383 1.6402
-1.6724 3.4289 1.6402
-1.6316 3.4208 1.6402
-1.5823 3.3932 1.6402
-1.5406 3.3805 1.6402
-1.5078 3.3865 1.6402
-1.4758 3.3940 1.6402
-1.4613 3.4427 1.6402
-1.4420 3.4812 1.6402
-1.4085 3.4862 1.6402
-1.3711 3.4807 1.6402
-1.3442 3.5019 1.6402
-1.3129 3.5116 1.6402
-1.2829 3.5248 1.6402
-1.2591 3.5556 1.6402
-1.2326 3.5797 1.6402
-1.2083 3.6112 1.6402
-1.1770 3.6226 1.6402
-1.1487 3.6432 1.6402
-1.1192 3.6607 1.6402
-1.0861 3.6665 1.6402
-1.0590 3.6932 1.6402
-1.0270 3.7032 1.6402
-0.9957 3.7159 1.6402
-0.9640 3.7274 1.6402
-0.9333 3.7434 1.6402
-0.9013 3.7543 1.6402
-0.8757 3.7932 1.6402
-0.8402 3.7900 1.6402
-0.5684 2.6743 1.6402
-0.5403 2.6556 1.6402
-0.5255 2.7034 1.6402
-0.7127 3.8455 1.6402
-0.6798 3.8555 1.6402
-0.4455 2.6620 1.6402
-0.4200 2.6519 1.6402
-0.3991 2.6703 1.6402
-0.3747 2.6658 1.6402
-0.3518 2.6719 1.6402
-0.3301 2.6888 1.6402
-0.3076 2.6995 1.6402
-0.2846 2.7081 1.6402
-0.2636 2.7373 1.6402
-0.2426 2.7724 1.6402
-0.3663 4.6546 1.6402
-0.4058 5.8038 1.6402
-2.8209 2.6238 1.6402
-2.9396 2.7391 1.6402
-2.8960 2.7901 1.6402
-2.9709 3.2486 1.6402
-2.9783 3.3255 1.6402
-2.9598 3.5398 1.6402
-2.9550 3.6894 1.6402
-2.5214 3.5991 1.6402
-2.3218 3.5575 1.6402
-0.6060 2.6189 1.6402
-0.5444 2.6344 1.6402
-0.4300 2.6167 1.6402
-0.4942 2.7612 1.6402
-0.4926 2.8136 1.6402
-0.4552 2.8972 1.6402
-0.4545 2.9515 1.6402
-0.4532 3.0061 1.6402
-0.4536 3.0626 1.6402
-0.4543 3.1200 1.6402
-0.4510 3.1752 1.6402
-0.4527 3.2348 1.6402
-0.4512 3.2928 1.6402
-0.4499 3.3517 1.6402
-0.4495 3.4120 1.6402
-0.4498 3.4738 1.6402
-0.4487 3.5353 1.6402
-0.4498 3.5996 1.6402
-0.4502 3.6642 1.6402
-2.7735 5.7490 1.6402
-0.4178 3.7670 1.6402
-0.4524 3.8649 1.6402
-0.4532 3.9340 1.6402
-2.9262 2.7768 2.0503
-2.8694 2.7710 2.0503
-2.7831 2.7349 2.0503
-2.8588 2.8588 2.0503
-2.8688 2.9193 2.0503
-2.9113 3.0148 2.0503
-2.9069 3.0633 2.0503
-2.9080 3.1185 2.0503
-2.9084 3.1740 2.0503
-2.9094 3.2312 2.0503
-2.9049 3.2834 2.0503
-2.9024 3.3388 2.0503
-2.9121 3.4097 2.0503
-2.9073 3.4648 2.0503
-2.9069 3.5263 2.0503
-2.9037 3.5858 2.0503
-2.9009 3.6470 2.0503
-2.8684 3.6713 2.0503
-2.8100 3.6621 2.0503
-2.7551 3.6562 2.0503
-2.7142 3.6680 2.0503
-2.6662 3.6697 2.0503
-2.6062 3.6538 2.0503
-2.5490 3.6403 2.0503
-2.4939 3.6286 2.0503
-2.4291 3.6013 2.0503
-2.3717 3.5832 2.0503
-2.2973 3.5375 2.0503
-2.2357 3.5094 2.0503
-2.1758 3.4821 2.0503
-2.1255 3.4685 2.0503
-2.0607 3.4295 2.0503
-2.0043 3.4026 2.0503
-1.9540 3.3844 2.0503
-1.8958 3.3509 2.0503
-1.8486 3.3349 2.0503
-1.7975 3.3105 2.0503
-1.7516 3.2943 2.0503
-1.7172 3.2988 2.0503
-1.6848 3.3065 2.0503
-1.6514 3.3122 2.0503
-1.6079 3.2968 2.0503
-1.5632 3.2773 2.0503
-1.5096 3.2373 2.0503
-1.4697 3.2249 2.0503
-1.4565 3.2714 2.0503
-1.4339 3.2977 2.0503
-1.4082 3.3175 2.0503
-1.3819 3.3361 2.0503
-1.3508 3.3434 2.0503
-1.3216 3.3551 2.0503
-1.2955 3.3749 2.0503
-1.2706 3.3982 2.0503
-1.2422 3.4130 2.0503
-1.2134 3.4265 2.0503
-1.1854 3.4426 2.0503
-1.1547 3.4509 2.0503
-1.1270 3.4685 2.0503
-1.0985 3.4839 2.0503
-1.0657 3.4857 2.0503
-1.0369 3.5007 2.0503
-1.0119 3.5288 2.0503
-0.9842 3.5491 2.0503
-0.9525 3.5546 2.0503
-0.9242 3.5734 2.0503
-0.8975 3.5998 2.0503
-0.8663 3.6085 2.0503
-0.8384 3.6315 2.0503
-0.8097 3.6523 2.0503
-0.6025 2.8347 2.0503
-0.5399 2.6536 2.0503
-0.5165 2.6573 2.0503
-0.6903 3.7246 2.0503
-0.4968 2.8175 2.0503
-0.4436 2.6511 2.0503
-0.4216 2.6618 2.0503
-0.4007 2.6812 2.0503
-0.3790 2.6965 2.0503
-0.3556 2.7007 2.0503
-0.3316 2.7007 2.0503
-0.3104 2.7244 2.0503
-0.2893 2.7528 2.0503
-0.2665 2.7672 2.0503
-0.2430 2.7774 2.0503
-0.3700 4.7015 2.0503
-2.7986 2.6822 2.0503
-2.9671 2.8196 2.0503
-2.8769 2.8512 2.0503
-2.9486 3.3110 2.0503
-2.9624 3.3915 2.0503
-2.6341 3.2987 2.0503
-2.5762 3.5566 2.0503
-1.9923 3.2997 2.0503
-1.7277 3.2145 2.0503
-1.5478 3.1736 2.0503
-0.4990 2.6071 2.0503
-2.9214 4.1434 2.0503
-0.3977 2.6480 2.0503
-0.4976 2.7633 2.0503
-0.4934 2.8141 2.0503
-0.4569 2.8983 2.0503
-0.4562 2.9527 2.0503
-0.4540 3.0067 2.0503
-0.4536 3.0626 2.0503
-0.4543 3.1200 2.0503
-0.4510 3.1752 2.0503
-0.4519 3.2342 2.0503
-0.4497 3.2916 2.0503
-0.4499 3.3517 2.0503
-0.4495 3.4120 2.0503
-0.4498 3.4738 2.0503
-0.4495 3.5360 2.0503
-0.4498 3.5996 2.0503
-0.4502 3.6642 2.0503
-0.4505 3.7297 2.0503
-0.4515 3.7968 2.0503
-2.9225 2.7734 2.4604
-2.8910 2.7918 2.4604
-2.8366 2.7875 2.4604
-2.7782 2.7782 2.4604
-2.8695 2.9200 2.4604
-2.9051 3.0083 2.4604
-2.9117 3.0683 2.4604
-2.9128 3.1236 2.4604
-2.9118 3.1777 2.4604
-2.9161 3.2386 2.4604
-2.9175 3.2977 2.4604
-2.9116 3.3494 2.4604
-2.9180 3.4165 2.4604
-2.9144 3.4732 2.4604
-2.9120 3.5325 2.4604
-2.9093 3.5927 2.4604
-2.8835 3.6250 2.4604
-2.8320 3.6248 2.4604
-2.7747 3.6161 2.4604
-2.7250 3.6162 2.4604
-2.6690 3.6069 2.4604
-2.6180 3.6034 2.4604
-2.5626 3.5927 2.4604
-2.4853 3.5494 2.4604
-2.4186 3.5190 2.4604
-2.3346 3.4612 2.4604
-2.2939 3.4656 2.4604
-2.2406 3.4503 2.4604
-2.1922 3.4410 2.4604
-2.1382 3.4219 2.4604
-2.0738 3.3841 2.4604
-2.0195 3.3610 2.4604
-1.9530 3.3155 2.4604
-1.9000 3.2909 2.4604
-1.8530 3.2751 2.4604
-1.7972 3.2422 2.4604
-1.7512 3.2253 2.4604
-1.7037 3.2042 2.4604
-1.6586 3.1861 2.4604
-1.6180 3.1755 2.4604
-1.5746 3.1582 2.4604
-1.5475 3.1727 2.4604
-1.5214 3.1897 2.4604
-1.4872 3.1893 2.4604
-1.4465 3.1739 2.4604
-1.4199 3.1892 2.4604
-1.4000 3.2198 2.4604
-1.3719 3.2319 2.4604
-1.3455 3.2484 2.4604
-1.3186 3.2637 2.4604
-1.2926 3.2816 2.4604
-1.2672 3.3011 2.4604
-1.2404 3.3177 2.4604
-1.2138 3.3350 2.4604
-1.1880 3.3549 2.4604
-1.1597 3.3679 2.4604
-1.1340 3.3893 2.4604
-1.1044 3.3991 2.4604
-1.0762 3.4134 2.4604
-1.0482 3.4284 2.4604
-1.0165 3.4316 2.4604
-0.9915 3.4577 2.4604
-0.9655 3.4816 2.4604
-0.9343 3.4870 2.4604
-0.9066 3.5057 2.4604
-0.8811 3.5338 2.4604
-0.8577 3.5725 2.4604
-0.8287 3.5896 2.4604
-0.7991 3.6045 2.4604
-0.7684 3.6152 2.4604
-0.5445 2.6762 2.4604
-0.5173 2.6612 2.4604
-0.5866 3.1651 2.4604
-0.4659 2.6422 2.4604
-0.4455 2.6620 2.4604
-0.4239 2.6766 2.4604
-0.4010 2.6832 2.4604
-0.3784 2.6925 2.4604
-0.3561 2.7047 2.4604
-0.3328 2.7106 2.4604
-0.3110 2.7293 2.4604
-0.2895 2.7548 2.4604
-0.2670 2.7732 2.4604
-0.2438 2.7864 2.4604
-0.3730 4.7393 2.4604
-0.4049 5.7909 2.4604
-2.8227 2.6919 2.4604
-2.8720 2.7802 2.4604
-2.8353 2.9720 2.4604
-2.9607 3.5402 2.4604
-2.5956 3.4942 2.4604
-2.2526 3.3772 2.4604
-1.6398 3.1003 2.4604
-1.5198 3.0945 2.4604
-0.5024 2.6092 2.4604
-0.5033 2.6616 2.4604
-0.3960 2.6469 2.4604
-0.4984 2.7639 2.4604
-0.4976 2.8169 2.4604
-0.4602 2.9005 2.4604
-0.4570 2.9532 2.4604
-0.4556 3.0078 2.4604
-0.4545 3.0632 2.4604
-0.4535 3.1194 2.4604
-0.4534 3.1769 2.4604
-0.4511 3.2336 2.4604
-0.4512 3.2928 2.4604
-0.4499 3.3517 2.4604
-0.4495 3.4120 2.4604
-0.4491 3.4732 2.4604
-0.4495 3.5360 2.4604
-0.4491 3.5990 2.4604
-0.4502 3.6642 2.4604
-0.4505 3.7297 2.4604
-0.4515 3.7968 2.4604
-2.9269 2.7775 2.8704
-2.8910 2.7918 2.8704
-2.8758 2.8261 2.8704
-2.8730 2.8730 2.8704
-2.8821 2.9329 2.8704
-2.9134 3.0169 2.8704
-2.9138 3.0705 2.8704
-2.9074 3.1178 2.8704
-2.9111 3.1769 2.8704
-2.9174 3.2401 2.8704
-2.9175 3.2977 2.8704
-2.9214 3.3607 2.8704
-2.9212 3.4203 2.8704
-2.9163 3.4755 2.8704
-2.9253 3.5487 2.8704
-2.9131 3.5974 2.8704
-2.9015 3.6477 2.8704
-2.8542 3.6532 2.8704
-2.7924 3.6391 2.8704
-2.7359 3.6306 2.8704
-2.6844 3.6278 2.8704
-2.6292 3.6187 2.8704
-2.5673 3.5992 2.8704
-2.5117 3.5871 2.8704
-2.4457 3.5586 2.8704
-2.3794 3.5276 2.8704
-2.3071 3.4856 2.8704
-2.2597 3.4796 2.8704
-2.2019 3.4562 2.8704
-2.1525 3.4448 2.8704
-2.0952 3.4191 2.8704
-2.0313 3.3807 2.8704
-1.9718 3.3474 2.8704
-1.9135 3.3143 2.8704
-1.8628 3.2926 2.8704
-1.8137 3.2720 2.8704
-1.7688 3.2578 2.8704
-1.7220 3.2387 2.8704
-1.6757 3.2190 2.8704
-1.6344 3.2076 2.8704
-1.5898 3.1887 2.8704
-1.5448 3.1674 2.8704
-1.5012 3.1473 2.8704
-1.4551 3.1204 2.8704
-1.4245 3.1257 2.8704
-1.4012 3.1472 2.8704
-1.3829 3.1804 2.8704
-1.3672 3.2208 2.8704
-1.3363 3.2262 2.8704
-1.3036 3.2266 2.8704
-1.2806 3.2509 2.8704
-1.2550 3.2694 2.8704
-1.2341 3.3008 2.8704
-1.2063 3.3143 2.8704
-1.1803 3.3332 2.8704
-1.1584 3.3642 2.8704
-1.1296 3.3760 2.8704
-1.1029 3.3943 2.8704
-1.0750 3.4095 2.8704
-1.0484 3.4293 2.8704
-1.0176 3.4355 2.8704
-0.9953 3.4711 2.8704
-0.9663 3.4845 2.8704
-0.9398 3.5073 2.8704
-0.9101 3.5192 2.8704
-0.8833 3.5425 2.8704
-0.8542 3.5579 2.8704
-0.8256 3.5759 2.8704
-0.7963 3.5918 2.8704
-0.7711 3.6279 2.8704
-0.7418 3.6463 2.8704
-0.7119 3.6625 2.8704
-0.5172 2.7905 2.8704
-0.4699 2.6649 2.8704
-0.4451 2.6600 2.8704
-0.4222 2.6658 2.8704
-0.3989 2.6694 2.8704
-0.3776 2.6866 2.8704
-0.3539 2.6878 2.8704
-0.3323 2.7067 2.8704
-0.3120 2.7383 2.8704
-0.2893 2.7528 2.8704
-0.2657 2.7592 2.8704
-0.2509 2.8680 2.8704
-0.3709 4.7124 2.8704
-0.4093 5.8527 2.8704
-2.9414 2.7399 2.8704
-2.9763 2.8934 2.8704
-2.8344 2.9716 2.8704
-2.9738 3.1052 2.8704
-2.9673 3.2469 2.8704
-2.9561 3.3884 2.8704
-2.9492 3.5342 2.8704
-2.9506 3.6870 2.8704
-2.3698 3.4421 2.8704
-1.8460 3.2170 2.8704
-1.5501 3.1120 2.8704
-1.4607 3.1224 2.8704
-0.4990 2.6071 2.8704
-0.4283 2.6156 2.8704
-0.4995 2.7116 2.8704
-0.4992 2.7644 2.8704
-0.4984 2.8174 2.8704
-0.4569 2.8983 2.8704
-0.4570 2.9532 2.8704
-0.4573 3.0090 2.8704
-0.4553 3.0638 2.8704
-0.4551 3.1206 2.8704
-0.4534 3.1769 2.8704
-0.4519 3.2342 2.8704
-0.4512 3.2928 2.8704
-0.4507 3.3523 2.8704
-0.4503 3.4126 2.8704
-0.4498 3.4738 2.8704
-0.4495 3.5360 2.8704
-0.4498 3.5996 2.8704
-0.4502 3.6642 2.8704
-0.4505 3.7297 2.8704
-0.4515 3.7968 2.8704
-2.9269 2.7775 3.2805
-2.8939 2.7946 3.2805
-2.8744 2.8247 3.2805
-2.8765 2.8765 3.2805
-2.8835 2.9343 3.2805
-2.9148 3.0183 3.2805
-2.9172 3.0741 3.2805
-2.9128 3.1236 3.2805
-2.9125 3.1784 3.2805
-2.9114 3.2334 3.2805
-2.9202 3.3006 3.2805
-2.9155 3.3539 3.2805
-2.9167 3.4150 3.2805
-2.9202 3.4801 3.2805
-2.9253 3.5487 3.2805
-2.9175 3.6028 3.2805
-2.9090 3.6571 3.2805
-2.9016 3.7139 3.2805
-2.8660 3.7351 3.2805
-2.8027 3.7192 3.2805
-2.7469 3.7122 3.2805
-2.6874 3.6988 3.2805
-2.6248 3.6798 3.2805
-2.5742 3.6764 3.2805
-2.5160 3.6608 3.2805
-2.4342 3.6088 3.2805
-2.3844 3.6024 3.2805
-2.3240 3.5786 3.2805
-2.2545 3.5389 3.2805
-2.1902 3.5050 3.2805
-2.1438 3.4984 3.2805
-2.0859 3.4715 3.2805
-2.0332 3.4517 3.2805
-1.9735 3.4182 3.2805
-1.9254 3.4031 3.2805
-1.8685 3.3708 3.2805
-1.8204 3.3527 3.2805
-1.7737 3.3358 3.2805
-1.7306 3.3245 3.2805
-1.6875 3.3119 3.2805
-1.6416 3.2925 3.2805
-1.5935 3.2671 3.2805
-1.5498 3.2493 3.2805
-1.5020 3.2210 3.2805
-1.4705 3.2267 3.2805
-1.4366 3.2266 3.2805
-1.4219 3.2702 3.2805
-1.4016 3.3019 3.2805
-1.3865 3.3472 3.2805
-1.3628 3.3731 3.2805
-1.3388 3.3988 3.2805
-1.3127 3.4197 3.2805
-1.2863 3.4404 3.2805
-1.2597 3.4609 3.2805
-1.2338 3.4840 3.2805
-1.2085 3.5098 3.2805
-1.1788 3.5230 3.2805
-1.1523 3.5465 3.2805
-1.1285 3.5793 3.2805
-1.1037 3.6101 3.2805
-1.0798 3.6454 3.2805
-1.0505 3.6634 3.2805
-1.0219 3.6849 3.2805
-0.9902 3.6956 3.2805
-0.9587 3.7070 3.2805
-0.9251 3.7104 3.2805
-0.8913 3.7125 3.2805
-0.8577 3.7153 3.2805
-0.8233 3.7138 3.2805
-0.7915 3.7238 3.2805
-0.7590 3.7306 3.2805
-0.5875 3.0224 3.2805
-0.4948 2.6695 3.2805
-0.4709 2.6708 3.2805
-0.4465 2.6679 3.2805
-0.4241 2.6776 3.2805
-0.4007 2.6812 3.2805
-0.3777 2.6876 3.2805
-0.3554 2.6997 3.2805
-0.3342 2.7216 3.2805
-0.3124 2.7423 3.2805
-0.2902 2.7608 3.2805
-0.2657 2.7592 3.2805
-0.3725 4.2577 3.2805
-0.3724 4.7314 3.2805
-0.3964 5.6692 3.2805
-2.9414 2.7399 3.2805
-2.8344 2.9716 3.2805
-2.9208 3.5194 3.2805
-2.9497 3.6865 3.2805
-2.4361 3.5509 3.2805
-1.9347 3.3340 3.2805
-1.6977 3.2619 3.2805
-0.5376 2.6303 3.2805
-0.4744 2.6438 3.2805
-0.3968 2.6475 3.2805
-0.5001 2.7649 3.2805
-0.5001 2.8185 3.2805
-0.4635 2.9028 3.2805
-0.4595 2.9549 3.2805
-0.4565 3.0084 3.2805
-0.4569 3.0650 3.2805
-0.4559 3.1211 3.2805
-0.4534 3.1769 3.2805
-0.4535 3.2354 3.2805
-0.4520 3.2934 3.2805
-0.4515 3.3529 3.2805
-0.4510 3.4132 3.2805
-0.4498 3.4738 3.2805
-0.4502 3.5366 3.2805
-0.4506 3.6003 3.2805
-0.4502 3.6642 3.2805
-0.4505 3.7297 3.2805
-2.9341 2.7844 3.6906
-2.9004 2.8009 3.6906
-2.8744 2.8247 3.6906
-2.8793 2.8793 3.6906
-2.8828 2.9336 3.6906
-2.9176 3.0212 3.6906
-2.9138 3.0705 3.6906
-2.9169 3.1280 3.6906
-2.9145 3.1806 3.6906
-2.9127 3.2349 3.6906
-2.9208 3.3014 3.6906
-2.9201 3.3592 3.6906
-2.9160 3.4142 3.6906
-2.9195 3.4794 3.6906
-2.9164 3.5379 3.6906
-2.9245 3.6114 3.6906
-2.9202 3.6712 3.6906
-2.9170 3.7336 3.6906
-2.9026 3.7827 3.6906
-2.8652 3.8023 3.6906
-2.8260 3.8191 3.6906
-2.8073 3.8639 3.6906
-2.7549 3.8622 3.6906
-2.6981 3.8533 3.6906
-2.6344 3.8330 3.6906
-2.5723 3.8136 3.6906
-2.4903 3.7625 3.6906
-2.4465 3.7673 3.6906
-2.3786 3.7337 3.6906
-2.3322 3.7323 3.6906
-2.2718 3.7073 3.6906
-2.2147 3.6858 3.6906
-2.1530 3.6550 3.6906
-2.0915 3.6226 3.6906
-2.0347 3.5963 3.6906
-1.9741 3.5615 3.6906
-1.9206 3.5372 3.6906
-1.8704 3.5177 3.6906
-1.8281 3.5117 3.6906
-1.7828 3.4990 3.6906
-1.7420 3.4938 3.6906
-1.6996 3.4846 3.6906
-1.6545 3.4686 3.6906
-1.6148 3.4630 3.6906
-1.5717 3.4488 3.6906
-1.5269 3.4294 3.6906
-1.4957 3.4399 3.6906
-1.4652 3.4519 3.6906
-1.4412 3.4793 3.6906
-1.4145 3.5010 3.6906
-1.3784 3.4993 3.6906
-1.3539 3.5271 3.6906
-1.3273 3.5500 3.6906
-1.3000 3.5718 3.6906
-1.2681 3.5811 3.6906
-1.2443 3.6138 3.6906
-1.2235 3.6567 3.6906
-1.2015 3.6977 3.6906
-1.1719 3.7166 3.6906
-1.1467 3.7506 3.6906
-1.1167 3.7701 3.6906
-1.0904 3.8028 3.6906
-1.0607 3.8246 3.6906
-1.0285 3.8386 3.6906
-0.9928 3.8387 3.6906
-0.9590 3.8463 3.6906
-0.9223 3.8418 3.6906
-0.8890 3.8507 3.6906
-0.8504 3.8359 3.6906
-0.8158 3.8383 3.6906
-0.7801 3.8344 3.6906
-0.5259 2.7054 3.6906
-0.4968 2.6804 3.6906
-0.4720 2.6767 3.6906
-0.4461 2.6659 3.6906
-0.4232 2.6717 3.6906
-0.3995 2.6733 3.6906
-0.3779 2.6886 3.6906
-0.3556 2.7007 3.6906
-0.3334 2.7156 3.6906
-0.3096 2.7174 3.6906
-0.2854 2.7150 3.6906
-0.3534 3.6700 3.6906
-0.3774 4.3135 3.6906
-0.3728 4.7374 3.6906
-0.4070 5.8198 3.6906
-2.9414 2.7399 3.6906
-2.8136 3.0322 3.6906
-2.9459 3.4576 3.6906
-2.9366 3.6032 3.6906
-2.9497 3.6865 3.6906
-2.9549 3.8444 3.6906
-2.4508 3.7055 3.6906
-0.5341 2.6282 3.6906
-0.4744 2.6438 3.6906
-0.3943 2.6459 3.6906
-0.5035 2.7671 3.6906
-0.4984 2.8174 3.6906
-0.4920 2.8673 3.6906
-1.3912 3.5285 3.6906
-0.4586 2.9544 3.6906
-0.4589 3.0101 3.6906
-0.4577 3.0655 3.6906
-0.4575 3.1223 3.6906
-0.4558 3.1787 3.6906
-0.4543 3.2360 3.6906
-0.4528 3.2940 3.6906
-0.4531 3.3541 3.6906
-0.4518 3.4139 3.6906
-0.4506 3.4745 3.6906
-0.4510 3.5372 3.6906
-0.4506 3.6003 3.6906
-0.4502 3.6642 3.6906
-0.4505 3.7297 3.6906
-0.4515 3.7968 3.6906
-0.4517 3.8642 3.6906
-2.9225 2.7734 4.1006
-2.9025 2.8029 4.1006
-2.8794 2.8296 4.1006
-2.8779 2.8779 4.1006
-2.8800 2.9307 4.1006
-2.9176 3.0212 4.1006
-2.9159 3.0727 4.1006
-2.9196 3.1309 4.1006
-2.9152 3.1814 4.1006
-2.9127 3.2349 4.1006
-2.9188 3.2991 4.1006
-2.9182 3.3569 4.1006
-2.9186 3.4173 4.1006
-2.9157 3.4748 4.1006
-2.9158 3.5371 4.1006
-2.9251 3.6122 4.1006
-2.9208 3.6720 4.1006
-2.9164 3.7328 4.1006
-2.9221 3.8081 4.1006
-2.9176 3.8718 4.1006
-2.9123 3.9357 4.1006
-2.9078 4.0022 4.1006
-2.8814 4.0396 4.1006
-2.8426 4.0597 4.1006
-2.7862 4.0539 4.1006
-2.7216 4.0349 4.1006
-2.6730 4.0385 4.1006
-2.6039 4.0097 4.1006
-2.5350 3.9791 4.1006
-2.4832 3.9740 4.1006
-2.4186 3.9469 4.1006
-2.3589 3.9258 4.1006
-2.2839 3.8773 4.1006
-2.2260 3.8555 4.1006
-2.1800 3.8531 4.1006
-2.1288 3.8405 4.1006
-2.0847 3.8396 4.1006
-2.0281 3.8143 4.1006
-1.9818 3.8071 4.1006
-1.9331 3.7939 4.1006
-1.8834 3.7775 4.1006
-1.8337 3.7597 4.1006
-1.7892 3.7511 4.1006
-1.7420 3.7358 4.1006
-1.6973 3.7245 4.1006
-1.6648 3.7391 4.1006
-1.6325 3.7544 4.1006
-1.5985 3.7658 4.1006
-1.5545 3.7528 4.1006
-1.5198 3.7616 4.1006
-1.4873 3.7756 4.1006
-1.4532 3.7857 4.1006
-1.4138 3.7813 4.1006
-1.3801 3.7917 4.1006
-1.3502 3.8130 4.1006
-1.3172 3.8256 4.1006
-1.2787 3.8217 4.1006
-1.2469 3.8375 4.1006
-1.2200 3.8692 4.1006
-1.1914 3.8969 4.1006
-1.1639 3.9292 4.1006
-1.1359 3.9614 4.1006
-1.1048 3.9836 4.1006
-1.0751 4.0125 4.1006
-1.0408 4.0246 4.1006
-1.0086 4.0452 4.1006
-0.9758 4.0645 4.1006
-0.9419 4.0797 4.1006
-0.9039 4.0770 4.1006
-0.8691 4.0887 4.1006
-0.5503 2.7046 4.1006
-0.5236 2.6936 4.1006
-0.4939 2.6646 4.1006
-0.4706 2.6688 4.1006
-0.4461 2.6659 4.1006
-0.4244 2.6796 4.1006
-0.4004 2.6792 4.1006
-0.3767 2.6807 4.1006
-0.3512 2.6680 4.1006
-0.3273 2.6660 4.1006
-0.4021 3.8259 4.1006
-0.3869 4.0184 4.1006
-0.3749 4.2856 4.1006
-0.3731 4.7403 4.1006
-0.4043 5.7819 4.1006
-2.9396 2.7391 4.1006
-2.9958 2.8315 4.1006
-2.7996 3.0961 4.1006
-2.9561 3.3884 4.1006
-2.9492 3.5342 4.1006
-2.9711 3.6215 4.1006
-2.9523 3.8429 4.1006
-0.5376 2.6303 4.1006
-0.4727 2.6428 4.1006
-0.3680 2.6295 4.1006
-0.5262 2.7816 4.1006
-1.9527 3.7618 4.1006
-0.4979 2.8712 4.1006
-1.7071 3.7416 4.1006
-0.4603 2.9555 4.1006
-0.4589 3.0101 4.1006
-0.4569 3.0650 4.1006
-0.4850 3.1423 4.1006
-0.4839 3.1996 4.1006
-1.3032 3.8757 4.1006
-0.4536 3.2946 4.1006
-0.4523 3.3535 4.1006
-0.4506 3.4745 4.1006
-0.4510 3.5372 4.1006
-0.4506 3.6003 4.1006
-0.4502 3.6642 4.1006
-0.4505 3.7297 4.1006
-0.4515 3.7968 4.1006
-0.4517 3.8642 4.1006
-0.4532 3.9340 4.1006
-0.4538 4.0040 4.1006
-0.4549 4.0757 4.1006
-2.9269 2.7775 4.5107
-2.8968 2.7974 4.5107
-2.8744 2.8247 4.5107
-2.8701 2.8701 4.5107
-2.8828 2.9336 4.5107
-2.9196 3.0234 4.5107
-2.9179 3.0749 4.5107
-2.9108 3.1214 4.5107
-2.9104 3.1762 4.5107
-2.9094 3.2312 4.5107
-2.9076 3.2864 4.5107
-2.9090 3.3464 4.5107
-2.9147 3.4127 4.5107
-2.9099 3.4679 4.5107
-2.9075 3.5271 4.5107
-2.9056 3.5881 4.5107
-2.9152 3.6650 4.5107
-2.9127 3.7281 4.5107
-2.9062 3.7875 4.5107
-2.9080 3.8590 4.5107
-2.9087 3.9309 4.5107
-2.9048 3.9982 4.5107
-2.9053 4.0730 4.5107
-2.9023 4.1449 4.5107
-2.9006 4.2204 4.5107
-2.8776 4.2662 4.5107
-2.8226 4.2645 4.5107
-2.7668 4.2604 4.5107
-2.7187 4.2676 4.5107
-2.6618 4.2597 4.5107
-2.6047 4.2504 4.5107
-2.5479 4.2404 4.5107
-2.4849 4.2185 4.5107
-2.4295 4.2080 4.5107
-2.3720 4.1925 4.5107
-2.3174 4.1807 4.5107
-2.2641 4.1700 4.5107
-2.2140 4.1640 4.5107
-2.1651 4.1592 4.5107
-2.1179 4.1565 4.5107
-2.0654 4.1427 4.5107
-2.0143 4.1300 4.5107
-1.9610 4.1113 4.5107
-1.9069 4.0893 4.5107
-1.8616 4.0848 4.5107
-1.8132 4.0726 4.5107
-1.7716 4.0745 4.5107
-1.7263 4.0668 4.5107
-1.6850 4.0678 4.5107
-1.6426 4.0657 4.5107
-1.6027 4.0687 4.5107
-1.5575 4.0573 4.5107
-1.5192 4.0633 4.5107
-1.4844 4.0783 4.5107
-1.4471 4.0864 4.5107
-1.4035 4.0761 4.5107
-1.3704 4.0958 4.5107
-1.3402 4.1247 4.5107
-1.3060 4.1420 4.5107
-1.2680 4.1475 4.5107
-1.2321 4.1594 4.5107
-1.1971 4.1748 4.5107
-1.1633 4.1947 4.5107
-1.1241 4.1950 4.5107
-1.0907 4.2173 4.5107
-1.0567 4.2383 4.5107
-1.0230 4.2609 4.5107
-0.9896 4.2863 4.5107
-0.9584 4.3230 4.5107
-0.5792 2.7251 4.5107
-0.5477 2.6919 4.5107
-0.5203 2.6769 4.5107
-0.4948 2.6695 4.5107
-0.4701 2.6659 4.5107
-0.4450 2.6590 4.5107
-0.4200 2.6519 4.5107
-0.3920 2.6229 4.5107
-0.3673 2.6133 4.5107
-0.3575 2.7156 4.5107
-0.4151 3.3806 4.5107
-0.3842 3.9905 4.5107
-0.3784 4.3255 4.5107
-0.3732 4.7413 4.5107
-0.4029 5.7619 4.5107
-2.9405 2.7395 4.5107
-2.9958 2.8315 4.5107
-2.7796 3.1574 4.5107
-2.9597 3.3902 4.5107
-2.9771 3.4735 4.5107
-2.9746 3.6234 4.5107
-2.9349 3.9115 4.5107
-0.5007 2.6082 4.5107
-0.4053 2.6015 4.5107
-2.9368 4.2346 4.5107
-0.5271 2.7821 4.5107
-0.4962 2.8701 4.5107
-2.2916 4.1358 4.5107
-0.4603 2.9555 4.5107
-0.4597 3.0107 4.5107
-0.4585 3.0661 4.5107
-0.4842 3.1417 4.5107
-0.4831 3.1990 4.5107
-0.4830 3.2576 4.5107
-1.5024 4.0994 4.5107
-0.4523 3.3535 4.5107
-0.4823 3.4381 4.5107
-1.2837 4.1491 4.5107
-0.4510 3.5372 4.5107
-0.4506 3.6003 4.5107
-0.4510 3.6648 4.5107
-0.4505 3.7297 4.5107
-0.4515 3.7968 4.5107
-0.4517 3.8642 4.5107
-0.4532 3.9340 4.5107
-0.4538 4.0040 4.5107
-0.4557 4.0764 4.5107
-0.4573 4.1499 4.5107
-0.4580 4.2237 4.5107
-0.4606 4.3006 4.5107
-0.4615 4.3772 4.5107
-2.9312 2.7816 4.9207
-2.9047 2.8050 4.9207
-2.8737 2.8240 4.9207
-2.8765 2.8765 4.9207
-2.8856 2.9365 4.9207
-2.9085 3.0119 4.9207
-2.9166 3.0734 4.9207
-2.9149 3.1258 4.9207
-2.9145 3.1806 4.9207
-2.9161 3.2386 4.9207
-2.9188 3.2991 4.9207
-2.9116 3.3494 4.9207
-2.9043 3.4005 4.9207
-2.9073 3.4648 4.9207
-2.9139 3.5348 4.9207
-2.9062 3.5889 4.9207
-2.9084 3.6563 4.9207
-2.9065 3.7202 4.9207
-2.9014 3.7811 4.9207
-2.9044 3.8542 4.9207
-2.8980 3.9164 4.9207
-2.9019 3.9941 4.9207
-2.9325 4.1113 4.9207
-2.9161 4.1646 4.9207
-2.9130 4.2385 4.9207
-2.9028 4.3035 4.9207
-2.8883 4.3637 4.9207
-2.8762 4.4290 4.9207
-2.8450 4.4658 4.9207
-2.7858 4.4582 4.9207
-2.7306 4.4559 4.9207
-2.6761 4.4538 4.9207
-2.6179 4.4443 4.9207
-2.5660 4.4444 4.9207
-2.5128 4.4414 4.9207
-2.4599 4.4378 4.9207
-2.4011 4.4222 4.9207
-2.3492 4.4183 4.9207
-2.3014 4.4209 4.9207
-2.2468 4.4096 4.9207
-2.1922 4.3968 4.9207
-2.1428 4.3933 4.9207
-2.0949 4.3920 4.9207
-2.0442 4.3838 4.9207
-1.9843 4.3542 4.9207
-1.9397 4.3567 4.9207
-1.8893 4.3450 4.9207
-1.8415 4.3383 4.9207
-1.7944 4.3321 4.9207
-1.7550 4.3439 4.9207
-1.7123 4.3469 4.9207
-1.6693 4.3486 4.9207
-1.6257 4.3480 4.9207
-1.5836 4.3508 4.9207
-1.5415 4.3531 4.9207
-1.5048 4.3702 4.9207
-1.4625 4.3708 4.9207
-1.4243 4.3834 4.9207
-1.3869 4.3985 4.9207
-1.3470 4.4057 4.9207
-1.3068 4.4115 4.9207
-1.2677 4.4208 4.9207
-1.2341 4.4500 4.9207
-1.1970 4.4674 4.9207
-1.1560 4.4699 4.9207
-1.1201 4.4925 4.9207
-1.0827 4.5099 4.9207
-1.0440 4.5221 4.9207
-0.6404 2.8889 4.9207
-0.5684 2.6743 4.9207
-0.5437 2.6723 4.9207
-0.5184 2.6671 4.9207
-0.4959 2.6754 4.9207
-0.4704 2.6678 4.9207
-0.4465 2.6679 4.9207
-0.4222 2.6658 4.9207
-0.3983 2.6654 4.9207
-0.3706 2.6371 4.9207
-0.3467 2.6333 4.9207
-0.3345 2.7245 4.9207
-0.4250 3.7299 4.9207
-0.3997 3.8031 4.9207
-0.3981 4.1349 4.9207
-0.3819 4.3653 4.9207
-0.3742 4.7553 4.9207
-2.9405 2.7395 4.9207
-2.9958 2.8315 4.9207
-2.9549 3.3141 4.9207
-2.9534 3.3871 4.9207
-2.7178 3.3414 4.9207
-2.9331 3.6013 4.9207
-2.9339 3.7549 4.9207
-2.9470 3.8399 4.9207
-0.4998 2.6076 4.9207
-0.3968 2.5963 4.9207
-2.9334 4.2325 4.9207
-0.5313 2.7848 4.9207
-0.5253 2.8348 4.9207
-2.9378 4.4861 4.9207
-0.4917 2.9218 4.9207
-0.4900 2.9759 4.9207
-0.4868 3.0296 4.9207
-0.4862 3.0859 4.9207
-0.4858 3.1429 4.9207
-0.4856 3.2007 4.9207
-0.4830 3.2576 4.9207
-0.4830 3.3171 4.9207
-0.4830 3.3775 4.9207
-0.4823 3.4381 4.9207
-0.4825 3.5003 4.9207
-1.4557 4.3654 4.9207
-0.4514 3.6009 4.9207
-0.4510 3.6648 4.9207
-0.4505 3.7297 4.9207
-0.4515 3.7968 4.9207
-0.4517 3.8642 4.9207
-0.4532 3.9340 4.9207
-0.4545 4.0047 4.9207
-0.4549 4.0757 4.9207
-0.4566 4.1492 4.9207
-0.4573 4.2230 4.9207
-0.4599 4.2999 4.9207
-0.4629 4.3786 4.9207
-0.5669 4.5635 4.9207
-0.4264 4.4959 4.9207
-2.9283 2.7789 5.3308
-2.8968 2.7974 5.3308
-2.8715 2.8219 5.3308
-2.8779 2.8779 5.3308
-2.8856 2.9365 5.3308
-2.9127 3.0162 5.3308
-2.9124 3.0691 5.3308
-2.9176 3.1287 5.3308
-2.9185 3.1850 5.3308
-2.9174 3.2401 5.3308
-2.9089 3.2879 5.3308
-2.9116 3.3494 5.3308
-2.9154 3.4135 5.3308
-2.9131 3.4717 5.3308
-2.9094 3.5294 5.3308
-2.9163 3.6013 5.3308
-2.9071 3.6548 5.3308
-2.9090 3.7234 5.3308
-2.9172 3.8017 5.3308
-2.9272 3.8846 5.3308
-2.9337 3.9646 5.3308
-2.9307 4.0338 5.3308
-2.9465 4.1308 5.3308
-2.9470 4.2088 5.3308
-2.9459 4.2863 5.3308
-2.9100 4.3143 5.3308
-2.8916 4.3687 5.3308
-2.8790 4.4332 5.3308
-2.8568 4.4843 5.3308
-2.8006 4.4819 5.3308
-2.7384 4.4687 5.3308
-2.6751 4.4521 5.3308
-2.6169 4.4426 5.3308
-2.5540 4.4237 5.3308
-2.4843 4.3909 5.3308
-2.4100 4.3477 5.3308
-2.3486 4.3255 5.3308
-2.2891 4.3053 5.3308
-2.2335 4.2905 5.3308
-2.1719 4.2626 5.3308
-2.1163 4.2447 5.3308
-2.0555 4.2144 5.3308
-2.0058 4.2051 5.3308
-1.9521 4.1862 5.3308
-1.9072 4.1849 5.3308
-1.8572 4.1712 5.3308
-1.8087 4.1598 5.3308
-1.7638 4.1552 5.3308
-1.7244 4.1630 5.3308
-1.6790 4.1556 5.3308
-1.6434 4.1720 5.3308
-1.6069 4.1862 5.3308
-1.5654 4.1869 5.3308
-1.5281 4.1985 5.3308
-1.4945 4.2202 5.3308
-1.4537 4.2217 5.3308
-1.4149 4.2286 5.3308
-1.3810 4.2503 5.3308
-1.3436 4.2612 5.3308
-1.3057 4.2709 5.3308
-1.2721 4.2946 5.3308
-1.2338 4.3026 5.3308
-1.1967 4.3151 5.3308
-1.1593 4.3264 5.3308
-1.1182 4.3237 5.3308
-1.0819 4.3392 5.3308
-1.0486 4.3679 5.3308
-1.0134 4.3895 5.3308
-0.5909 2.6653 5.3308
-0.5668 2.6664 5.3308
-0.5421 2.6644 5.3308
-0.5173 2.6612 5.3308
-0.4953 2.6725 5.3308
-0.4701 2.6659 5.3308
-0.4468 2.6699 5.3308
-0.4243 2.6786 5.3308
-0.4025 2.6931 5.3308
-0.3773 2.6846 5.3308
-0.3518 2.6719 5.3308
-0.3276 2.6680 5.3308
-0.3046 2.6737 5.3308
-0.4012 3.8170 5.3308
-0.3932 4.0831 5.3308
-0.3833 4.3813 5.3308
-0.3760 4.7772 5.3308
-2.9414 2.7399 5.3308
-2.9949 2.8311 5.3308
-2.9406 3.4549 5.3308
-2.6990 3.4040 5.3308
-2.9322 3.6008 5.3308
-2.9559 3.6899 5.3308
-2.9470 3.8399 5.3308
-0.6095 2.6209 5.3308
-0.5427 2.6334 5.3308
-0.4752 2.6444 5.3308
-0.3994 2.6491 5.3308
-0.3331 2.6586 5.3308
-0.5270 2.8359 5.3308
-2.9420 4.4889 5.3308
-0.4909 2.9212 5.3308
-0.4883 2.9748 5.3308
-0.4884 3.0308 5.3308
-0.4870 3.0864 5.3308
-0.4842 3.1417 5.3308
-0.4856 3.2007 5.3308
-0.4846 3.2588 5.3308
-0.4838 3.3177 5.3308
-0.4830 3.3775 5.3308
-0.4831 3.4388 5.3308
-0.4825 3.5003 5.3308
-0.4826 3.5633 5.3308
-1.2236 4.2488 5.3308
-0.4510 3.6648 5.3308
-0.4513 3.7304 5.3308
-0.4515 3.7968 5.3308
-0.4517 3.8642 5.3308
-0.4194 3.9720 5.3308
-0.4194 4.0420 5.3308
-0.4217 4.1879 5.3308
-0.4599 4.2999 5.3308
-0.6661 4.5855 5.3308
-0.4245 4.4160 5.3308
-0.5359 4.6112 5.3308
-0.4279 4.5768 5.3308
-2.9269 2.7775 5.7409
-2.9025 2.8029 5.7409
-2.8744 2.8247 5.7409
-2.8871 2.8871 5.7409
-2.8807 2.9315 5.7409
-2.9196 3.0234 5.7409
-2.9228 3.0799 5.7409
-2.9230 3.1346 5.7409
-2.9064 3.1718 5.7409
-2.9161 3.2386 5.7409
-2.9188 3.2991 5.7409
-2.9155 3.3539 5.7409
-2.9173 3.4157 5.7409
-2.9105 3.4686 5.7409
-2.9139 3.5348 5.7409
-2.9138 3.5982 5.7409
-2.9090 3.6571 5.7409
-2.9072 3.7210 5.7409
-2.9123 3.7954 5.7409
-2.9128 3.8654 5.7409
-2.9182 3.9437 5.7409
-2.9236 4.0241 5.7409
-2.9331 4.1121 5.7409
-2.9166 4.1654 5.7409
-2.9125 4.2377 5.7409
-2.8949 4.2919 5.7409
-2.8640 4.3270 5.7409
-2.8212 4.3443 5.7409
-2.7644 4.3392 5.7409
-2.7074 4.3327 5.7409
-2.6381 4.3050 5.7409
-2.5566 4.2550 5.7409
-2.4890 4.2254 5.7409
-2.4125 4.1786 5.7409
-2.3454 4.1455 5.7409
-2.2757 4.1055 5.7409
-2.2102 4.0707 5.7409
-2.1535 4.0501 5.7409
-2.0899 4.0146 5.7409
-2.0225 3.9694 5.7409
-1.9646 3.9404 5.7409
-1.9043 3.9044 5.7409
-1.8495 3.8775 5.7409
-1.7966 3.8527 5.7409
-1.7537 3.8482 5.7409
-1.7115 3.8442 5.7409
-1.6775 3.8581 5.7409
-1.6387 3.8606 5.7409
-1.6077 3.8812 5.7409
-1.5767 3.9025 5.7409
-1.5386 3.9059 5.7409
-1.5048 3.9201 5.7409
-1.4702 3.9321 5.7409
-1.4358 3.9448 5.7409
-1.4037 3.9638 5.7409
-1.3693 3.9769 5.7409
-1.3355 3.9915 5.7409
-1.3037 4.0125 5.7409
-1.2717 4.0333 5.7409
-1.2426 4.0643 5.7409
-1.2071 4.0750 5.7409
-1.1759 4.1007 5.7409
-1.1435 4.1234 5.7409
-1.1114 4.1477 5.7409
-1.0766 4.1630 5.7409
-1.0458 4.1946 5.7409
-1.0155 4.2298 5.7409
-0.7385 3.1989 5.7409
-0.5827 2.6282 5.7409
-0.5628 2.6478 5.7409
-0.5405 2.6566 5.7409
-0.5182 2.6661 5.7409
-0.4951 2.6715 5.7409
-0.4715 2.6738 5.7409
-0.4496 2.6866 5.7409
-0.4260 2.6895 5.7409
-0.4015 2.6862 5.7409
-0.3784 2.6925 5.7409
-0.3563 2.7066 5.7409
-0.3306 2.6928 5.7409
-0.3062 2.6876 5.7409
-0.4003 3.8090 5.7409
-0.4025 4.1797 5.7409
-0.3860 4.4121 5.7409
-0.3772 4.7922 5.7409
-2.9405 2.7395 5.7409
-2.9912 2.8296 5.7409
-2.9623 3.0286 5.7409
-2.9720 3.1044 5.7409
-2.9863 3.1832 5.7409
-2.9818 3.3272 5.7409
-2.9735 3.4717 5.7409
-2.9711 3.6215 5.7409
-2.9323 3.9100 5.7409
-0.5784 2.6027 5.7409
-0.4692 2.6407 5.7409
-0.3935 2.6454 5.7409
-0.3297 2.6564 5.7409
-0.5286 2.8370 5.7409
-1.8946 3.7957 5.7409
-0.4909 2.9212 5.7409
-0.4891 2.9753 5.7409
-0.4892 3.0314 5.7409
-0.4870 3.0864 5.7409
-0.4874 3.1441 5.7409
-0.4856 3.2007 5.7409
-0.4846 3.2588 5.7409
-0.4838 3.3177 5.7409
-0.4838 3.3781 5.7409
-0.4823 3.4381 5.7409
-0.4825 3.5003 5.7409
-0.4506 3.6003 5.7409
-0.4510 3.6648 5.7409
-0.4505 3.7297 5.7409
-0.4515 3.7968 5.7409
-0.4185 3.9022 5.7409
-0.4194 3.9720 5.7409
-0.4208 4.0434 5.7409
-0.4214 4.1152 5.7409
-0.4217 4.1879 5.7409
-0.4606 4.3006 5.7409
-0.4622 4.3779 5.7409
-0.4264 4.4959 5.7409
-2.9269 2.7775 6.1509
-2.9076 2.8078 6.1509
-2.8737 2.8240 6.1509
-2.8836 2.8836 6.1509
-2.8927 2.9436 6.1509
-2.9141 3.0176 6.1509
-2.9221 3.0792 6.1509
-2.9217 3.1331 6.1509
-2.9192 3.1858 6.1509
-2.9248 3.2483 6.1509
-2.9169 3.2969 6.1509
-2.9195 3.3585 6.1509
-2.9251 3.4249 6.1509
-2.9176 3.4771 6.1509
-2.9145 3.5356 6.1509
-2.9226 3.6091 6.1509
-2.9152 3.6650 6.1509
-2.9213 3.7391 6.1509
-2.9129 3.7962 6.1509
-2.9236 3.8798 6.1509
-2.9277 3.9566 6.1509
-2.9295 4.0321 6.1509
-2.9192 4.0926 6.1509
-2.9224 4.1736 6.1509
-2.9074 4.2302 6.1509
-2.8737 4.2604 6.1509
-2.8149 4.2528 6.1509
-2.7542 4.2412 6.1509
-2.6935 4.2279 6.1509
-2.6167 4.1877 6.1509
-2.5440 4.1515 6.1509
-2.4804 4.1281 6.1509
-2.3986 4.0721 6.1509
-2.3225 4.0227 6.1509
-2.2558 3.9871 6.1509
-2.1846 3.9410 6.1509
-2.1267 3.9169 6.1509
-2.0661 3.8859 6.1509
-2.0026 3.8470 6.1509
-1.9503 3.8278 6.1509
-1.8892 3.7892 6.1509
-1.8302 3.7525 6.1509
-1.7827 3.7376 6.1509
-1.7336 3.7177 6.1509
-1.6828 3.6926 6.1509
-1.6387 3.6807 6.1509
-1.5982 3.6756 6.1509
-1.5629 3.6820 6.1509
-1.5300 3.6937 6.1509
-1.5063 3.7282 6.1509
-1.4854 3.7710 6.1509
-1.4682 3.8249 6.1509
-1.4359 3.8404 6.1509
-1.4037 3.8565 6.1509
-1.3733 3.8780 6.1509
-1.3426 3.8993 6.1509
-1.3102 3.9156 6.1509
-1.2796 3.9383 6.1509
-1.2485 3.9598 6.1509
-1.2201 3.9907 6.1509
-1.1880 4.0107 6.1509
-1.1541 4.0248 6.1509
-1.1208 4.0415 6.1509
-1.0881 4.0608 6.1509
-1.0564 4.0846 6.1509
-1.0226 4.1014 6.1509
-0.9907 4.1267 6.1509
-0.7113 3.0810 6.1509
-0.5859 2.6428 6.1509
-0.5562 2.6165 6.1509
-0.5309 2.6095 6.1509
-0.5116 2.6317 6.1509
-0.4913 2.6509 6.1509
-0.4692 2.6610 6.1509
-0.4479 2.6768 6.1509
-0.4247 2.6816 6.1509
-0.4034 2.6990 6.1509
-0.3791 2.6975 6.1509
-0.3539 2.6878 6.1509
-0.3309 2.6948 6.1509
-0.3070 2.6946 6.1509
-0.4016 3.8210 6.1509
-0.4000 4.1538 6.1509
-0.3872 4.4261 6.1509
-0.3775 4.7962 6.1509
-2.9423 2.7402 6.1509
-2.9939 2.8307 6.1509
-2.9818 3.3272 6.1509
-2.9735 3.4717 6.1509
-2.9462 3.6846 6.1509
-2.9663 3.7728 6.1509
-0.5750 2.5490 6.1509
-0.5802 2.6037 6.1509
-0.3943 2.6459 6.1509
-0.5313 2.7848 6.1509
-0.5295 2.8376 6.1509
-1.6103 3.6075 6.1509
-0.4901 2.9207 6.1509
-0.4908 2.9765 6.1509
-0.4892 3.0314 6.1509
-0.4878 3.0870 6.1509
-0.4866 3.1435 6.1509
-0.4856 3.2007 6.1509
-0.4846 3.2588 6.1509
-0.4838 3.3177 6.1509
-0.4838 3.3781 6.1509
-0.4831 3.4388 6.1509
-0.4825 3.5003 6.1509
-1.0822 4.0575 6.1509
-0.4506 3.6003 6.1509
-0.9886 4.1240 6.1509
-0.4513 3.7304 6.1509
-0.4515 3.7968 6.1509
-0.4524 3.8649 6.1509
-0.4524 3.9333 6.1509
-0.4545 4.0047 6.1509
-0.4557 4.0764 6.1509
-0.4566 4.1492 6.1509
-0.4580 4.2237 6.1509
-0.4599 4.2999 6.1509
-2.9414 2.7913 6.5610
-2.9061 2.8064 6.5610
-2.8801 2.8303 6.5610
-2.8871 2.8871 6.5610
-2.8927 2.9436 6.5610
-2.9273 3.0313 6.5610
-2.9214 3.0785 6.5610
-2.9176 3.1287 6.5610
-2.9206 3.1872 6.5610
-2.9221 3.2453 6.5610
-2.9202 3.3006 6.5610
-2.9162 3.3547 6.5610
-2.9180 3.4165 6.5610
-2.9131 3.4717 6.5610
-2.9196 3.5418 6.5610
-2.9169 3.6021 6.5610
-2.9165 3.6665 6.5610
-2.9176 3.7344 6.5610
-2.9160 3.8002 6.5610
-2.9194 3.8742 6.5610
-2.9247 3.9526 6.5610
-2.9354 4.0402 6.5610
-2.9320 4.1105 6.5610
-2.9270 4.1801 6.5610
-2.9006 4.2204 6.5610
-2.8586 4.2380 6.5610
-2.8000 4.2303 6.5610
-2.7330 4.2084 6.5610
-2.6569 4.1706 6.5610
-2.5849 4.1368 6.5610
-2.5022 4.0833 6.5610
-2.4356 4.0535 6.5610
-2.3575 4.0023 6.5610
-2.2925 3.9707 6.5610
-2.2189 3.9218 6.5610
-2.1574 3.8921 6.5610
-2.0971 3.8624 6.5610
-2.0366 3.8302 6.5610
-1.9754 3.7946 6.5610
-1.9049 3.7387 6.5610
-1.8495 3.7095 6.5610
-1.7982 3.6869 6.5610
-1.7410 3.6501 6.5610
-1.6820 3.6071 6.5610
-1.6459 3.6116 6.5610
-1.6115 3.6195 6.5610
-1.5663 3.6022 6.5610
-1.5383 3.6240 6.5610
-1.5147 3.6567 6.5610
-1.4898 3.6874 6.5610
-1.4642 3.7170 6.5610
-1.4331 3.7334 6.5610
-1.4089 3.7682 6.5610
-1.3838 3.8020 6.5610
-1.3496 3.8111 6.5610
-1.3273 3.8549 6.5610
-1.2971 3.8767 6.5610
-1.2664 3.8974 6.5610
-1.2362 3.9207 6.5610
-1.2031 3.9352 6.5610
-1.1727 3.9590 6.5610
-1.1403 3.9767 6.5610
-1.1088 3.9981 6.5610
-1.0782 4.0240 6.5610
-1.0481 4.0527 6.5610
-1.0192 4.0879 6.5610
-0.9854 4.1044 6.5610
-0.9482 4.1070 6.5610
-0.5785 2.6096 6.5610
-0.5572 2.6214 6.5610
-0.5353 2.6311 6.5610
-0.5142 2.6455 6.5610
-0.4908 2.6479 6.5610
-0.4699 2.6649 6.5610
-0.4466 2.6689 6.5610
-0.4228 2.6697 6.5610
-0.4010 2.6832 6.5610
-0.3801 2.7044 6.5610
-0.3552 2.6977 6.5610
-0.3314 2.6987 6.5610
-0.3076 2.6995 6.5610
-0.4026 3.8309 6.5610
-0.4056 4.2125 6.5610
-0.3885 4.4400 6.5610
-0.3801 4.8301 6.5610
-3.0097 2.6982 6.5610
-2.9414 2.7399 6.5610
-2.9921 2.8299 6.5610
-2.9572 3.5384 6.5610
-2.9737 3.6229 6.5610
-2.9733 3.7767 6.5610
-0.6096 2.5690 6.5610
-0.6120 2.6225 6.5610
-0.5076 2.6123 6.5610
-0.3952 2.6464 6.5610
-0.5347 2.7870 6.5610
-0.5303 2.8381 6.5610
-1.5778 3.5859 6.5610
-0.4917 2.9218 6.5610
-0.4908 2.9765 6.5610
-0.4892 3.0314 6.5610
-0.4878 3.0870 6.5610
-0.4866 3.1435 6.5610
-0.4847 3.2001 6.5610
-0.4854 3.2594 6.5610
-0.4846 3.3184 6.5610
-0.4830 3.3775 6.5610
-0.4831 3.4388 6.5610
-0.4833 3.5009 6.5610
-0.4826 3.5633 6.5610
-1.0190 4.0772 6.5610
-0.4510 3.6648 6.5610
-0.4505 3.7297 6.5610
-0.4515 3.7968 6.5610
-0.4524 3.8649 6.5610
-0.4532 3.9340 6.5610
-0.4545 4.0047 6.5610
-0.4549 4.0757 6.5610
-0.4566 4.1492 6.5610
-0.4566 4.2223 6.5610
-2.9291 2.7796 6.9710
-2.9097 2.8099 6.9710
-2.8801 2.8303 6.9710
-2.8907 2.8907 6.9710
-2.8913 2.9422 6.9710
-2.9141 3.0176 6.9710
-2.9234 3.0807 6.9710
-2.9285 3.1404 6.9710
-2.9172 3.1836 6.9710
-2.9241 3.2475 6.9710
-2.9241 3.3051 6.9710
-2.9214 3.3607 6.9710
-2.9271 3.4271 6.9710
-2.9285 3.4901 6.9710
-2.9317 3.5564 6.9710
-2.9314 3.6199 6.9710
-2.9215 3.6728 6.9710
-2.9318 3.7525 6.9710
-2.9379 3.8287 6.9710
-2.9399 3.9013 6.9710
-2.9360 3.9678 6.9710
-2.9336 4.0378 6.9710
-2.9343 4.1137 6.9710
-2.9361 4.1932 6.9710
-2.9023 4.2228 6.9710
-2.8776 4.2662 6.9710
-2.8165 4.2553 6.9710
-2.7493 4.2336 6.9710
-2.6677 4.1874 6.9710
-2.5929 4.1495 6.9710
-2.5153 4.1046 6.9710
-2.4454 4.0698 6.9710
-2.3601 4.0066 6.9710
-2.2840 3.9560 6.9710
-2.2189 3.9218 6.9710
-2.1521 3.8824 6.9710
-2.0737 3.8193 6.9710
-2.0112 3.7825 6.9710
-1.9440 3.7343 6.9710
-1.8836 3.6968 6.9710
-1.8285 3.6674 6.9710
-1.7675 3.6239 6.9710
-1.7199 3.6058 6.9710
-1.6761 3.5944 6.9710
-1.6302 3.5771 6.9710
-1.5936 3.5793 6.9710
-1.5503 3.5655 6.9710
-1.5211 3.5835 6.9710
-1.4913 3.6004 6.9710
-1.4763 3.6540 6.9710
-1.4429 3.6631 6.9710
-1.4238 3.7091 6.9710
-1.3970 3.7364 6.9710
-1.3718 3.7691 6.9710
-1.3469 3.8036 6.9710
-1.3221 3.8398 6.9710
-1.2940 3.8673 6.9710
-1.2645 3.8917 6.9710
-1.2344 3.9150 6.9710
-1.2037 3.9371 6.9710
-1.1727 3.9590 6.9710
-1.1403 3.9767 6.9710
-1.1114 4.0077 6.9710
-1.0816 4.0366 6.9710
-1.0446 4.0391 6.9710
-1.0095 4.0490 6.9710
-0.9744 4.0587 6.9710
-0.6087 2.6366 6.9710
-0.5848 2.6380 6.9710
-0.5612 2.6400 6.9710
-0.5345 2.6272 6.9710
-0.5123 2.6357 6.9710
-0.4886 2.6361 6.9710
-0.4650 2.6373 6.9710
-0.4417 2.6393 6.9710
-0.4211 2.6589 6.9710
-0.3970 2.6565 6.9710
-0.3756 2.6727 6.9710
-0.3520 2.6739 6.9710
-0.3298 2.6858 6.9710
-0.4046 3.8498 6.9710
-0.4026 4.1817 6.9710
-0.3912 4.4709 6.9710
-0.3850 4.8919 6.9710
-3.0097 2.6982 6.9710
-2.9423 2.7402 6.9710
-2.9774 3.3250 6.9710
-2.9673 3.4685 6.9710
-2.9666 3.6192 6.9710
-2.9698 3.7747 6.9710
-0.5388 2.5793 6.9710
-0.4647 2.5865 6.9710
-0.5338 2.7864 6.9710
-0.5303 2.8381 6.9710
-1.5469 3.5655 6.9710
-0.4934 2.9229 6.9710
-0.4908 2.9765 6.9710
-0.4892 3.0314 6.9710
-0.4887 3.0876 6.9710
-0.4890 3.1452 6.9710
-0.4864 3.2013 6.9710
-0.4862 3.2600 6.9710
-0.4854 3.3190 6.9710
-0.4838 3.3781 6.9710
-0.4831 3.4388 6.9710
-0.4833 3.5009 6.9710
-0.4826 3.5633 6.9710
-0.4828 3.6273 6.9710
-0.9179 4.0636 6.9710
-0.4513 3.7304 6.9710
-0.4515 3.7968 6.9710
-0.4524 3.8649 6.9710
-0.4532 3.9340 6.9710
-0.4545 4.0047 6.9710
-0.4557 4.0764 6.9710
-0.4559 4.1485 6.9710
-2.9363 2.7865 7.3811
-2.9061 2.8064 7.3811
-2.8687 2.8191 7.3811
-2.8808 2.8808 7.3811
-2.8941 2.9450 7.3811
-2.9224 3.0263 7.3811
-2.9179 3.0749 7.3811
-2.9244 3.1360 7.3811
-2.9185 3.1850 7.3811
-2.9214 3.2446 7.3811
-2.9208 3.3014 7.3811
-2.9195 3.3585 7.3811
-2.9245 3.4241 7.3811
-2.9195 3.4794 7.3811
-2.9228 3.5456 7.3811
-2.9257 3.6130 7.3811
-2.9252 3.6775 7.3811
-2.9287 3.7486 7.3811
-2.9300 3.8184 7.3811
-2.9357 3.8957 7.3811
-2.9349 3.9662 7.3811
-2.9430 4.0507 7.3811
-2.9395 4.1211 7.3811
-2.9350 4.1916 7.3811
-2.9091 4.2327 7.3811
-2.8759 4.2637 7.3811
-2.8276 4.2720 7.3811
-2.7482 4.2319 7.3811
-2.6822 4.2102 7.3811
-2.6056 4.1699 7.3811
-2.5247 4.1200 7.3811
-2.4397 4.0604 7.3811
-2.3631 4.0117 7.3811
-2.2885 3.9638 7.3811
-2.2174 3.9192 7.3811
-2.1535 3.8851 7.3811
-2.0952 3.8589 7.3811
-2.0338 3.8249 7.3811
-1.9703 3.7849 7.3811
-1.9163 3.7609 7.3811
-1.8615 3.7337 7.3811
-1.8100 3.7111 7.3811
-1.7565 3.6825 7.3811
-1.6972 3.6397 7.3811
-1.6472 3.6144 7.3811
-1.6038 3.6021 7.3811
-1.5603 3.5885 7.3811
-1.5258 3.5946 7.3811
-1.5024 3.6272 7.3811
-1.4789 3.6605 7.3811
-1.4546 3.6928 7.3811
-1.4317 3.7297 7.3811
-1.4064 3.7617 7.3811
-1.3763 3.7813 7.3811
-1.3479 3.8064 7.3811
-1.3159 3.8218 7.3811
-1.2889 3.8521 7.3811
-1.2648 3.8927 7.3811
-1.2347 3.9160 7.3811
-1.2054 3.9428 7.3811
-1.1789 3.9801 7.3811
-1.1497 4.0094 7.3811
-1.1171 4.0280 7.3811
-1.0842 4.0463 7.3811
-1.0463 4.0459 7.3811
-1.0115 4.0568 7.3811
-0.6894 2.8714 7.3811
-0.6152 2.6649 7.3811
-0.5896 2.6594 7.3811
-0.5647 2.6566 7.3811
-0.5383 2.6458 7.3811
-0.5116 2.6317 7.3811
-0.4866 2.6253 7.3811
-0.4638 2.6304 7.3811
-0.4417 2.6393 7.3811
-0.4191 2.6460 7.3811
-0.3976 2.6605 7.3811
-0.3749 2.6678 7.3811
-0.3505 2.6620 7.3811
-0.3359 2.7355 7.3811
-0.4056 3.8587 7.3811
-0.3980 4.1339 7.3811
-0.3965 4.5317 7.3811
-0.3921 4.9816 7.3811
-3.0097 2.6982 7.3811
-2.9423 2.7402 7.3811
-2.8729 2.7806 7.3811
-2.9793 2.9651 7.3811
-2.9642 3.3924 7.3811
-2.9780 3.4739 7.3811
-2.9649 3.6182 7.3811
-2.9496 3.8414 7.3811
-0.5354 2.5773 7.3811
-0.4707 2.5901 7.3811
-2.9342 4.2330 7.3811
-2.0114 3.7278 7.3811
-0.5312 2.8387 7.3811
-0.5287 2.8916 7.3811
-0.4941 2.9787 7.3811
-0.4917 3.0331 7.3811
-0.4903 3.0888 7.3811
-0.4882 3.1447 7.3811
-0.4872 3.2019 7.3811
-0.4862 3.2600 7.3811
-0.4846 3.3184 7.3811
-0.4838 3.3781 7.3811
-0.4839 3.4394 7.3811
-0.4833 3.5009 7.3811
-0.4834 3.5639 7.3811
-0.4828 3.6273 7.3811
-0.9171 4.0629 7.3811
-0.4513 3.7304 7.3811
-0.4515 3.7968 7.3811
-0.7229 4.1085 7.3811
-0.4185 3.9022 7.3811
-0.4545 4.0047 7.3811
-0.4557 4.0764 7.3811
-0.4559 4.1485 7.3811
-2.9269 2.7775 7.7912
-2.9047 2.8050 7.7912
-2.8951 2.8450 7.7912
-2.8892 2.8892 7.7912
-2.8870 2.9379 7.7912
-2.9245 3.0284 7.7912
-2.9289 3.0865 7.7912
-2.9251 3.1368 7.7912
-2.9172 3.1836 7.7912
-2.9174 3.2401 7.7912
-2.9202 3.3006 7.7912
-2.9116 3.3494 7.7912
-2.9173 3.4157 7.7912
-2.9157 3.4748 7.7912
-2.9183 3.5402 7.7912
-2.9188 3.6044 7.7912
-2.9134 3.6626 7.7912
-2.9189 3.7360 7.7912
-2.9336 3.8232 7.7912
-2.9284 3.8862 7.7912
-2.9301 3.9598 7.7912
-2.9330 4.0370 7.7912
-2.9308 4.1088 7.7912
-2.9218 4.1728 7.7912
-2.9040 4.2253 7.7912
-2.8866 4.2795 7.7912
-2.8403 4.2912 7.7912
-2.7837 4.2864 7.7912
-2.7225 4.2735 7.7912
-2.6491 4.2394 7.7912
-2.5629 4.1822 7.7912
-2.4820 4.1307 7.7912
-2.4083 4.0884 7.7912
-2.3310 4.0374 7.7912
-2.2553 3.9862 7.7912
-2.1909 3.9524 7.7912
-2.1181 3.9011 7.7912
-2.0478 3.8514 7.7912
-1.9943 3.8310 7.7912
-1.9508 3.8287 7.7912
-1.8977 3.8062 7.7912
-1.8346 3.7615 7.7912
-1.7879 3.7484 7.7912
-1.7433 3.7385 7.7912
-1.7002 3.7308 7.7912
-1.6587 3.7254 7.7912
-1.6205 3.7269 7.7912
-1.5512 3.6544 7.7912
-1.5147 3.6567 7.7912
-1.4913 3.6911 7.7912
-1.4671 3.7245 7.7912
-1.4381 3.7465 7.7912
-1.4047 3.7570 7.7912
-1.3787 3.7879 7.7912
-1.3509 3.8149 7.7912
-1.3231 3.8426 7.7912
-1.2940 3.8673 7.7912
-1.2701 3.9088 7.7912
-1.2404 3.9341 7.7912
-1.2122 3.9648 7.7912
-1.1818 3.9896 7.7912
-1.1502 4.0113 7.7912
-1.1216 4.0444 7.7912
-1.0868 4.0559 7.7912
-1.0549 4.0788 7.7912
-1.0197 4.0898 7.7912
-0.6553 2.7294 7.7912
-0.6233 2.7000 7.7912
-0.5911 2.6663 7.7912
-0.5622 2.6449 7.7912
-0.5375 2.6419 7.7912
-0.5116 2.6317 7.7912
-0.4871 2.6282 7.7912
-0.4635 2.6285 7.7912
-0.4403 2.6314 7.7912
-0.4167 2.6312 7.7912
-0.3964 2.6525 7.7912
-0.3741 2.6618 7.7912
-0.3532 2.6828 7.7912
-0.4215 3.6991 7.7912
-0.4136 3.9353 7.7912
-0.4012 4.1667 7.7912
-0.3920 4.4809 7.7912
-0.3866 4.9118 7.7912
-0.3787 5.4158 7.7912
-2.9423 2.7402 7.7912
-2.9912 2.8296 7.7912
-2.9765 3.3246 7.7912
-2.9892 3.4049 7.7912
-2.9541 3.6889 7.7912
-2.9724 3.7762 7.7912
-2.9626 3.9275 7.7912
-0.5371 2.5783 7.7912
-0.4741 2.5922 7.7912
-2.9384 4.2356 7.7912
-2.2974 3.9099 7.7912
-1.9527 3.7618 7.7912
-1.6103 3.6075 7.7912
-0.4967 2.9251 7.7912
-0.4941 2.9787 7.7912
-0.4917 3.0331 7.7912
-0.4903 3.0888 7.7912
-1.3960 3.8041 7.7912
-0.4872 3.2019 7.7912
-0.4870 3.2606 7.7912
-0.4862 3.3196 7.7912
-0.4854 3.3794 7.7912
-0.4831 3.4388 7.7912
-0.4833 3.5009 7.7912
-0.4826 3.5633 7.7912
-1.0183 4.0766 7.7912
-0.4510 3.6648 7.7912
-0.4505 3.7297 7.7912
-0.4182 3.8341 7.7912
-0.4185 3.9022 7.7912
-0.4187 3.9713 7.7912
-0.4201 4.0427 7.7912
-0.4214 4.1152 7.7912
-0.4573 4.2230 7.7912
-0.4564 4.2964 7.7912
-2.9465 2.7961 8.2012
-2.9076 2.8078 8.2012
-2.8894 2.8394 8.2012
-2.8928 2.8928 8.2012
-2.9025 2.9536 8.2012
-2.9280 3.0320 8.2012
-2.9241 3.0814 8.2012
-2.9224 3.1339 8.2012
-2.9260 3.1931 8.2012
-2.9288 3.2527 8.2012
-2.9208 3.3014 8.2012
-2.9149 3.3532 8.2012
-2.9258 3.4256 8.2012
-2.9086 3.4664 8.2012
-2.9126 3.5333 8.2012
-2.9163 3.6013 8.2012
-2.9221 3.6736 8.2012
-2.9269 3.7462 8.2012
-2.9294 3.8176 8.2012
-2.9272 3.8846 8.2012
-2.9408 3.9743 8.2012
-2.9342 4.0386 8.2012
-2.9343 4.1137 8.2012
-2.9281 4.1818 8.2012
-2.9340 4.2690 8.2012
-2.9039 4.3052 8.2012
-2.8899 4.3662 8.2012
-2.8724 4.4231 8.2012
-2.8020 4.3983 8.2012
-2.7423 4.3886 8.2012
-2.6595 4.3399 8.2012
-2.5747 4.2850 8.2012
-2.5093 4.2599 8.2012
-2.4355 4.2184 8.2012
-2.3681 4.1855 8.2012
-2.2980 4.1457 8.2012
-2.2259 4.0997 8.2012
-2.1629 4.0677 8.2012
-2.1056 4.0448 8.2012
-2.0475 4.0184 8.2012
-1.9958 4.0030 8.2012
-1.9424 3.9826 8.2012
-1.8878 3.9578 8.2012
-1.8333 3.9316 8.2012
-1.7915 3.9310 8.2012
-1.7465 3.9228 8.2012
-1.7054 3.9223 8.2012
-1.6590 3.9085 8.2012
-1.6107 3.8886 8.2012
-1.5647 3.8728 8.2012
-1.5140 3.8436 8.2012
-1.4690 3.8267 8.2012
-1.4425 3.8582 8.2012
-1.4108 3.8762 8.2012
-1.3776 3.8903 8.2012
-1.3482 3.9154 8.2012
-1.3197 3.9441 8.2012
-1.2923 3.9773 8.2012
-1.2660 4.0151 8.2012
-1.2373 4.0471 8.2012
-1.2099 4.0846 8.2012
-1.1772 4.1055 8.2012
-1.1462 4.1330 8.2012
-1.1155 4.1631 8.2012
-1.0821 4.1843 8.2012
-0.7405 2.9701 8.2012
-0.6520 2.7158 8.2012
-0.6245 2.7049 8.2012
-0.5967 2.6916 8.2012
-0.5693 2.6782 8.2012
-0.5387 2.6478 8.2012
-0.5091 2.6190 8.2012
-0.4864 2.6243 8.2012
-0.4621 2.6206 8.2012
-0.4379 2.6166 8.2012
-0.4150 2.6203 8.2012
-0.3945 2.6397 8.2012
-0.3989 2.8381 8.2012
-0.4358 3.8253 8.2012
-0.4095 3.8965 8.2012
-0.4019 4.1737 8.2012
-0.3929 4.4908 8.2012
-0.3873 4.9208 8.2012
-0.4091 5.8507 8.2012
-2.9423 2.7402 8.2012
-2.9756 3.3242 8.2012
-2.9910 3.4058 8.2012
-2.9666 3.6192 8.2012
-2.9645 3.7718 8.2012
-2.9687 3.9310 8.2012
-0.5061 2.5600 8.2012
-0.7056 2.7312 8.2012
-2.9658 4.1706 8.2012
-2.9532 4.4116 8.2012
-2.2515 4.0319 8.2012
-0.5241 2.9436 8.2012
-0.5213 2.9974 8.2012
-0.5195 3.0526 8.2012
-0.5188 3.1091 8.2012
-0.5182 3.1664 8.2012
-2.9309 5.0102 8.2012
-0.4878 3.2612 8.2012
-0.4862 3.3196 8.2012
-0.4846 3.3788 8.2012
-0.4839 3.4394 8.2012
-0.4840 3.5015 8.2012
-0.4834 3.5639 8.2012
-0.4828 3.6273 8.2012
-1.0540 4.1798 8.2012
-0.4513 3.7304 8.2012
-0.4515 3.7968 8.2012
-0.4517 3.8642 8.2012
-0.4532 3.9340 8.2012
-0.7580 4.2877 8.2012
-0.4194 4.0420 8.2012
-0.4214 4.1152 8.2012
-0.4217 4.1879 8.2012
-0.4592 4.2992 8.2012
-0.4587 4.3744 8.2012
-2.9399 2.7899 8.6113
-2.9047 2.8050 8.6113
-2.8929 2.8429 8.6113
-2.8899 2.8899 8.6113
-2.8962 2.9472 8.6113
-2.9322 3.0363 8.6113
-2.9269 3.0843 8.6113
-2.9258 3.1375 8.6113
-2.9179 3.1843 8.6113
-2.9194 3.2423 8.6113
-2.9241 3.3051 8.6113
-2.9195 3.3585 8.6113
-2.9160 3.4142 8.6113
-2.9099 3.4679 8.6113
-2.9183 3.5402 8.6113
-2.9156 3.6005 8.6113
-2.9090 3.6571 8.6113
-2.9176 3.7344 8.6113
-2.9154 3.7994 8.6113
-2.9140 3.8670 8.6113
-2.9152 3.9397 8.6113
-2.9260 4.0273 8.6113
-2.9355 4.1154 8.6113
-2.9315 4.1867 8.6113
-2.9391 4.2764 8.6113
-2.9296 4.3433 8.6113
-2.9269 4.4221 8.6113
-2.9078 4.4777 8.6113
-2.8944 4.5433 8.6113
-2.8738 4.5990 8.6113
-2.8163 4.5957 8.6113
-2.7467 4.5713 8.6113
-2.6671 4.5279 8.6113
-2.5755 4.4609 8.6113
-2.5074 4.4319 8.6113
-2.4318 4.3871 8.6113
-2.3658 4.3572 8.6113
-2.3084 4.3415 8.6113
-2.2376 4.2985 8.6113
-2.1778 4.2742 8.6113
-2.1132 4.2384 8.6113
-2.0599 4.2234 8.6113
-2.0101 4.2142 8.6113
-1.9555 4.1935 8.6113
-1.8993 4.1676 8.6113
-1.8523 4.1603 8.6113
-1.8079 4.1580 8.6113
-1.7610 4.1487 8.6113
-1.7175 4.1464 8.6113
-1.6756 4.1473 8.6113
-1.6247 4.1245 8.6113
-1.5818 4.1208 8.6113
-1.5374 4.1120 8.6113
-1.5035 4.1309 8.6113
-1.4698 4.1505 8.6113
-1.4332 4.1622 8.6113
-1.4006 4.1859 8.6113
-1.3625 4.1932 8.6113
-1.3312 4.2221 8.6113
-1.2905 4.2211 8.6113
-1.2551 4.2370 8.6113
-1.2200 4.2545 8.6113
-1.1833 4.2670 8.6113
-1.1461 4.2771 8.6113
-1.1107 4.2947 8.6113
-0.6851 2.7479 8.6113
-0.6527 2.7187 8.6113
-0.6263 2.7126 8.6113
-0.5991 2.7024 8.6113
-0.5676 2.6703 8.6113
-0.5383 2.6458 8.6113
-0.5114 2.6308 8.6113
-0.4853 2.6184 8.6113
-0.4626 2.6235 8.6113
-0.4417 2.6393 8.6113
-0.4221 2.6648 8.6113
-0.4010 2.6832 8.6113
-0.4091 3.8926 8.6113
-0.4088 4.2454 8.6113
-0.3991 4.5616 8.6113
-0.3889 4.9417 8.6113
-0.3881 5.5504 8.6113
-2.9646 2.7492 8.6113
-2.9191 2.7997 8.6113
-2.9623 3.0286 8.6113
-2.9692 3.1031 8.6113
-2.9836 3.1819 8.6113
-2.9738 3.3233 8.6113
-2.9717 3.4708 8.6113
-2.9684 3.6201 8.6113
-2.9470 3.8399 8.6113
-0.5354 2.5773 8.6113
-0.4750 2.5927 8.6113
-0.6671 2.7619 8.6113
-2.9384 4.2356 8.6113
-2.9220 4.4757 8.6113
-0.4924 2.9776 8.6113
-2.1783 4.2141 8.6113
-0.4903 3.0888 8.6113
-0.4882 3.1447 8.6113
-0.4880 3.2025 8.6113
-0.4870 3.2606 8.6113
-0.4869 3.3202 8.6113
-0.5161 3.4034 8.6113
-1.4160 4.1808 8.6113
-0.4848 3.5022 8.6113
-0.4842 3.5646 8.6113
-0.4836 3.6279 8.6113
-0.4837 3.6928 8.6113
-0.4845 3.7592 8.6113
-1.0604 4.3355 8.6113
-0.4517 3.8642 8.6113
-0.4524 3.9333 8.6113
-0.4545 4.0047 8.6113
-0.4549 4.0757 8.6113
-0.7667 4.4486 8.6113
-0.4217 4.1879 8.6113
-0.4599 4.2999 8.6113
-0.4622 4.3779 8.6113
-0.4620 4.4549 8.6113
-2.9421 2.7920 9.0214
-2.9054 2.8057 9.0214
-2.8858 2.8359 9.0214
-2.8907 2.8907 9.0214
-2.8927 2.9436 9.0214
-2.9203 3.0241 9.0214
-2.9179 3.0749 9.0214
-2.9237 3.1353 9.0214
-2.9179 3.1843 9.0214
-2.9221 3.2453 9.0214
-2.9215 3.3021 9.0214
-2.9182 3.3569 9.0214
-2.9219 3.4211 9.0214
-2.9157 3.4748 9.0214
-2.9120 3.5325 9.0214
-2.9119 3.5959 9.0214
-2.9090 3.6571 9.0214
-2.9145 3.7304 9.0214
-2.9105 3.7930 9.0214
-2.9098 3.8614 9.0214
-2.9176 3.9429 9.0214
-2.9113 4.0071 9.0214
-2.9111 4.0812 9.0214
-2.9092 4.1547 9.0214
-2.9091 4.2327 9.0214
-2.9056 4.3077 9.0214
-2.9054 4.3896 9.0214
-2.9056 4.4743 9.0214
-2.8934 4.5417 9.0214
-2.8934 4.6303 9.0214
-2.8790 4.6980 9.0214
-2.8502 4.7436 9.0214
-2.7981 4.7502 9.0214
-2.7375 4.7415 9.0214
-2.6758 4.7295 9.0214
-2.6136 4.7151 9.0214
-2.5542 4.7043 9.0214
-2.4760 4.6567 9.0214
-2.4043 4.6187 9.0214
-2.3390 4.5905 9.0214
-2.2854 4.5839 9.0214
-2.2256 4.5632 9.0214
-2.1693 4.5481 9.0214
-2.1127 4.5306 9.0214
-2.0631 4.5271 9.0214
-2.0064 4.5065 9.0214
-1.9535 4.4927 9.0214
-1.9036 4.4847 9.0214
-1.8629 4.4974 9.0214
-1.8030 4.4625 9.0214
-1.7526 4.4493 9.0214
-1.7144 4.4662 9.0214
-1.6715 4.4707 9.0214
-1.6198 4.4504 9.0214
-1.5829 4.4700 9.0214
-1.5422 4.4789 9.0214
-1.5005 4.4846 9.0214
-1.4595 4.4918 9.0214
-1.4151 4.4882 9.0214
-1.3750 4.4975 9.0214
-1.3323 4.4978 9.0214
-1.2944 4.5141 9.0214
-1.2541 4.5223 9.0214
-1.2149 4.5341 9.0214
-1.1755 4.5455 9.0214
-0.6672 2.6761 9.0214
-0.6385 2.6594 9.0214
-0.6123 2.6522 9.0214
-0.5863 2.6448 9.0214
-0.5628 2.6478 9.0214
-0.5383 2.6458 9.0214
-0.5146 2.6474 9.0214
-0.4906 2.6469 9.0214
-0.4664 2.6452 9.0214
-0.4432 2.6482 9.0214
-0.4178 2.6381 9.0214
-0.3978 2.6614 9.0214
-0.3791 2.6975 9.0214
-0.4136 3.9353 9.0214
-0.4034 4.1896 9.0214
-0.3980 4.5486 9.0214
-0.3871 4.9188 9.0214
-0.3923 5.6103 9.0214
-2.9423 2.7402 9.0214
-2.9609 3.1713 9.0214
-2.9709 3.2486 9.0214
-2.9570 3.3889 9.0214
-2.9572 3.5384 9.0214
-2.9471 3.6851 9.0214
-2.9549 3.8444 9.0214
-0.6434 2.5885 9.0214
-0.5793 2.6032 9.0214
-0.4656 2.5870 9.0214
-2.9658 4.1706 9.0214
-2.9524 4.4110 9.0214
-0.4942 2.9235 9.0214
-0.4908 2.9765 9.0214
-0.4917 3.0331 9.0214
-0.4895 3.0882 9.0214
-0.4874 3.1441 9.0214
-0.4872 3.2019 9.0214
-0.4862 3.2600 9.0214
-0.4862 3.3196 9.0214
-0.4862 3.3800 9.0214
-0.5160 3.4649 9.0214
-0.5159 3.5273 9.0214
-1.6000 4.4844 9.0214
-0.4843 3.6285 9.0214
-0.4844 3.6934 9.0214
-0.4845 3.7592 9.0214
-1.3038 4.5509 9.0214
-0.4858 3.8950 9.0214
-0.4871 3.9650 9.0214
-0.4889 4.0367 9.0214
-1.0077 4.6003 9.0214
-0.4552 4.1478 9.0214
-0.4559 4.2216 9.0214
-0.4578 4.2978 9.0214
-0.4594 4.3751 9.0214
-0.4620 4.4549 9.0214
-0.4650 4.5365 9.0214
-0.4668 4.6185 9.0214
-2.9247 2.7754 9.4314
-2.9104 2.8106 9.4314
-2.7774 2.7293 9.4314
-2.7584 2.7584 9.4314
-2.7167 2.7646 9.4314
-2.6717 2.7666 9.4314
-2.6240 2.7651 9.4314
-2.5752 2.7616 9.4314
-2.5105 2.7397 9.4314
-2.4805 2.7548 9.4314
-2.4391 2.7569 9.4314
-2.3867 2.7456 9.4314
-2.3445 2.7451 9.4314
-2.2986 2.7394 9.4314
-2.2632 2.7454 9.4314
-2.2064 2.7247 9.4314
-2.1657 2.7227 9.4314
-2.1302 2.7265 9.4314
-2.0862 2.7188 9.4314
-2.0492 2.7194 9.4314
-2.0164 2.7251 9.4314
-1.9726 2.7151 9.4314
-1.9454 2.7273 9.4314
-1.8968 2.7089 9.4314
-1.8782 2.7328 9.4314
-1.8498 2.7425 9.4314
-1.7999 2.7193 9.4314
-1.7712 2.7274 9.4314
-1.7462 2.7410 9.4314
-1.7122 2.7400 9.4314
-1.6736 2.7310 9.4314
-1.6476 2.7421 9.4314
-1.6140 2.7400 9.4314
-1.5875 2.7496 9.4314
-1.5600 2.7573 9.4314
-1.5213 2.7446 9.4314
-1.4968 2.7568 9.4314
-1.4666 2.7583 9.4314
-1.4323 2.7515 9.4314
-1.4010 2.7496 9.4314
-1.3694 2.7466 9.4314
-1.3458 2.7593 9.4314
-1.3148 2.7565 9.4314
-1.2822 2.7497 9.4314
-1.2540 2.7517 9.4314
-1.2300 2.7626 9.4314
-1.1970 2.7530 9.4314
-1.1671 2.7495 9.4314
-1.1408 2.7541 9.4314
-1.1107 2.7491 9.4314
-1.0837 2.7512 9.4314
-1.0561 2.7513 9.4314
-1.0300 2.7548 9.4314
-1.0038 2.7580 9.4314
-0.9757 2.7553 9.4314
-0.9494 2.7571 9.4314
-0.9164 2.7388 9.4314
-0.8906 2.7409 9.4314
-0.8669 2.7496 9.4314
-0.8382 2.7417 9.4314
-0.8111 2.7384 9.4314
-0.7864 2.7425 9.4314
-0.7627 2.7502 9.4314
-0.7353 2.7442 9.4314
-0.7111 2.7495 9.4314
-0.6880 2.7595 9.4314
-0.6375 2.6555 9.4314
-0.6170 2.6727 9.4314
-0.5922 2.6711 9.4314
-0.5566 2.6185 9.4314
-0.5327 2.6184 9.4314
-0.5104 2.6259 9.4314
-0.4873 2.6292 9.4314
-0.4631 2.6265 9.4314
-0.4436 2.6511 9.4314
-0.4211 2.6589 9.4314
-0.3978 2.6614 9.4314
-0.3863 2.7490 9.4314
-0.4293 3.7676 9.4314
-0.4141 3.9403 9.4314
-0.4078 4.2354 9.4314
-0.4094 4.6791 9.4314
-0.3914 4.9726 9.4314
-0.3939 5.6332 9.4314
-2.9182 2.7305 9.4314
-2.7038 2.7105 9.4314
-2.5317 2.7046 9.4314
-2.4309 2.7266 9.4314
-2.2497 2.7113 9.4314
-2.1157 2.7142 9.4314
-1.9785 2.7132 9.4314
-1.8120 2.6959 9.4314
-1.6939 2.6991 9.4314
-1.6021 2.7133 9.4314
-1.4847 2.7130 9.4314
-1.4217 2.7391 9.4314
-1.2652 2.7145 9.4314
-1.1666 2.7184 9.4314
-1.1016 2.7392 9.4314
-0.5405 2.5803 9.4314
-0.6456 2.6952 9.4314
-2.9607 4.1674 9.4314
-0.5995 2.7741 9.4314
-2.9524 4.4110 9.4314
-2.9417 4.6610 9.4314
-2.9226 4.9133 9.4314
-2.9054 5.2701 9.4314
-2.9287 5.5797 9.4314
-2.7923 3.1011 9.8415
-2.7620 3.5994 9.8415
-2.7345 4.0540 9.8415
-2.7056 4.0877 9.8415
-2.6551 4.0885 9.8415
-2.6032 4.0862 9.8415
-2.5510 4.0825 9.8415
-2.4986 4.0773 9.8415
-2.4547 4.0853 9.8415
-2.4073 4.0867 9.8415
-2.3520 4.0738 9.8415
-2.0406 3.6068 9.8415
-1.7434 3.1451 9.8415
-1.6934 3.1189 9.8415
-1.6619 3.1256 9.8415
-1.6429 3.1560 9.8415
-1.6466 3.2317 9.8415
-1.6496 3.3086 9.8415
-1.6452 3.3732 9.8415
-1.6394 3.4370 9.8415
-1.6372 3.5110 9.8415
-1.6318 3.5807 9.8415
-1.6278 3.6560 9.8415
-1.6225 3.7315 9.8415
-1.6180 3.8118 9.8415
-1.6134 3.8951 9.8415
-1.6097 3.9841 9.8415
-1.6005 4.0631 9.8415
-1.5851 4.1292 9.8415
-1.5836 4.2356 9.8415
-1.5808 4.3433 9.8415
-1.5662 4.4229 9.8415
-1.3837 4.0185 9.8415
-1.3558 4.0522 9.8415
-1.3158 4.0496 9.8415
-1.2768 4.0495 9.8415
-1.2373 4.0471 9.8415
-1.2011 4.0548 9.8415
-1.1648 4.0623 9.8415
-1.1197 4.0376 9.8415
-1.0829 4.0414 9.8415
-1.0486 4.0546 9.8415
-1.0107 4.0539 9.8415
-0.9704 4.0421 9.8415
-0.9320 4.0368 9.8415
-0.8961 4.0419 9.8415
-0.8539 4.0173 9.8415
-0.6200 3.0476 9.8415
-0.7905 4.0669 9.8415
-0.7494 4.0431 9.8415
-0.6291 3.5680 9.8415
-0.6070 3.6276 9.8415
-0.6350 4.0090 9.8415
-0.6113 4.0906 9.8415
-0.4958 5.6674 9.8415
-0.4067 5.1670 9.8415
-0.3929 5.6193 9.8415
-2.8182 3.0343 9.8415
-2.6211 3.5081 9.8415
-2.7342 3.8725 9.8415
-2.7569 4.0426 9.8415
-2.5166 4.0496 9.8415
-2.4005 4.0527 9.8415
-2.2832 4.0529 9.8415
-0.6608 3.0359 9.8415
-1.9998 4.0136 9.8415
-1.4358 3.9756 9.8415
-1.3739 4.0008 9.8415
-0.6493 3.5074 9.8415
-1.1796 3.9928 9.8415
-1.1143 4.0119 9.8415
-1.0158 4.0028 9.8415
-0.9508 4.0200 9.8415
-0.8509 4.0064 9.8415
-0.7532 3.9928 9.8415
-0.6522 3.9744 9.8415
-1.1344 4.5582 9.8415
-1.3704 4.9445 9.8415
-1.0824 4.7535 9.8415
-1.1663 4.9197 9.8415
-1.0610 4.9010 9.8415
-2.3626 3.0790 10.2515
-2.3110 3.0668 10.2515
-2.2681 3.0651 10.2515
-2.2283 3.0670 10.2515
-2.1863 3.0651 10.2515
-2.1423 3.0595 10.2515
-2.1053 3.0633 10.2515
-2.0617 3.0567 10.2515
-2.0278 3.0637 10.2515
-1.9863 3.0586 10.2515
-1.9499 3.0607 10.2515
-1.9135 3.0623 10.2515
-1.8747 3.0593 10.2515
-1.8356 3.0549 10.2515
-1.7987 3.0536 10.2515
-1.7585 3.0458 10.2515
-1.7255 3.0497 10.2515
-1.6905 3.0498 10.2515
-1.6562 3.0504 10.2515
-1.6253 3.0568 10.2515
-1.5875 3.0495 10.2515
-1.5549 3.0517 10.2515
-1.5260 3.0607 10.2515
-1.4909 3.0568 10.2515
-1.4599 3.0607 10.2515
-1.4217 3.0488 10.2515
-1.3934 3.0575 10.2515
-1.3658 3.0677 10.2515
-1.3350 3.0703 10.2515
-1.2988 3.0598 10.2515
-1.2671 3.0590 10.2515
-1.2388 3.0662 10.2515
-1.2120 3.0769 10.2515
-1.1780 3.0687 10.2515
-1.1490 3.0732 10.2515
-1.1181 3.0719 10.2515
-1.0809 3.0523 10.2515
-1.0591 3.0758 10.2515
-1.0366 3.0982 10.2515
-1.0148 3.1233 10.2515
-1.0017 3.1768 10.2515
-0.9803 3.2065 10.2515
-0.9639 3.2542 10.2515
-0.9683 3.3769 10.2515
-0.9631 3.4729 10.2515
-0.9522 3.5536 10.2515
-0.9539 3.6886 10.2515
-0.9628 3.8618 10.2515
-0.9464 3.9420 10.2515
-0.9817 4.2522 10.2515
-1.1506 5.1900 10.2515
-1.1059 5.2028 10.2515
-1.0561 5.1907 10.2515
-1.0079 5.1850 10.2515
-0.9602 5.1808 10.2515
-0.9129 5.1771 10.2515
-0.8673 5.1829 10.2515
-0.8203 5.1794 10.2515
-0.7735 5.1755 10.2515
-0.7291 5.1880 10.2515
-0.6838 5.1942 10.2515
-0.6381 5.1970 10.2515
-0.5927 5.2023 10.2515
-0.5460 5.1944 10.2515
-0.5004 5.1970 10.2515
-0.4538 5.1872 10.2515
-0.4064 5.1640 10.2515
-0.3938 5.6322 10.2515
-1.8433 3.9795 10.2515
-1.6878 3.9430 10.2515
-1.6241 3.9699 10.2515
-1.5322 3.9752 10.2515
-2.2030 4.6369 10.2515
-2.8833 5.2528 10.2515
-2.6643 5.1737 10.2515
-1.2822 4.1479 10.2515
-2.4595 5.1929 10.2515
-2.1466 5.0234 10.2515
-2.2851 5.2313 10.2515
-1.5811 4.7125 10.2515
-1.6214 4.8318 10.2515
-1.9409 5.2052 10.2515
-1.7559 5.1277 10.2515
-1.8046 5.2637 10.2515
-1.6373 5.1978 10.2515
-1.5594 5.2141 10.2515
-1.4174 5.1664 10.2515
-0.8297 5.0961 10.2515
-0.7274 5.1626 10.2515
-0.5834 5.1791 10.2515
-0.5123 5.1869 10.2515
-0.4427 5.1953 10.2515
-2.8859 5.3151 10.6616
-2.8506 5.3613 10.6616
-2.8744 5.5216 10.6616
-2.8288 5.5519 10.6616
-2.7776 5.5710 10.6616
-2.5846 5.2993 10.6616
-2.5275 5.2991 10.6616
-2.4685 5.2937 10.6616
-2.4031 5.2732 10.6616
-2.3273 5.2273 10.6616
-2.0129 4.6293 10.6616
-2.1670 5.1051 10.6616
-2.0083 4.8485 10.6616
-1.8670 4.6211 10.6616
-2.0462 5.1945 10.6616
-1.9965 5.2010 10.6616
-1.9465 5.2060 10.6616
-1.8753 5.1523 10.6616
-1.8329 5.1760 10.6616
-1.7916 5.2032 10.6616
-1.7385 5.1959 10.6616
-1.6894 5.1994 10.6616
-1.6370 5.1920 10.6616
-1.4586 4.7710 10.6616
-1.4093 4.7577 10.6616
-1.4650 5.1091 10.6616
-1.4412 5.1969 10.6616
-1.3924 5.1967 10.6616
-1.3438 5.1960 10.6616
-1.2897 5.1726 10.6616
-1.2424 5.1750 10.6616
-1.2046 5.2178 10.6616
-1.1554 5.2115 10.6616
-1.1069 5.2077 10.6616
-1.0574 5.1975 10.6616
-1.0117 5.2046 10.6616
-0.9635 5.1985 10.6616
-0.9151 5.1899 10.6616
-0.8678 5.1859 10.6616
-0.8244 5.2051 10.6616
-0.7754 5.1884 10.6616
-0.7283 5.1821 10.6616
-0.6837 5.1932 10.6616
-0.6369 5.1870 10.6616
-0.5898 5.1765 10.6616
-0.5425 5.1616 10.6616
-0.4634 4.8127 10.6616
-0.4191 4.7907 10.6616
-0.3900 4.9557 10.6616
-0.3963 5.6672 10.6616
-2.8738 4.7010 10.6616
-2.9045 5.0823 10.6616
-2.9211 5.2824 10.6616
-1.8996 4.5655 10.6616
-2.6049 5.2190 10.6616
-1.9194 4.7477 10.6616
-2.3611 5.2034 10.6616
-2.2113 5.1683 10.6616
-2.0762 5.1428 10.6616
-1.9367 5.1108 10.6616
-0.4858 3.8950 10.6616
-0.4193 3.9029 10.6616
-0.4882 4.0361 10.6616
-1.5873 5.1503 10.6616
-0.4552 4.1478 10.6616
-0.4923 4.2573 10.6616
-0.4939 4.3339 10.6616
-1.2549 5.1846 10.6616
-0.4606 4.4534 10.6616
-0.4608 4.5321 10.6616
-0.4641 4.6156 10.6616
-0.4696 4.7031 10.6616
-0.4712 4.7881 10.6616
-0.4690 4.8705 10.6616
-0.4736 4.9622 10.6616
-0.5535 5.1441 10.6616
-0.4860 5.1555 10.6616
-0.3126 5.3151 10.6616
-2.8296 2.2914 11.0717
-2.7640 2.2784 11.0717
-2.7256 2.2870 11.0717
-2.6660 2.2770 11.0717
-2.6196 2.2772 11.0717
-2.6011 2.3013 11.0717
-2.7422 2.4691 11.0717
-2.8171 2.5814 11.0717
-2.8420 2.6502 11.0717
-2.8703 2.7238 11.0717
-2.8694 2.7710 11.0717
-2.8737 2.8240 11.0717
-2.8723 2.8723 11.0717
-2.8688 2.9193 11.0717
-2.8738 2.9759 11.0717
-2.8718 3.0263 11.0717
-2.8385 3.0439 11.0717
-2.8341 3.0929 11.0717
-2.7421 3.0454 11.0717
-2.6485 2.9936 11.0717
-2.6229 3.0173 11.0717
-2.5958 3.0393 11.0717
-2.5364 3.0228 11.0717
-2.4737 3.0008 11.0717
-2.4330 3.0044 11.0717
-2.4116 3.0318 11.0717
-2.3980 3.0693 11.0717
-2.3870 3.1107 11.0717
-2.3814 3.1602 11.0717
-2.3888 3.2283 11.0717
-2.3940 3.2951 11.0717
-2.3954 3.3582 11.0717
-2.3935 3.4183 11.0717
-2.3976 3.4885 11.0717
-2.3922 3.5466 11.0717
-2.3954 3.6191 11.0717
-2.3773 3.6608 11.0717
-2.3894 3.7506 11.0717
-2.3905 3.8255 11.0717
-2.3878 3.8966 11.0717
-2.3800 3.9610 11.0717
-2.4012 4.0764 11.0717
-2.4355 4.2184 11.0717
-2.4597 4.3474 11.0717
-2.4614 4.4404 11.0717
-2.4784 4.5646 11.0717
-2.4516 4.6108 11.0717
-2.5188 4.8386 11.0717
-2.5814 5.0663 11.0717
-2.5813 5.1772 11.0717
-2.5342 5.1959 11.0717
-2.4156 5.0644 11.0717
-2.4258 5.2022 11.0717
-0.9888 2.2208 11.0717
-0.9650 2.2193 11.0717
-0.9424 2.2203 11.0717
-0.9219 2.2256 11.0717
-0.8979 2.2225 11.0717
-0.8723 2.2144 11.0717
-0.8536 2.2238 11.0717
-0.8307 2.2218 11.0717
-0.8096 2.2243 11.0717
-0.7838 2.2133 11.0717
-0.7631 2.2163 11.0717
-0.7425 2.2191 11.0717
-0.7250 2.2312 11.0717
-0.6988 2.2164 11.0717
-0.6789 2.2205 11.0717
-0.6592 2.2254 11.0717
-0.6571 2.2916 11.0717
-0.6448 2.3252 11.0717
-0.6481 2.4187 11.0717
-0.6135 2.5554 11.0717
-0.6006 2.7092 11.0717
-0.5915 2.7828 11.0717
-0.5865 2.8829 11.0717
-0.5759 2.9626 11.0717
-0.5700 3.0756 11.0717
-0.5611 3.1819 11.0717
-0.5643 3.3721 11.0717
-0.5262 3.7442 11.0717
-0.4973 4.3648 11.0717
-0.4667 4.4405 11.0717
-0.4636 4.8147 11.0717
-0.4543 5.1922 11.0717
-0.4063 5.1620 11.0717
-0.4014 5.7400 11.0717
-2.8267 2.2307 11.0717
-2.5857 2.2126 11.0717
-2.4917 2.2422 11.0717
-2.8638 2.4400 11.0717
-2.8647 2.5068 11.0717
-2.8650 2.5738 11.0717
-2.8441 2.7005 11.0717
-2.8969 2.7905 11.0717
-2.8263 2.8297 11.0717
-2.9059 2.9332 11.0717
-1.0082 2.1586 11.0717
-0.9000 2.1601 11.0717
-0.8347 2.1799 11.0717
-0.7632 2.1956 11.0717
-1.1348 2.4264 11.0717
-1.1725 2.4992 11.0717
-1.1906 2.5632 11.0717
-1.1849 2.6158 11.0717
-2.8836 3.5750 11.0717
-0.9529 2.6568 11.0717
-2.8674 3.8725 11.0717
-1.0015 2.8519 11.0717
-1.0304 2.9264 11.0717
-1.0269 2.9824 11.0717
-1.0210 3.0375 11.0717
-1.0213 3.0970 11.0717
-1.3925 3.3980 11.0717
-2.8986 4.4602 11.0717
-2.9104 4.6394 11.0717
-2.8770 4.9703 11.0717
-2.8833 5.2528 11.0717
-2.9094 5.5638 11.0717
-2.6626 2.3146 11.4817
-2.6131 2.3119 11.4817
-2.5646 2.3092 11.4817
-2.5149 2.3044 11.4817
-2.4669 2.3004 11.4817
-2.4518 2.3266 11.4817
-2.3983 2.3160 11.4817
-2.3516 2.3109 11.4817
-2.3158 2.3158 11.4817
-2.2660 2.3059 11.4817
-2.2250 2.3040 11.4817
-2.1807 2.2980 11.4817
-2.1462 2.3016 11.4817
-2.1004 2.2922 11.4817
-2.0609 2.2889 11.4817
-2.0336 2.2985 11.4817
-1.9964 2.2966 11.4817
-1.9568 2.2911 11.4817
-1.9194 2.2874 11.4817
-1.8911 2.2940 11.4817
-1.8527 2.2879 11.4817
-1.8190 2.2868 11.4817
-1.7854 2.2852 11.4817
-1.7551 2.2872 11.4817
-1.7134 2.2737 11.4817
-1.6845 2.2765 11.4817
-1.6599 2.2847 11.4817
-1.6283 2.2828 11.4817
-1.5974 2.2813 11.4817
-1.5627 2.2738 11.4817
-1.5316 2.2707 11.4817
-1.5090 2.2798 11.4817
-1.4754 2.2720 11.4817
-1.4443 2.2670 11.4817
-1.4218 2.2753 11.4817
-1.3925 2.2723 11.4817
-1.3690 2.2784 11.4817
-1.3404 2.2756 11.4817
-1.3120 2.2725 11.4817
-1.2897 2.2795 11.4817
-1.2624 2.2775 11.4817
-1.2373 2.2788 11.4817
-1.2108 2.2771 11.4817
-1.1844 2.2752 11.4817
-1.1631 2.2828 11.4817
-1.1347 2.2758 11.4817
-1.1108 2.2775 11.4817
-1.0849 2.2745 11.4817
-1.0612 2.2757 11.4817
-1.0268 2.2531 11.4817
-1.0010 2.2482 11.4817
-0.9797 2.2532 11.4817
-0.9526 2.2442 11.4817
-0.9326 2.2515 11.4817
-0.9099 2.2521 11.4817
-0.8902 2.2600 11.4817
-0.8658 2.2555 11.4817
-0.8429 2.2546 11.4817
-0.8253 2.2675 11.4817
-0.8038 2.2699 11.4817
-0.7849 2.2796 11.4817
-0.7631 2.2807 11.4817
-0.7463 2.2968 11.4817
-0.7364 2.3357 11.4817
-0.7298 2.3869 11.4817
-0.7180 2.4239 11.4817
-0.7158 2.4964 11.4817
-0.6970 2.5131 11.4817
-0.6732 2.5124 11.4817
-0.6495 2.5114 11.4817
-0.6312 2.5315 11.4817
-0.6200 2.5826 11.4817
-0.6089 2.6376 11.4817
-0.5956 2.6868 11.4817
-0.5921 2.7858 11.4817
-0.5778 2.8398 11.4817
-0.5726 2.9459 11.4817
-0.5620 3.0324 11.4817
-0.5586 3.1681 11.4817
-0.5494 3.2833 11.4817
-0.5399 3.4085 11.4817
-0.5283 3.5347 11.4817
-0.5117 3.6412 11.4817
-0.4908 3.7278 11.4817
-0.4860 3.9583 11.4817
-0.4623 4.0577 11.4817
-0.4653 4.4266 11.4817
-0.4374 4.5430 11.4817
-0.4276 4.8873 11.4817
-0.3980 5.0574 11.4817
-0.4123 5.8966 11.4817
-2.5115 2.2492 11.4817
-2.3676 2.2594 11.4817
-2.1425 2.2368 11.4817
-1.9846 2.2359 11.4817
-1.8179 2.2287 11.4817
-1.6740 2.2278 11.4817
-1.5213 2.2207 11.4817
-1.4280 2.2362 11.4817
-1.2992 2.2346 11.4817
-1.2028 2.2452 11.4817
-1.0338 2.2211 11.4817
-0.9299 2.2242 11.4817
-0.8625 2.2430 11.4817
-2.9051 3.3630 11.4817
-2.9201 3.4444 11.4817
-2.9075 3.5877 11.4817
-2.9068 3.7398 11.4817
-2.9174 3.8232 11.4817
-2.9436 3.9165 11.4817
-2.9172 4.1408 11.4817
-2.9205 4.3903 11.4817
-2.9216 4.5608 11.4817
-2.9237 4.7360 11.4817
-2.9228 5.0042 11.4817
-2.9313 5.1958 11.4817
-2.7537 2.5233 11.8918
-2.5963 2.4211 11.8918
-2.5388 2.4092 11.8918
-2.4925 2.4070 11.8918
-2.4514 2.4090 11.8918
-2.4317 2.4317 11.8918
-2.3859 2.4279 11.8918
-2.3361 2.4191 11.8918
-2.2771 2.3995 11.8918
-2.2472 2.4098 11.8918
-2.2132 2.4153 11.8918
-2.1680 2.4078 11.8918
-2.1210 2.3974 11.8918
-2.0869 2.4007 11.8918
-2.0490 2.3991 11.8918
-2.0106 2.3962 11.8918
-1.9738 2.3944 11.8918
-1.9389 2.3944 11.8918
-1.9005 2.3893 11.8918
-1.8691 2.3924 11.8918
-1.8238 2.3769 11.8918
-1.8030 2.3927 11.8918
-1.7708 2.3931 11.8918
-1.7381 2.3923 11.8918
-1.7078 2.3943 11.8918
-1.6674 2.3813 11.8918
-1.6471 2.3966 11.8918
-1.6110 2.3885 11.8918
-1.5763 2.3816 11.8918
-1.5468 2.3818 11.8918
-1.5179 2.3826 11.8918
-1.4885 2.3822 11.8918
-1.4609 2.3840 11.8918
-1.4303 2.3804 11.8918
-1.4028 2.3815 11.8918
-1.3820 2.3937 11.8918
-1.3458 2.3787 11.8918
-1.3226 2.3860 11.8918
-1.2945 2.3842 11.8918
-1.2709 2.3901 11.8918
-1.2412 2.3843 11.8918
-1.2144 2.3834 11.8918
-1.1882 2.3832 11.8918
-1.1656 2.3899 11.8918
-1.1396 2.3891 11.8918
-1.1068 2.3736 11.8918
-1.0877 2.3868 11.8918
-1.0612 2.3834 11.8918
-1.0328 2.3752 11.8918
-1.0077 2.3740 11.8918
-0.9839 2.3753 11.8918
-0.9594 2.3745 11.8918
-0.9371 2.3791 11.8918
-0.9117 2.3750 11.8918
-0.8895 2.3791 11.8918
-0.8701 2.3906 11.8918
-0.8429 2.3802 11.8918
-0.8263 2.3997 11.8918
-0.8106 2.4946 11.8918
-0.7872 2.4968 11.8918
-0.7646 2.5007 11.8918
-0.7455 2.5169 11.8918
-0.7189 2.5070 11.8918
-0.6986 2.5189 11.8918
-0.6755 2.5211 11.8918
-0.6540 2.5288 11.8918
-0.6430 2.5790 11.8918
-0.6284 2.6176 11.8918
-0.6159 2.6678 11.8918
-0.6013 2.7122 11.8918
-0.5942 2.7955 11.8918
-0.5760 2.8310 11.8918
-0.5686 2.9252 11.8918
-0.5627 3.0363 11.8918
-0.5583 3.1662 11.8918
-0.5483 3.2764 11.8918
-0.5345 3.3749 11.8918
-0.5247 3.5110 11.8918
-0.5119 3.6422 11.8918
-0.5135 3.9003 11.8918
-0.4792 3.9027 11.8918
-0.4656 4.0866 11.8918
-0.4555 4.3341 11.8918
-0.4468 4.6405 11.8918
-0.4198 4.7987 11.8918
-0.3879 4.9288 11.8918
-0.3939 5.6332 11.8918
-2.5247 2.3797 11.8918
-2.4747 2.4240 11.8918
-2.3463 2.4369 11.8918
-2.1932 2.4376 11.8918
-2.0359 2.4339 11.8918
-1.8690 2.4233 11.8918
-1.7266 2.4204 11.8918
-1.6084 2.4258 11.8918
-1.4878 2.4280 11.8918
-1.3921 2.4398 11.8918
-1.2650 2.4350 11.8918
-1.1690 2.4430 11.8918
-1.0061 2.4162 11.8918
-0.9385 2.4348 11.8918
-0.8691 2.4514 11.8918
-0.7972 2.4657 11.8918
-2.9278 3.6746 11.8918
-2.8968 3.8895 11.8918
-2.9169 3.9801 11.8918
-2.9428 4.0755 11.8918
-2.8853 4.4514 11.8918
-2.9055 4.6360 11.8918
-2.9396 4.9256 11.8918
-2.8745 5.4373 11.8918
-2.8843 5.7431 11.8918
-2.7220 2.6286 12.3018
-2.6547 2.6088 12.3018
-2.5986 2.5986 12.3018
-2.5527 2.5977 12.3018
-2.5035 2.5925 12.3018
-2.4595 2.5918 12.3018
-2.4034 2.5773 12.3018
-2.3524 2.5672 12.3018
-2.3139 2.5698 12.3018
-2.2708 2.5667 12.3018
-2.2326 2.5683 12.3018
-2.1769 2.5489 12.3018
-2.1341 2.5433 12.3018
-2.0952 2.5417 12.3018
-2.0554 2.5382 12.3018
-2.0219 2.5419 12.3018
-1.9769 2.5303 12.3018
-1.9462 2.5364 12.3018
-1.9035 2.5261 12.3018
-1.8761 2.5354 12.3018
-1.8368 2.5282 12.3018
-1.8013 2.5254 12.3018
-1.7632 2.5181 12.3018
-1.7304 2.5177 12.3018
-1.6988 2.5186 12.3018
-1.6691 2.5217 12.3018
-1.6296 2.5093 12.3018
-1.6017 2.5141 12.3018
-1.5728 2.5170 12.3018
-1.5497 2.5289 12.3018
-1.5158 2.5226 12.3018
-1.4840 2.5194 12.3018
-1.4515 2.5141 12.3018
-1.4246 2.5179 12.3018
-1.3967 2.5198 12.3018
-1.3675 2.5187 12.3018
-1.3436 2.5270 12.3018
-1.3114 2.5191 12.3018
-1.2803 2.5126 12.3018
-1.2502 2.5076 12.3018
-1.2336 2.5292 12.3018
-1.2067 2.5299 12.3018
-1.1778 2.5259 12.3018
-1.1520 2.5279 12.3018
-1.1279 2.5333 12.3018
-1.1021 2.5348 12.3018
-1.0749 2.5323 12.3018
-1.0405 2.5120 12.3018
-1.0324 2.5553 12.3018
-1.0093 2.5624 12.3018
-0.9787 2.5496 12.3018
-0.9536 2.5506 12.3018
-0.9252 2.5419 12.3018
-0.9013 2.5451 12.3018
-0.8748 2.5406 12.3018
-0.8545 2.5538 12.3018
-0.8322 2.5612 12.3018
-0.8092 2.5665 12.3018
-0.7868 2.5734 12.3018
-0.7603 2.5668 12.3018
-0.7398 2.5800 12.3018
-0.7167 2.5845 12.3018
-0.6936 2.5887 12.3018
-0.6658 2.5743 12.3018
-0.6532 2.6198 12.3018
-0.6401 2.6662 12.3018
-0.6263 2.7126 12.3018
-0.6095 2.7492 12.3018
-0.6007 2.8259 12.3018
-0.5879 2.8898 12.3018
-0.5850 3.0097 12.3018
-0.5733 3.0933 12.3018
-0.5550 3.1474 12.3018
-0.5318 3.1778 12.3018
-0.5012 3.1646 12.3018
-0.4892 3.2736 12.3018
-0.4504 3.2045 12.3018
-0.4243 3.2232 12.3018
-0.3957 3.2228 12.3018
-0.3715 3.2609 12.3018
-0.3429 3.2620 12.3018
-0.4196 4.3578 12.3018
-0.4275 4.8863 12.3018
-0.3936 5.0005 12.3018
-0.3938 5.6322 12.3018
-2.5845 2.5307 12.3018
-2.4148 2.5271 12.3018
-2.1874 2.4966 12.3018
-2.0273 2.4905 12.3018
-1.8925 2.4926 12.3018
-1.7747 2.4998 12.3018
-1.6653 2.5089 12.3018
-1.5435 2.5104 12.3018
-1.3869 2.4931 12.3018
-1.2885 2.5013 12.3018
-1.1582 2.4920 12.3018
-0.9999 2.4661 12.3018
-1.0332 2.5368 12.3018
-0.8882 2.5140 12.3018
-0.7920 2.5676 12.3018
-2.8824 3.9598 12.3018
-2.9223 4.1439 12.3018
-2.9155 4.3871 12.3018
-2.8989 4.6315 12.3018
-2.8984 4.8065 12.3018
-2.9269 5.0072 12.3018
-2.8998 5.3611 12.3018
-2.9081 5.6623 12.3018
-2.7209 2.7688 12.7119
-2.6494 2.7436 12.7119
-2.5855 2.7245 12.7119
-2.5391 2.7228 12.7119
-2.4943 2.7220 12.7119
-2.4497 2.7207 12.7119
-2.3954 2.7075 12.7119
-2.3369 2.6883 12.7119
-2.2977 2.6903 12.7119
-2.2555 2.6880 12.7119
-2.2218 2.6953 12.7119
-2.1749 2.6858 12.7119
-2.1495 2.7023 12.7119
-2.0896 2.6745 12.7119
-2.0564 2.6799 12.7119
-2.0311 2.6954 12.7119
-1.9808 2.6768 12.7119
-1.9332 2.6609 12.7119
-1.8989 2.6622 12.7119
-1.8647 2.6631 12.7119
-1.8267 2.6578 12.7119
-1.7889 2.6521 12.7119
-1.7850 2.6968 12.7119
-1.7379 2.6762 12.7119
-1.6963 2.6626 12.7119
-1.6565 2.6510 12.7119
-1.6391 2.6747 12.7119
-1.6177 2.6924 12.7119
-1.5729 2.6702 12.7119
-1.5375 2.6630 12.7119
-1.5048 2.6598 12.7119
-1.4859 2.6807 12.7119
-1.4477 2.6663 12.7119
-1.4169 2.6647 12.7119
-1.3746 2.6406 12.7119
-1.3502 2.6499 12.7119
-1.3199 2.6472 12.7119
-1.2928 2.6505 12.7119
-1.2747 2.6726 12.7119
-1.2429 2.6655 12.7119
-1.2155 2.6671 12.7119
-1.1905 2.6739 12.7119
-1.1568 2.6604 12.7119
-1.1304 2.6630 12.7119
-1.1067 2.6719 12.7119
-1.0770 2.6657 12.7119
-1.0563 2.6815 12.7119
-1.0292 2.6812 12.7119
-1.0037 2.6845 12.7119
-0.9737 2.6753 12.7119
-0.9503 2.6837 12.7119
-0.9210 2.6749 12.7119
-0.8986 2.6857 12.7119
-0.8720 2.6839 12.7119
-0.8492 2.6933 12.7119
-0.8233 2.6930 12.7119
-0.7987 2.6962 12.7119
-0.7759 2.7060 12.7119
-0.7507 2.7068 12.7119
-0.7270 2.7133 12.7119
-0.7058 2.7292 12.7119
-0.6810 2.7314 12.7119
-0.6658 2.7732 12.7119
-0.6452 2.7945 12.7119
-0.6320 2.8508 12.7119
-0.6192 2.9129 12.7119
-0.6061 2.9790 12.7119
-0.6028 3.1010 12.7119
-0.5813 3.1366 12.7119
-0.5680 3.2213 12.7119
-0.5407 3.2311 12.7119
-0.5159 3.2574 12.7119
-0.4869 3.2578 12.7119
-0.4572 3.2530 12.7119
-0.4297 3.2638 12.7119
-0.4018 3.2724 12.7119
-0.3742 3.2847 12.7119
-0.3467 3.2988 12.7119
-0.3195 3.3187 12.7119
-0.2711 3.4443 12.7119
-0.2499 3.5743 12.7119
-0.2396 3.9177 12.7119
-2.6549 2.6903 12.7119
-2.4075 2.6519 12.7119
-2.2539 2.6497 12.7119
-2.0953 2.6426 12.7119
-1.9574 2.6420 12.7119
-1.8172 2.6380 12.7119
-1.7019 2.6433 12.7119
-1.5806 2.6438 12.7119
-1.4580 2.6415 12.7119
-1.3662 2.6527 12.7119
-1.2408 2.6449 12.7119
-1.1460 2.6511 12.7119
-1.0427 2.6511 12.7119
-0.9783 2.6708 12.7119
-0.9130 2.6891 12.7119
-0.8452 2.7050 12.7119
-0.7783 2.7204 12.7119
-2.5914 3.1436 13.1220
-2.5431 3.1404 13.1220
-2.4733 3.1093 13.1220
-2.4232 3.1016 13.1220
-2.3571 3.0719 13.1220
-2.3146 3.0716 13.1220
-2.2698 3.0675 13.1220
-2.2242 3.0613 13.1220
-2.1893 3.0692 13.1220
-2.1377 3.0530 13.1220
-2.0980 3.0526 13.1220
-2.0606 3.0550 13.1220
-2.0162 3.0462 13.1220
-1.9732 3.0385 13.1220
-1.9386 3.0430 13.1220
-1.8955 3.0335 13.1220
-1.8664 3.0456 13.1220
-1.8248 3.0369 13.1220
-1.7835 3.0278 13.1220
-1.7495 3.0302 13.1220
-1.7141 3.0297 13.1220
-1.6804 3.0314 13.1220
-1.6476 3.0346 13.1220
-1.6098 3.0276 13.1220
-1.5769 3.0291 13.1220
-1.5467 3.0357 13.1220
-1.5166 3.0419 13.1220
-1.4808 3.0361 13.1220
-1.4461 3.0318 13.1220
-1.4166 3.0379 13.1220
-1.3830 3.0347 13.1220
-1.3597 3.0540 13.1220
-1.3270 3.0520 13.1220
-1.2945 3.0496 13.1220
-1.2602 3.0423 13.1220
-1.2332 3.0523 13.1220
-1.2047 3.0583 13.1220
-1.1737 3.0575 13.1220
-1.1473 3.0685 13.1220
-1.1153 3.0643 13.1220
-1.0879 3.0721 13.1220
-1.0591 3.0758 13.1220
-1.0319 3.0839 13.1220
-1.0049 3.0928 13.1220
-0.9803 3.1091 13.1220
-0.9525 3.1156 13.1220
-0.9233 3.1171 13.1220
-0.8950 3.1212 13.1220
-0.8744 3.1530 13.1220
-0.8456 3.1557 13.1220
-0.8172 3.1600 13.1220
-0.7923 3.1777 13.1220
-0.7713 3.2127 13.1220
-0.8870 3.8419 13.1220
-0.8582 3.8710 13.1220
-0.8235 3.8744 13.1220
-0.7845 3.8560 13.1220
-0.7508 3.8627 13.1220
-0.7182 3.8750 13.1220
-0.6870 3.8959 13.1220
-0.6589 3.9373 13.1220
-0.6320 3.9903 13.1220
-0.6118 4.0935 13.1220
-0.5966 4.2453 13.1220
-0.5703 4.3316 13.1220
-0.5661 4.6104 13.1220
-0.5642 4.9520 13.1220
-0.5234 4.9796 13.1220
-0.4784 4.9680 13.1220
-0.5222 5.9692 13.1220
-2.4890 3.1555 13.1220
-2.3267 3.1421 13.1220
-2.0764 3.0799 13.1220
-2.0201 3.1159 13.1220
-1.9057 3.1197 13.1220
-1.7891 3.1202 13.1220
-1.6711 3.1180 13.1220
-1.5805 3.1295 13.1220
-1.5193 3.1569 13.1220
-1.4582 3.1835 13.1220
-1.3961 3.2087 13.1220
-1.3314 3.2314 13.1220
-1.2667 3.2533 13.1220
-1.1098 3.2145 13.1220
-1.0441 3.2327 13.1220
-0.9498 3.2920 13.1220
-2.7812 4.6362 13.1220
-2.7709 4.8918 13.1220
-2.7823 4.9903 13.1220
-2.7606 5.9432 13.1220
