-1.00000000 -0.66877472 0.81591928
-1.00000000 0.46341717 -0.12606013
-1.00000000 0.57879686 -0.02178979
-1.00000000 0.36656645 0.61287010
-1.00000000 0.73875344 0.41114676
-1.00000000 0.68124568 0.79804301
-1.00000000 0.09843147 -0.02763915
-1.00000000 -0.02940226 0.21108168
-1.00000000 -0.84708989 0.87263346
-1.00000000 -0.47263783 0.58362556
-1.00000000 0.86699730 0.61934572
-1.00000000 0.74490166 -0.45173562
-1.00000000 0.13311598 0.81422722
-1.00000000 -0.00090098 0.35292083
-1.00000000 0.62655085 0.22339803
-1.00000000 -0.23892313 0.42305368
-1.00000000 -0.07498765 0.77800667
-1.00000000 -0.66506118 0.98685485
-1.00000000 -0.22209752 0.97859728
-1.00000000 0.48428208 0.63071567
-1.00000000 0.86023694 0.88138860
-1.00000000 0.87557697 0.06211179
-1.00000000 0.70962745 -0.59659362
-1.00000000 -0.25435877 0.29277575
-1.00000000 0.34192830 0.44057071
-1.00000000 0.91887295 -0.69228685
-1.00000000 -0.96470559 0.97566581
-1.00000000 0.72302234 0.63848460
-1.00000000 0.37330818 -0.02871406
-1.00000000 0.97739822 -0.01849782
-1.00000000 0.25380138 0.97037745
-1.00000000 0.81774288 -0.79415476
-1.00000000 -0.38862360 0.99112093
-1.00000000 0.17755628 0.26434803
-1.00000000 -0.60164368 0.71647787
-1.00000000 0.87997699 -0.35592175
-1.00000000 0.95218801 0.53343773
-1.00000000 0.81487161 -0.09599137
-1.00000000 0.45948976 0.29838318
-1.00000000 0.82915711 0.76695096
-1.00000000 0.77713436 0.54457790
-1.00000000 0.86961466 -0.50573027
-1.00000000 0.82369775 0.23665076
-1.00000000 0.74049097 0.09723449
-1.00000000 0.50991350 0.12195069
-1.00000000 -0.42685989 0.75450838
-1.00000000 0.29743445 -0.26880729
-1.00000000 0.69544029 -0.02078855
-1.00000000 -0.36023664 0.44382447
-1.00000000 0.59659791 -0.19546568
-1.00000000 0.30242437 -0.10978413
-1.00000000 0.17961231 0.58018339
-1.00000000 0.15086830 0.11517030
-1.00000000 -0.07318142 0.59687114
-1.00000000 0.95301497 0.97197974
-1.00000000 -0.34455177 0.62455130
-1.00000000 0.01829535 0.51878703
-1.00000000 0.52847046 0.48773438
-1.00000000 0.95936906 0.77943599
-1.00000000 0.74355286 -0.17148900
-1.00000000 0.47650054 0.75954318
-1.00000000 0.36225832 0.75517595
-1.00000000 0.38074040 0.09121788
-1.00000000 0.99627459 -0.29616058
-1.00000000 0.75875664 -0.69294941
-1.00000000 0.42035818 -0.31297493
-1.00000000 -0.11876512 0.43069720
-1.00000000 0.18834853 -0.15210652
-1.00000000 0.97148192 0.41443825
-1.00000000 0.62341130 0.66051018
-1.00000000 0.65465164 0.52695704
-1.00000000 0.52493840 -0.35957074
-1.00000000 0.95758563 -0.87479782
-1.00000000 -0.01187739 0.99969542
-1.00000000 0.75028253 -0.27815866
-1.00000000 0.57120734 -0.47925365
-1.00000000 -0.24477041 0.58069599
-1.00000000 -0.04893053 0.08105743
-1.00000000 -0.24160346 0.80329800
-1.00000000 0.49001455 -0.23790312
-1.00000000 -0.02676880 0.87525713
-1.00000000 -0.45897108 0.47800660
-1.00000000 0.99949402 -0.48659563
-1.00000000 -0.53639495 0.83440351
-1.00000000 0.49586940 0.91730821
-1.00000000 0.27403003 0.07418424
-1.00000000 0.52076507 0.38327914
-1.00000000 0.64084613 0.07269758
-1.00000000 0.96445936 0.21040267
-1.00000000 -0.57793862 0.57797807
-1.00000000 0.25385967 0.72585678
-1.00000000 0.30480403 0.22382373
-1.00000000 0.19103479 0.41668713
-1.00000000 0.97923923 -0.58996224
-1.00000000 0.10085768 0.64732450
-1.00000000 -0.15587758 0.88904339
-1.00000000 -0.56815863 0.93012917
-1.00000000 0.09718016 0.98868561
-1.00000000 0.57424849 0.98885626
-1.00000000 0.75855523 0.89519340
-1.00000000 -0.76323402 0.78060567
-1.00000000 0.89634484 -0.17559290
-1.00000000 0.97691154 0.09159541
-1.00000000 0.60064894 -0.59928119
-1.00000000 0.38806373 -0.19718575
-1.00000000 -0.37572214 0.84338439
-1.00000000 0.85623419 0.40985656
-1.00000000 -0.26425168 0.70161033
-1.00000000 0.66578221 0.94780552
-1.00000000 0.35012233 0.90349889
-1.00000000 0.30965018 0.33661568
-1.00000000 -0.14125618 0.70168042
-1.00000000 -0.46657825 0.92313975
-1.00000000 -0.12348783 0.32795095
-1.00000000 0.00174531 0.68324566
-1.00000000 0.39701176 0.99787641
-1.00000000 0.24221537 0.86977220
-1.00000000 0.21017051 -0.00799811
-1.00000000 0.91034824 0.30594105
-1.00000000 0.98873335 -0.97143257
-1.00000000 0.05079049 0.10341513
-1.00000000 0.83880979 -0.60381830
-1.00000000 0.07367057 0.27847296
-1.00000000 0.99375957 0.87414318
-1.00000000 0.09118265 0.40861994
-1.00000000 0.63570672 0.35289001
-1.00000000 0.99959368 0.66976768
-1.00000000 0.03545722 0.78439927
-1.00000000 0.58458793 0.82509124
-1.00000000 -0.15492404 0.52746868
-1.00000000 0.60634255 -0.29728591
-1.00000000 0.99990648 -0.18070817
-1.00000000 0.98670328 -0.77473152
-1.00000000 0.76104230 0.99953967
-1.00000000 0.42373720 0.50862885
-1.00000000 -0.17750055 0.20123339
-1.00000000 0.75489509 0.31186223
-1.00000000 0.68129480 -0.36488450
-1.00000000 -0.77253950 0.99289089
-1.00000000 -0.34279090 0.34508878
-1.00000000 -0.74007797 0.89540106
-1.00000000 0.26400760 0.50441802
-1.00000000 0.40666026 0.19881397
-1.00000000 0.44656044 -0.43226337
-1.00000000 -0.30662668 0.92079926
-1.00000000 0.47646397 0.02215296
-1.00000000 -0.11931981 0.99076515
-1.00000000 0.72788340 0.20698434
-1.00000000 -0.50580710 0.68708229
-1.00000000 0.65932852 -0.11476040
-1.00000000 0.79252410 0.00543106
-1.00000000 -0.70092648 0.70169133
-1.00000000 0.52626187 0.22218418
0.12173063 1.00000000 0.10790271
0.26718318 1.00000000 0.00411528
-0.43145078 1.00000000 0.49598593
-0.04246056 1.00000000 0.46354091
0.56205285 1.00000000 -0.41208863
0.67907155 1.00000000 0.48892236
0.91010875 1.00000000 0.19510657
0.71152908 1.00000000 -0.00266349
0.75255364 1.00000000 0.10845721
0.68496376 1.00000000 -0.51110661
-0.27057600 1.00000000 0.33946443
0.96617556 1.00000000 -0.52432621
0.06146317 1.00000000 0.89248520
0.60707426 1.00000000 0.13553774
-0.49336508 1.00000000 0.72737098
0.68921930 1.00000000 -0.30422008
-0.22921616 1.00000000 0.80301255
0.66690850 1.00000000 0.76003015
0.43956119 1.00000000 0.63737589
0.86596656 1.00000000 -0.17044830
-0.86163610 1.00000000 0.90724868
0.15917128 1.00000000 -0.15195167
0.49233550 1.00000000 0.23887438
0.80271208 1.00000000 0.64249599
0.16207346 1.00000000 0.58183479
0.44155997 1.00000000 0.74525970
0.36299014 1.00000000 0.33694744
0.81417966 1.00000000 -0.32841694
-0.37813684 1.00000000 0.67837119
0.33155805 1.00000000 -0.19414568
0.37658548 1.00000000 -0.34513974
-0.52923232 1.00000000 0.87488985
-0.08325225 1.00000000 0.92830634
0.94666022 1.00000000 0.72132033
-0.24708028 1.00000000 0.92458665
0.94560915 1.00000000 0.47134870
0.20369256 1.00000000 0.33081168
0.87469864 1.00000000 0.06040955
0.27770087 1.00000000 0.54605174
0.45203573 1.00000000 0.08901644
-0.15410691 1.00000000 0.20794195
0.85916668 1.00000000 -0.58924985
-0.01706421 1.00000000 0.28344691
0.71533000 1.00000000 0.34163785
0.35170978 1.00000000 0.99710876
0.88912421 1.00000000 -0.05274987
-0.20332205 1.00000000 0.62711126
0.59705341 1.00000000 -0.15839899
0.85729223 1.00000000 -0.81484544
0.71368152 1.00000000 0.86789185
0.44613892 1.00000000 -0.27051437
-0.70209742 1.00000000 0.99988770
-0.08547056 1.00000000 0.77726144
0.12187077 1.00000000 0.99255335
0.57554477 1.00000000 0.95783085
0.13494837 1.00000000 -0.02309334
0.46540576 1.00000000 0.35355657
0.96012598 1.00000000 -0.64539170
0.60652953 1.00000000 0.63904256
0.33940902 1.00000000 0.73824596
0.96983600 1.00000000 -0.96116281
-0.13942444 1.00000000 0.30844986
0.13045818 1.00000000 0.23093945
-0.68384385 1.00000000 0.78262758
0.96639228 1.00000000 0.83446240
0.97617680 1.00000000 0.34584671
0.38015732 1.00000000 0.88335752
0.90502232 1.00000000 -0.38038456
0.20558298 1.00000000 0.67612994
0.26809418 1.00000000 0.86038947
0.98494363 1.00000000 -0.15485024
0.78934866 1.00000000 -0.07759917
-0.19072586 1.00000000 0.46197790
0.16012192 1.00000000 0.43641818
0.15656067 1.00000000 0.84922671
-0.00319988 1.00000000 0.67117971
0.84898633 1.00000000 0.50519913
0.41618419 1.00000000 0.47235459
-0.05866659 1.00000000 0.16718566
0.35614234 1.00000000 0.19370109
-0.51628649 1.00000000 0.97689193
-0.29670379 1.00000000 0.50329554
-0.64517409 1.00000000 0.88466853
0.67819929 1.00000000 0.21492040
0.78836167 1.00000000 -0.43262887
0.48267913 1.00000000 -0.09833324
0.83727425 1.00000000 0.92265624
0.58788311 1.00000000 -0.00081789
0.91958034 1.00000000 0.59890711
0.81814009 1.00000000 0.75325614
0.23758018 1.00000000 0.11783969
0.65282345 1.00000000 -0.61314595
-0.77706403 1.00000000 0.83403391
0.81846195 1.00000000 0.35921222
0.96395594 1.00000000 0.10655516
0.80901843 1.00000000 0.19957823
0.45667270 1.00000000 0.98395646
0.97985715 1.00000000 0.95971054
0.54679871 1.00000000 -0.51797140
0.56390840 1.00000000 0.43518013
0.00341350 1.00000000 0.02127248
0.51419342 1.00000000 0.54548979
0.99756259 1.00000000 -0.01956379
0.02996808 1.00000000 0.53550810
-0.37603304 1.00000000 0.85580420
0.99465925 1.00000000 -0.27701688
-0.59285861 1.00000000 0.70370555
0.98233265 1.00000000 -0.86152732
0.82925886 1.00000000 -0.71635783
-0.56730610 1.00000000 0.59565860
0.25043941 1.00000000 -0.10262716
0.55496722 1.00000000 -0.31127918
0.30703378 1.00000000 0.42952311
0.96190417 1.00000000 -0.75103045
0.36816788 1.00000000 -0.01428950
0.50502390 1.00000000 0.87947017
0.57839364 1.00000000 0.33339065
0.56972206 1.00000000 0.80104923
-0.35146993 1.00000000 0.98640239
0.77041119 1.00000000 -0.21028590
0.22604387 1.00000000 0.99991614
0.09802637 1.00000000 0.71024013
-0.13731128 1.00000000 0.54877949
0.70506120 1.00000000 0.61209249
0.75396627 1.00000000 -0.64705658
0.74807715 1.00000000 0.96794212
0.99885803 1.00000000 -0.41987336
0.05398488 1.00000000 0.37957859
-0.36757433 1.00000000 0.38483477
-0.46941105 1.00000000 0.61691356
-0.10306644 1.00000000 0.67671853
0.00140389 1.00000000 0.98345733
0.31906354 1.00000000 0.63980883
-0.27114028 1.00000000 0.70278925
0.69306016 1.00000000 -0.11928439
0.45884275 1.00000000 -0.42784846
0.24714023 1.00000000 0.21922004
0.02108181 1.00000000 0.78660423
0.03869826 1.00000000 0.19030470
0.33515102 1.00000000 0.08256155
-0.81764770 1.00000000 0.99810266
0.66997540 1.00000000 -0.40998745
0.23017895 1.00000000 -0.22512293
-0.16616510 1.00000000 0.98927790
0.87266779 1.00000000 -0.48756635
-0.30497634 1.00000000 0.60723537
0.99928719 1.00000000 0.24071652
1.00000000 -0.26443923 0.04504335
1.00000000 -0.12966841 -0.01707387
1.00000000 -0.64201707 -0.58977437
1.00000000 -0.99359661 0.99484879
1.00000000 -0.68336588 0.18431568
1.00000000 -0.47240460 -0.16611171
1.00000000 -0.41081071 -0.25248682
1.00000000 -0.37498415 0.83418334
1.00000000 -0.94911987 -0.30115318
1.00000000 -0.71015614 0.82223505
1.00000000 -0.92652076 0.91079432
1.00000000 0.73148018 0.95890242
1.00000000 0.29827249 0.33536136
1.00000000 -0.27172780 -0.10656679
1.00000000 -0.19567305 0.81527311
1.00000000 -0.00503168 0.60920703
1.00000000 -0.94693542 0.80543339
1.00000000 -0.87212270 0.30827826
1.00000000 0.16194695 0.28244156
1.00000000 0.11055860 0.71591318
1.00000000 -0.58843619 -0.34040034
1.00000000 -0.87635571 -0.45109582
1.00000000 -0.57791054 0.39658183
1.00000000 -0.25255939 0.61274755
1.00000000 -0.95436287 0.63950384
1.00000000 0.61143100 0.68513393
1.00000000 0.55407917 0.59642518
1.00000000 -0.30390525 -0.30380309
1.00000000 0.06494055 0.88596034
1.00000000 -0.39366409 0.69415569
1.00000000 -0.42224890 0.02216518
1.00000000 0.04049307 0.15486872
1.00000000 0.47816581 0.85252517
1.00000000 -0.78652978 -0.18496096
1.00000000 -0.39150169 0.55875564
1.00000000 -0.56672418 0.85719788
1.00000000 -0.96869481 -0.07559156
1.00000000 -0.77127296 -0.37994170
1.00000000 -0.58177364 0.18483013
1.00000000 -0.23188174 0.40750307
1.00000000 -0.69261074 0.08019704
1.00000000 -0.44874489 0.91001439
1.00000000 -0.86500502 0.02869534
1.00000000 -0.52537227 -0.02582526
1.00000000 0.15683347 0.56914347
1.00000000 0.28915656 0.57705355
1.00000000 -0.43110043 0.30780530
1.00000000 -0.02934045 0.35305309
1.00000000 -0.05557460 0.49768037
1.00000000 -0.98357999 -0.58708537
1.00000000 -0.76734638 0.33148646
1.00000000 -0.03577146 0.88966119
1.00000000 -0.07225829 0.17897117
1.00000000 0.28255701 0.89700443
1.00000000 -0.65059024 -0.17065644
1.00000000 -0.74047434 0.62046695
1.00000000 0.32461441 0.79674459
1.00000000 -0.67840624 0.45622349
1.00000000 -0.98371863 0.39692795
1.00000000 -0.98259264 0.53469867
1.00000000 -0.73677868 0.93362433
1.00000000 -0.95009667 0.11419779
1.00000000 0.41452822 0.61815989
1.00000000 -0.56601804 0.07710886
1.00000000 -0.24724638 0.25483644
1.00000000 -0.40496504 -0.39331710
1.00000000 0.16109687 0.45880240
1.00000000 -0.98566920 -0.73021257
1.00000000 0.62434310 0.83748490
1.00000000 -0.86924714 0.99539489
1.00000000 0.59282577 0.94534540
1.00000000 0.71019852 0.74501741
1.00000000 -0.55455279 0.54469752
1.00000000 -0.08659601 0.68246961
1.00000000 0.49851459 0.70328104
1.00000000 -0.62312806 -0.47987008
1.00000000 -0.85696876 -0.60984123
1.00000000 -0.16006452 -0.12024653
1.00000000 0.44809371 0.47015291
1.00000000 0.02101658 0.79460454
1.00000000 -0.51476270 -0.47824800
1.00000000 -0.99570143 0.22158432
1.00000000 -0.44747025 0.41499656
1.00000000 -0.45862454 0.16607213
1.00000000 -0.55218208 0.28089714
1.00000000 -0.01166868 0.01787126
1.00000000 0.05250210 0.50803250
1.00000000 0.17281900 0.99225020
1.00000000 -0.56939560 0.99778467
1.00000000 -0.85409051 0.58081096
1.00000000 -0.95520043 -0.93844950
1.00000000 -0.73954338 -0.01357055
1.00000000 -0.84926665 0.73472202
1.00000000 -0.71258485 -0.28421307
1.00000000 -0.85387313 0.41467428
1.00000000 -0.26072302 0.98007214
1.00000000 -0.15552992 0.11175579
1.00000000 0.90016222 0.99779052
1.00000000 0.81979465 0.82833034
1.00000000 -0.77555615 -0.68542588
1.00000000 0.20122890 0.76823539
1.00000000 -0.51346326 0.72757900
1.00000000 -0.63616532 -0.05824077
1.00000000 -0.37613261 -0.09389770
1.00000000 -0.90367317 -0.17313504
1.00000000 0.21213102 0.65887368
1.00000000 -0.81908453 0.87552094
1.00000000 -0.84609640 0.14511710
1.00000000 -0.33442932 0.14306140
1.00000000 -0.80644286 -0.79699659
1.00000000 -0.14969605 0.92011636
1.00000000 -0.66737461 0.70583344
1.00000000 -0.33215600 0.34150809
1.00000000 -0.83388376 -0.29685020
1.00000000 0.33802772 0.42714119
1.00000000 0.46856382 0.97835678
1.00000000 -0.66622639 0.29163450
1.00000000 -0.11591375 0.30175114
1.00000000 -0.31522101 -0.20332432
1.00000000 -0.06619865 0.99201173
1.00000000 -0.15755278 0.53886610
1.00000000 -0.76661807 -0.55393839
1.00000000 0.36255610 0.97458375
1.00000000 -0.99472511 -0.43285906
1.00000000 -0.11504960 0.41610479
1.00000000 -0.55838990 -0.22140718
1.00000000 -0.77486944 0.51548922
1.00000000 0.06026655 0.39821076
1.00000000 0.14042568 0.17006135
1.00000000 -0.29809460 0.74559271
1.00000000 -0.19114512 0.70779580
1.00000000 -0.96153855 -0.83598065
1.00000000 -0.34705681 0.46091759
1.00000000 -0.65431523 0.55866110
1.00000000 -0.77847368 0.22465914
1.00000000 -0.36519635 0.97599494
1.00000000 -0.87495077 -0.70873940
1.00000000 0.16904832 0.88249892
1.00000000 -0.48059258 0.61390531
1.00000000 0.03021210 0.26195198
1.00000000 -0.57907224 0.64460623
1.00000000 -0.84944910 -0.07774770
1.00000000 0.03433918 0.98250049
1.00000000 0.31391475 0.69172990
1.00000000 -0.48913431 -0.32763290
1.00000000 -0.99615330 0.02378231
1.00000000 -0.27868444 0.88043791
1.00000000 -0.09607375 0.79854554
1.00000000 -0.25729689 0.51127911
1.00000000 -0.21326107 -0.20670462
1.00000000 -0.99920654 -0.21041882
1.00000000 0.72238749 0.85772544
1.00000000 0.89490986 0.89643252
1.00000000 0.42069918 0.76755756
1.00000000 -0.35425985 0.24182814
-0.30295426 -1.00000000 -0.17296398
-0.73961580 -1.00000000 0.16442168
0.31006026 -1.00000000 0.69045317
0.27244914 -1.00000000 0.30349696
0.10432351 -1.00000000 0.25171113
-0.90843707 -1.00000000 -0.28967500
-0.84254467 -1.00000000 0.58312118
-0.30589139 -1.00000000 0.49106520
-0.70219243 -1.00000000 0.34366751
-0.16339386 -1.00000000 0.70373619
-0.93008161 -1.00000000 -0.39899480
0.56821191 -1.00000000 0.96179068
-0.54180324 -1.00000000 0.03751844
-0.48831886 -1.00000000 -0.46558797
-0.90488166 -1.00000000 0.31984383
-0.87905389 -1.00000000 -0.15132892
-0.14075279 -1.00000000 -0.07079434
-0.22970134 -1.00000000 0.07676941
0.03145051 -1.00000000 0.81959409
-0.43289709 -1.00000000 0.11311996
-0.18054253 -1.00000000 0.56701720
-0.88461661 -1.00000000 0.11047465
-0.27382427 -1.00000000 0.66770679
-0.95885098 -1.00000000 -0.53019738
-0.52496308 -1.00000000 -0.16545081
-0.72424829 -1.00000000 -0.15312779
-0.57671988 -1.00000000 0.74478757
-0.71413165 -1.00000000 0.58145237
-0.78414285 -1.00000000 0.41487193
-0.54002744 -1.00000000 0.36015105
-0.07217985 -1.00000000 0.57208848
-0.39439487 -1.00000000 0.44220954
-0.23425120 -1.00000000 0.38424993
-0.02098882 -1.00000000 0.13102645
-0.53430820 -1.00000000 0.54095703
-0.61357033 -1.00000000 0.44062281
-0.35880274 -1.00000000 0.82199413
-0.98042136 -1.00000000 -0.75947583
-0.08183396 -1.00000000 0.87959284
-0.99754739 -1.00000000 0.87507796
-0.87072885 -1.00000000 -0.00546086
-0.62159050 -1.00000000 -0.13416314
-0.93430048 -1.00000000 -0.63331103
0.20700300 -1.00000000 0.45655847
-0.73133755 -1.00000000 0.94811809
-0.82587636 -1.00000000 0.70799738
0.46114004 -1.00000000 0.76095492
0.23913586 -1.00000000 0.55213886
0.23968172 -1.00000000 0.99438399
-0.80729604 -1.00000000 -0.60716438
-0.11968184 -1.00000000 0.14724171
-0.34538561 -1.00000000 0.34393269
0.61796641 -1.00000000 0.78116047
0.24071288 -1.00000000 0.78983349
0.35524702 -1.00000000 0.82870013
-0.61596322 -1.00000000 -0.31277359
-0.42666930 -1.00000000 0.92990130
-0.96555835 -1.00000000 0.58123708
-0.03060824 -1.00000000 0.72373062
-0.60398257 -1.00000000 0.28228122
-0.41782731 -1.00000000 0.65683609
-0.98230404 -1.00000000 0.47035742
-0.09739918 -1.00000000 0.36568683
-0.62499917 -1.00000000 -0.46479559
0.12928748 -1.00000000 0.68294334
0.00335574 -1.00000000 0.48213446
-0.32593524 -1.00000000 0.16713494
-0.51553524 -1.00000000 0.84445912
-0.89917177 -1.00000000 0.21340501
-0.99761516 -1.00000000 -0.02992737
0.42995715 -1.00000000 0.91708302
-0.35815263 -1.00000000 0.03719467
-0.79958946 -1.00000000 -0.71441305
0.63013530 -1.00000000 0.65674388
-0.69875026 -1.00000000 0.79284263
-0.46046394 -1.00000000 -0.27902877
0.54494917 -1.00000000 0.60087872
-0.24491185 -1.00000000 0.77542734
-0.25715721 -1.00000000 0.91308457
-0.71447313 -1.00000000 0.01874119
0.86806202 -1.00000000 0.90335798
-0.94440734 -1.00000000 -0.93328071
0.48232734 -1.00000000 0.51705813
-0.73345983 -1.00000000 -0.48898780
-0.83003038 -1.00000000 0.99729633
0.09224820 -1.00000000 0.99496621
0.34557581 -1.00000000 0.43974447
0.63335359 -1.00000000 0.88467312
0.03653061 -1.00000000 0.58076900
-0.67530966 -1.00000000 0.67761236
0.08824110 -1.00000000 0.39747953
-0.61581945 -1.00000000 0.89759874
-0.87275648 -1.00000000 0.85840547
-0.49014246 -1.00000000 0.20129883
-0.89167929 -1.00000000 -0.84177673
-0.82683903 -1.00000000 -0.43321717
0.75698900 -1.00000000 0.76857787
0.17315578 -1.00000000 0.34032339
0.37448180 -1.00000000 0.54916924
0.16867769 -1.00000000 0.88514942
-0.99665546 -1.00000000 -0.20560741
-0.05880797 -1.00000000 0.02893543
0.80599391 -1.00000000 0.99860418
-0.33323586 -1.00000000 -0.06882167
-0.87872773 -1.00000000 0.45792884
-0.16299957 -1.00000000 0.97773904
-0.42485201 -1.00000000 0.54606557
-0.31347650 -1.00000000 -0.29558647
-0.43946385 -1.00000000 -0.02796233
-0.93168950 -1.00000000 0.73118323
-0.98346519 -1.00000000 0.13998264
0.51807225 -1.00000000 0.84884018
-0.70831978 -1.00000000 -0.25501430
-0.76111424 -1.00000000 -0.35117757
0.32708907 -1.00000000 0.93242145
-0.19169152 -1.00000000 0.22662818
-0.80378067 -1.00000000 0.27180988
0.01773763 -1.00000000 0.30910969
0.12178254 -1.00000000 0.52489620
-0.54290074 -1.00000000 0.98309547
0.14457047 -1.00000000 0.14752942
-0.05430186 -1.00000000 0.23972410
-0.66005898 -1.00000000 -0.57842112
-0.58884484 -1.00000000 0.62569368
-0.56331909 -1.00000000 -0.54426348
-0.02190530 -1.00000000 0.98701042
0.71931362 -1.00000000 0.94528377
-0.42845041 -1.00000000 -0.12741446
-0.44945592 -1.00000000 0.29692751
-0.63634801 -1.00000000 0.08263534
-0.10191613 -1.00000000 0.47286212
-0.99720436 -1.00000000 0.26442504
-0.42947924 -1.00000000 -0.38337708
0.41933000 -1.00000000 0.66007400
-0.44674361 -1.00000000 0.76049227
-0.34086323 -1.00000000 0.99858707
-0.62232411 -1.00000000 -0.03002799
-0.81864220 -1.00000000 -0.24294436
0.13573802 -1.00000000 0.78871441
-0.61584377 -1.00000000 0.18140841
-0.17672092 -1.00000000 -0.17356157
-0.52673173 -1.00000000 -0.36005211
-0.78482044 -1.00000000 -0.07191133
-0.69920415 -1.00000000 -0.67136431
0.06609416 -1.00000000 0.07081205
-0.99563801 -1.00000000 0.36916327
-0.23985571 -1.00000000 -0.02466297
0.21518207 -1.00000000 0.22023988
-0.14903790 -1.00000000 0.80395246
-0.28684765 -1.00000000 0.26243979
-0.64325428 -1.00000000 0.99887443
-0.70556629 -1.00000000 0.48148870
0.11404169 0.72379822 -1.00000000
-0.92698979 0.65809333 -1.00000000
-0.80049682 -0.77816981 -1.00000000
0.02234125 0.21210754 -1.00000000
-0.94534570 0.36840779 -1.00000000
-0.37007684 0.67416257 -1.00000000
0.28259480 0.72617877 -1.00000000
0.22899055 0.63248158 -1.00000000
-0.21191925 0.17682910 -1.00000000
0.01997578 0.90458840 -1.00000000
-0.70395774 -0.02068752 -1.00000000
0.58388674 0.97073901 -1.00000000
-0.64132112 0.44924778 -1.00000000
-0.64044917 -0.26613387 -1.00000000
0.10896552 0.83976984 -1.00000000
0.53952348 0.76709324 -1.00000000
-0.54349399 0.37241587 -1.00000000
-0.51241165 0.96617717 -1.00000000
-0.75087476 0.79987741 -1.00000000
-0.22794414 0.64377147 -1.00000000
-0.05598921 0.98843676 -1.00000000
-0.98364210 -0.55109775 -1.00000000
-0.69675100 0.54091418 -1.00000000
-0.74495137 -0.68230247 -1.00000000
-0.47615266 -0.08257884 -1.00000000
-0.16413909 0.08710992 -1.00000000
-0.91921097 -0.85766721 -1.00000000
-0.93084961 0.86769193 -1.00000000
0.68101156 0.72880870 -1.00000000
-0.11214137 0.35200202 -1.00000000
-0.79973018 -0.54981601 -1.00000000
-0.07733691 -0.05821484 -1.00000000
0.47720838 0.96808225 -1.00000000
-0.42769855 -0.23300087 -1.00000000
-0.59257126 0.22153974 -1.00000000
-0.70653361 -0.39842230 -1.00000000
-0.27663857 0.83549672 -1.00000000
-0.10853827 0.62501872 -1.00000000
0.09724903 0.51331240 -1.00000000
0.64318609 0.88261360 -1.00000000
-0.51272058 -0.40274599 -1.00000000
-0.89888114 0.98398131 -1.00000000
-0.64285517 0.84741712 -1.00000000
-0.80497992 0.36858809 -1.00000000
-0.89605319 -0.41048712 -1.00000000
-0.70399565 0.33694810 -1.00000000
0.27974570 0.92396218 -1.00000000
-0.78855902 0.15974177 -1.00000000
-0.75897253 -0.27725130 -1.00000000
0.08456886 0.34603024 -1.00000000
0.24328983 0.81842357 -1.00000000
0.18854547 0.98809761 -1.00000000
-0.34049577 0.54262590 -1.00000000
-0.33381963 0.41520840 -1.00000000
0.15861595 0.24358332 -1.00000000
-0.47330457 0.73562592 -1.00000000
-0.37110007 0.13105357 -1.00000000
-0.23493385 -0.09038538 -1.00000000
0.36506236 0.66014421 -1.00000000
0.40330517 0.41842723 -1.00000000
-0.53380460 0.84719473 -1.00000000
0.45204532 0.56840581 -1.00000000
-0.66349840 -0.54798752 -1.00000000
-0.52655566 -0.27273044 -1.00000000
-0.48187798 0.17279452 -1.00000000
-0.17048895 0.83072805 -1.00000000
-0.71254915 0.67046613 -1.00000000
-0.90680313 0.22760728 -1.00000000
-0.96496326 -0.17000104 -1.00000000
-0.61326355 0.72984010 -1.00000000
0.32048094 0.55011582 -1.00000000
0.85352850 0.89080238 -1.00000000
-0.94345248 0.02169054 -1.00000000
-0.76084137 0.95216596 -1.00000000
-0.37286896 -0.04979318 -1.00000000
0.40193403 0.78390062 -1.00000000
-0.82209963 -0.02489768 -1.00000000
-0.62566447 -0.13395485 -1.00000000
-0.38817841 0.23902142 -1.00000000
0.24498987 0.38889313 -1.00000000
0.04446447 0.09576380 -1.00000000
-0.59200752 0.10649642 -1.00000000
-0.16178989 0.43963128 -1.00000000
-0.87074786 0.52841181 -1.00000000
-0.21228665 0.99362844 -1.00000000
0.00046253 0.77140927 -1.00000000
-0.06181121 0.15255070 -1.00000000
0.58338463 0.63772380 -1.00000000
-0.60000664 0.00427538 -1.00000000
-0.28182817 0.07135367 -1.00000000
-0.09377742 0.52305275 -1.00000000
0.46691585 0.69698435 -1.00000000
-0.11449254 0.24247313 -1.00000000
-0.28918290 0.27881062 -1.00000000
-0.38403493 -0.37074667 -1.00000000
-0.68578696 0.14835268 -1.00000000
-0.49974585 0.57434833 -1.00000000
-0.85900939 -0.69048911 -1.00000000
-0.87278855 0.75331450 -1.00000000
-0.62886751 0.96627605 -1.00000000
0.73394132 0.95256281 -1.00000000
-0.26934612 -0.25737071 -1.00000000
0.04107475 0.61027783 -1.00000000
-0.32452244 -0.15686101 -1.00000000
-0.98652005 -0.06942625 -1.00000000
-0.52494383 0.47157392 -1.00000000
0.76714838 0.79385126 -1.00000000
-0.39342415 0.80285275 -1.00000000
-0.40285343 0.93748122 -1.00000000
-0.97935736 0.13681532 -1.00000000
-0.89260697 -0.29544994 -1.00000000
-0.80060101 -0.17332323 -1.00000000
-0.98064613 -0.73308653 -1.00000000
-0.55661976 -0.53260010 -1.00000000
-0.28291929 0.72954917 -1.00000000
-0.97925228 0.48445588 -1.00000000
0.20145559 0.53557432 -1.00000000
-0.43974477 0.40784097 -1.00000000
-0.78260666 0.26745111 -1.00000000
-0.99651819 -0.41204470 -1.00000000
-0.16401774 0.73053062 -1.00000000
-0.61306179 0.60749769 -1.00000000
-0.04320723 0.04278201 -1.00000000
-0.02791744 0.41920304 -1.00000000
0.29056537 0.29822916 -1.00000000
0.47743845 0.86317122 -1.00000000
0.87134922 0.99990940 -1.00000000
-0.97964722 0.76804024 -1.00000000
0.35494387 0.99236947 -1.00000000
-0.50463629 0.27179104 -1.00000000
-0.87593830 0.10356331 -1.00000000
-0.81759691 0.65569329 -1.00000000
-0.44567460 0.06250066 -1.00000000
-0.76617503 0.05876145 -1.00000000
-0.60783386 -0.44562548 -1.00000000
-0.80383641 -0.37025148 -1.00000000
0.07755268 0.99789578 -1.00000000
-0.99897790 -0.93515426 -1.00000000
-0.24176198 0.52666706 -1.00000000
-0.78231347 0.47232544 -1.00000000
-0.99356043 -0.30264369 -1.00000000
-0.01385337 0.31966561 -1.00000000
0.37533140 0.88461059 -1.00000000
-0.82530063 0.87208086 -1.00000000
-0.30091995 0.94595379 -1.00000000
-0.52761018 -0.17131042 -1.00000000
-0.14552134 -0.13726825 -1.00000000
-0.08956534 0.88994408 -1.00000000
-0.99654913 0.28161207 -1.00000000
-0.21982586 0.35232306 -1.00000000
-0.88244945 -0.10916211 -1.00000000
0.14273012 0.14435399 -1.00000000
0.15067279 0.42868423 -1.00000000
-0.89134777 -0.59246945 -1.00000000
-0.64767307 -0.64672852 -1.00000000
-0.16853011 -0.01301491 -1.00000000
-0.99710345 0.58631611 -1.00000000
0.62498051 0.33811450 1.00000000
-0.04532027 0.26156509 1.00000000
-0.28703582 0.75862771 1.00000000
-0.56300950 0.79250079 1.00000000
0.80812871 0.86149907 1.00000000
-0.00112879 0.41057360 1.00000000
0.56325936 -0.32089117 1.00000000
-0.07251894 0.57905692 1.00000000
0.84409630 0.03020878 1.00000000
-0.16229177 0.37062329 1.00000000
0.79748619 0.21742128 1.00000000
-0.01981950 0.13770002 1.00000000
0.20223087 0.70365441 1.00000000
0.73374784 -0.58310777 1.00000000
0.48603791 0.65720552 1.00000000
0.45933026 0.09557766 1.00000000
0.33887517 0.36829048 1.00000000
0.77498770 -0.10706247 1.00000000
-0.16267955 0.80943775 1.00000000
0.80628484 -0.71762627 1.00000000
0.57396442 0.43370134 1.00000000
0.49933773 -0.05687648 1.00000000
-0.38820553 0.52864629 1.00000000
0.61770356 0.60588932 1.00000000
-0.00049639 0.78808290 1.00000000
0.82627809 -0.26623270 1.00000000
-0.53589332 0.60075366 1.00000000
0.15034658 0.84279424 1.00000000
0.27825308 0.82124686 1.00000000
0.16080952 -0.06289572 1.00000000
0.70004475 0.72971797 1.00000000
0.15809155 0.45083886 1.00000000
0.34069842 0.53137410 1.00000000
-0.26756191 0.32595783 1.00000000
0.33272064 -0.08974826 1.00000000
0.51831269 0.32271966 1.00000000
0.74232912 -0.41863331 1.00000000
0.93921077 -0.66496551 1.00000000
0.02546930 0.02599901 1.00000000
0.44835150 0.24740696 1.00000000
0.14851159 0.31868201 1.00000000
0.92502403 -0.77706254 1.00000000
0.87163794 0.33144045 1.00000000
0.66694725 -0.17619193 1.00000000
-0.66295421 0.74695146 1.00000000
-0.75028348 0.83484823 1.00000000
-0.38148665 0.87692153 1.00000000
0.46883464 0.77270544 1.00000000
0.33643961 -0.32015824 1.00000000
-0.46197104 0.67541456 1.00000000
0.86530870 -0.47190815 1.00000000
0.20694190 0.15587986 1.00000000
-0.36497366 0.38717014 1.00000000
0.81696045 0.44129419 1.00000000
0.43869185 -0.19176185 1.00000000
0.46907401 -0.39235824 1.00000000
-0.65871191 0.88099295 1.00000000
0.19542795 -0.16834283 1.00000000
0.28948873 0.23345459 1.00000000
0.03265744 0.60524434 1.00000000
0.54760838 0.86813390 1.00000000
0.56299758 0.11364913 1.00000000
0.40689248 0.86110872 1.00000000
0.45973456 0.44522828 1.00000000
0.60266471 -0.09218654 1.00000000
0.76935446 0.65688825 1.00000000
0.59720534 -0.46098363 1.00000000
0.83613664 0.76023167 1.00000000
0.90059894 0.18920226 1.00000000
0.65149689 0.04231480 1.00000000
-0.16851687 0.65222836 1.00000000
-0.24163902 0.57681096 1.00000000
0.67613399 0.85048771 1.00000000
0.93363935 -0.17868328 1.00000000
0.74722570 0.31335491 1.00000000
-0.17635822 0.20621866 1.00000000
0.84167159 0.55667162 1.00000000
0.69830519 0.52575141 1.00000000
-0.48436809 0.85806692 1.00000000
0.66434187 0.14257324 1.00000000
0.06656718 0.49983323 1.00000000
0.19509059 0.59536773 1.00000000
-0.10457063 0.48205924 1.00000000
0.08908212 0.10670757 1.00000000
-0.62776613 0.65025914 1.00000000
0.31627595 0.07487965 1.00000000
0.34365308 0.64925385 1.00000000
-0.27044129 0.89560282 1.00000000
-0.34992874 0.64980233 1.00000000
0.94797719 0.80730343 1.00000000
-0.06725287 0.68618399 1.00000000
0.52048016 0.52496648 1.00000000
0.58440053 0.70808876 1.00000000
-0.87400782 0.87829220 1.00000000
0.90216696 0.92843425 1.00000000
-0.05237508 0.88767797 1.00000000
0.91584748 0.65807229 1.00000000
0.62763143 -0.60107517 1.00000000
0.71357548 0.40884659 1.00000000
0.88774091 -0.35545444 1.00000000
0.24775338 -0.00181496 1.00000000
0.32173967 -0.21198529 1.00000000
0.06716180 0.90081573 1.00000000
0.86779004 -0.57330471 1.00000000
0.77235258 0.10699046 1.00000000
0.05613142 0.20812196 1.00000000
0.37556773 0.17367983 1.00000000
0.53963304 -0.20744589 1.00000000
-0.28719056 0.46534586 1.00000000
0.86484677 -0.86049598 1.00000000
0.66939402 -0.33019596 1.00000000
0.39678448 -0.00358611 1.00000000
0.58472723 0.22535688 1.00000000
-0.41641736 0.77818692 1.00000000
0.07733136 0.70945680 1.00000000
0.23646921 0.38247901 1.00000000
0.66264993 0.95732397 1.00000000
0.73901755 -0.00702268 1.00000000
0.89651728 -0.06609221 1.00000000
0.46776962 -0.28955519 1.00000000
0.49508923 -0.49327773 1.00000000
0.36085927 0.74966145 1.00000000
-0.49762666 0.50635743 1.00000000
0.68919146 -0.68874836 1.00000000
0.95928723 0.27358490 1.00000000
0.04420847 0.31993312 1.00000000
0.24300838 0.50660783 1.00000000
0.29016525 0.92076284 1.00000000
-0.11876225 0.12036860 1.00000000
-1.00000000 -0.87725371 0.57765019
-1.00000000 -0.38034034 -0.31560063
-1.00000000 -0.34535128 -0.90036690
-1.00000000 -0.31585139 -0.53520000
-1.00000000 -0.02411008 -0.66412753
-1.00000000 0.38387823 -0.84014022
-1.00000000 -0.27711856 -0.26383674
-1.00000000 -0.75549817 -0.69777310
-1.00000000 -0.04185265 -0.37209117
-1.00000000 0.33380961 -0.48369330
-1.00000000 -0.73028034 -0.54478383
-1.00000000 -0.55060577 -0.01704234
-1.00000000 -0.91213709 -0.69396484
-1.00000000 -0.49725306 0.35027611
-1.00000000 -0.35563809 -0.77770835
-1.00000000 -0.43721873 0.10146713
-1.00000000 -0.88457119 0.45079088
-1.00000000 -0.37918597 -0.02419811
-1.00000000 -0.62405944 0.05327725
-1.00000000 0.07967639 -0.81371474
-1.00000000 0.19647670 -0.61140323
-1.00000000 -0.39847928 -0.21484035
-1.00000000 -0.33057195 0.14968514
-1.00000000 -0.78892910 0.16789210
-1.00000000 0.56522322 -0.78575557
-1.00000000 -0.90509146 0.70959198
-1.00000000 -0.86796737 -0.25936449
-1.00000000 -0.72943932 0.26996911
-1.00000000 -0.15390080 -0.29010427
-1.00000000 0.15557849 -0.33856195
-1.00000000 0.71958411 -0.86197054
-1.00000000 -0.73346555 0.48748946
-1.00000000 0.30415106 -0.61173737
-1.00000000 -0.48588240 -0.62005889
-1.00000000 0.01922548 -0.48036581
-1.00000000 -0.89421308 0.14080203
-1.00000000 -0.53112793 0.14464676
-1.00000000 -0.04083341 -0.03827810
-1.00000000 0.19408000 -0.85596442
-1.00000000 -0.85945177 -0.90780246
-1.00000000 -0.62920415 -0.43529642
-1.00000000 -0.89465398 -0.07927424
-1.00000000 -0.21626854 -0.04232740
-1.00000000 -0.85805601 0.32966769
-1.00000000 -0.13581073 -0.85744107
-1.00000000 0.22815323 -0.48334223
-1.00000000 -0.24005604 -0.42000699
-1.00000000 -0.07575381 -0.22278935
-1.00000000 -0.48599994 -0.11090529
-1.00000000 -0.68733788 -0.19123489
-1.00000000 -0.62666792 -0.66634005
-1.00000000 -0.16218793 0.06685817
-1.00000000 -0.85909301 -0.44297892
-1.00000000 -0.50897425 -0.86753440
-1.00000000 0.02414060 -0.22879106
-1.00000000 0.03108585 -0.11149681
-1.00000000 -0.35317612 -0.43807769
-1.00000000 -0.45019144 0.25164711
-1.00000000 0.84288692 -0.92974156
-1.00000000 -0.48860073 -0.43090367
-1.00000000 -0.83730906 -0.58405828
-1.00000000 -0.12792438 -0.47736353
-1.00000000 -0.57822061 -0.33703119
-1.00000000 -0.53711164 -0.76675463
-1.00000000 0.42953682 -0.62542403
-1.00000000 -0.17452163 -0.70580614
-1.00000000 -0.71594977 -0.35614097
-1.00000000 -0.78185833 -0.07942873
-1.00000000 -0.36023438 -0.66613865
-1.00000000 -0.63307339 0.38352931
-1.00000000 -0.64328313 -0.77415133
-1.00000000 0.64594316 -0.69240153
-1.00000000 -0.85359800 0.03180122
-1.00000000 -0.72966206 0.03799224
-1.00000000 0.08627939 -0.64218688
-1.00000000 -0.02793157 -0.78774714
-1.00000000 -0.97135842 -0.33179390
-1.00000000 0.54383028 -0.88864332
-1.00000000 -0.63859439 -0.94009811
-1.00000000 0.49311888 -0.71273732
-1.00000000 0.28166938 -0.74996471
-1.00000000 -0.60027695 -0.13965851
-1.00000000 -0.08335072 -0.57728887
-1.00000000 -0.30837989 -0.16767812
-1.00000000 -0.85610080 -0.79543006
-1.00000000 -0.75426841 -0.86893541
-1.00000000 -0.61534500 -0.55702853
-1.00000000 -0.17452276 -0.16924447
-1.00000000 0.12608230 -0.51113957
-1.00000000 -0.25509757 -0.80820137
-1.00000000 0.25924551 -0.37361312
-1.00000000 -0.51394647 -0.21272171
-1.00000000 -0.57197154 0.27897656
-1.00000000 -0.30672795 0.05201173
-1.00000000 -0.69227958 0.58789074
-1.00000000 -0.26534337 -0.63342524
-1.00000000 -0.67699170 0.18058717
-1.00000000 0.04406834 -0.91940951
-1.00000000 0.12855983 -0.24037540
-1.00000000 -0.76827037 0.38535416
-1.00000000 -0.65137982 -0.05256641
-1.00000000 0.16695511 -0.73977453
-1.00000000 -0.81222153 0.67219555
-1.00000000 -0.44344562 -0.52310324
-1.00000000 -0.75638008 -0.44800687
-1.00000000 -0.61731732 0.48365903
-1.00000000 0.29045343 -0.89325035
-1.00000000 -0.23386043 -0.91590011
-1.00000000 -0.20738006 -0.54011524
-1.00000000 0.05563951 -0.33172172
-1.00000000 0.39088094 -0.73571646
-1.00000000 0.47637808 -0.53155887
-1.00000000 -0.96725202 -0.85506725
-1.00000000 -0.78857595 -0.19305235
-1.00000000 -0.44621378 -0.72011435
-1.00000000 -0.82095635 -0.34845430
-1.00000000 -0.92548907 0.80773592
-1.00000000 -0.48106873 -0.30777586
-0.07489544 1.00000000 -0.58836544
0.12802422 1.00000000 -0.67085564
-0.10362530 1.00000000 -0.81615186
0.26889122 1.00000000 -0.41579986
-0.49055171 1.00000000 -0.58613896
-0.64305103 1.00000000 -0.59841383
-0.70426708 1.00000000 0.10152900
0.18598771 1.00000000 -0.47859979
-0.37969112 1.00000000 -0.59870827
-0.87184614 1.00000000 -0.53343499
-0.58208245 1.00000000 -0.31796306
0.35185218 1.00000000 -0.48966706
0.34154415 1.00000000 -0.75412589
-0.65938181 1.00000000 0.45752835
0.71663308 1.00000000 -0.77511704
-0.07339758 1.00000000 -0.09387726
-0.42117369 1.00000000 -0.46139055
0.06039572 1.00000000 -0.45149463
-0.02572483 1.00000000 -0.36856180
-0.89420027 1.00000000 -0.88993162
-0.58070040 1.00000000 -0.20480931
-0.14155215 1.00000000 -0.35025609
-0.86711895 1.00000000 0.71135867
-0.42973661 1.00000000 0.28533649
-0.22575665 1.00000000 -0.84593600
-0.75589156 1.00000000 0.64283490
-0.71385062 1.00000000 0.36125374
-0.77122247 1.00000000 -0.36308080
-0.90228832 1.00000000 0.20109022
-0.78693682 1.00000000 -0.72137141
-0.28028691 1.00000000 -0.68968296
-0.68305314 1.00000000 -0.19328868
-0.56075287 1.00000000 0.30622590
-0.26463640 1.00000000 -0.06939399
-0.86180973 1.00000000 -0.22312707
-0.20048833 1.00000000 0.05920804
-0.45705855 1.00000000 -0.28382498
-0.93031967 1.00000000 -0.09992331
-0.74469519 1.00000000 -0.06234771
-0.22038865 1.00000000 -0.52607465
-0.43944013 1.00000000 -0.03222561
-0.41586137 1.00000000 -0.14717489
-0.58849603 1.00000000 0.20480561
0.59799886 1.00000000 -0.71927989
-0.54871333 1.00000000 -0.06316185
0.11897516 1.00000000 -0.26355195
-0.59267914 1.00000000 -0.84435850
-0.08054459 1.00000000 -0.22927928
0.26178658 1.00000000 -0.83554268
0.53980744 1.00000000 -0.63430780
-0.42922729 1.00000000 -0.90726489
-0.82038534 1.00000000 0.09804976
-0.42565495 1.00000000 -0.73728186
-0.73712039 1.00000000 0.21678233
-0.18597949 1.00000000 -0.16561276
-0.77049732 1.00000000 0.53416145
0.58184171 1.00000000 -0.82978958
0.08025408 1.00000000 -0.77484363
-0.74429512 1.00000000 -0.63084972
-0.65980518 1.00000000 -0.70703709
-0.34265476 1.00000000 -0.28897864
-0.89624739 1.00000000 0.56818616
-0.66855478 1.00000000 -0.46462834
-0.38494658 1.00000000 0.07890236
0.45401669 1.00000000 -0.77446216
-0.27488106 1.00000000 0.23224878
-0.76553828 1.00000000 -0.87540269
-0.31088924 1.00000000 -0.45602524
-0.12180448 1.00000000 -0.48905486
-0.81253541 1.00000000 0.33462560
0.10510933 1.00000000 -0.54277301
0.67115939 1.00000000 -0.93074453
-0.00702709 1.00000000 -0.69393289
-0.62489122 1.00000000 0.03090894
0.15681124 1.00000000 -0.84904569
0.25260973 1.00000000 -0.65801787
0.35334408 1.00000000 -0.87944520
0.44920719 1.00000000 -0.54120857
-0.75607699 1.00000000 -0.51500571
-0.54603934 1.00000000 0.47067094
0.76622725 1.00000000 -0.88510358
0.00499976 1.00000000 -0.91417998
0.36633444 1.00000000 -0.64774901
-0.10111499 1.00000000 0.00280344
-0.51276773 1.00000000 0.07134283
-0.91112411 1.00000000 -0.69701767
-0.37431157 1.00000000 0.19992554
-0.53182340 1.00000000 -0.70624864
-0.15587521 1.00000000 -0.71321082
-0.85025871 1.00000000 0.47100413
-0.94473314 1.00000000 -0.38907415
-0.24415225 1.00000000 -0.35008901
-0.29529387 1.00000000 0.12938762
-0.75816029 1.00000000 -0.26095682
0.03293121 1.00000000 -0.15355241
-0.92397612 1.00000000 0.33965361
-0.52113128 1.00000000 -0.48965716
-0.13551491 1.00000000 -0.92122072
0.12886298 1.00000000 -0.36721265
0.49845362 1.00000000 -0.90555727
-0.32287437 1.00000000 -0.82093060
-0.29707187 1.00000000 -0.19143128
-0.89303237 1.00000000 0.01630867
-0.47909284 1.00000000 0.38094330
-0.47383189 1.00000000 0.17370725
-0.66930556 1.00000000 0.58763325
-0.49457622 1.00000000 -0.38703889
0.19341576 1.00000000 -0.74817491
-0.49438852 1.00000000 -0.81856227
-0.68725681 1.00000000 -0.80645049
-0.90759075 1.00000000 0.80963564
-0.84336507 1.00000000 -0.43688166
0.01141179 1.00000000 -0.27544701
0.27083015 1.00000000 -0.54986358
-0.86660409 1.00000000 -0.32610470
-0.82938528 1.00000000 -0.12451440
0.22111213 1.00000000 -0.32693893
-0.29949176 1.00000000 0.02596092
-0.64386445 1.00000000 -0.09843343
-0.66988194 1.00000000 -0.90959787
-0.85544950 1.00000000 -0.79644918
-0.17206752 1.00000000 -0.61410022
0.27026904 1.00000000 -0.93529701
1.00000000 -0.65647912 -0.86816925
1.00000000 0.07756376 -0.55537128
1.00000000 0.82809043 -0.27862883
1.00000000 -0.84003317 -0.92161340
1.00000000 0.07047224 -0.34233546
1.00000000 -0.30866861 -0.91642302
1.00000000 0.35636038 -0.52084553
1.00000000 -0.40908492 -0.57147026
1.00000000 0.69226080 -0.58087349
1.00000000 -0.08577645 -0.96217740
1.00000000 0.70169806 0.40176666
1.00000000 0.37561089 0.20847964
1.00000000 0.82673860 -0.70615673
1.00000000 0.21337390 -0.59056115
1.00000000 -0.17301261 -0.34502614
1.00000000 0.28789741 -0.05014884
1.00000000 0.76361662 -0.99547172
1.00000000 0.51149344 -0.65513682
1.00000000 0.58311737 -0.03975636
1.00000000 0.87007904 0.54301989
1.00000000 0.43569040 -0.01605672
1.00000000 -0.51879668 -0.72519034
1.00000000 0.36606520 -0.92234409
1.00000000 0.88537347 -0.84371763
1.00000000 0.51608336 0.26911259
1.00000000 0.85091317 -0.17396069
1.00000000 0.64954221 0.31112635
1.00000000 0.20487803 -0.93750936
1.00000000 0.73854458 -0.89109790
1.00000000 0.15485460 -0.14916712
1.00000000 0.89725250 0.19302392
1.00000000 -0.11990023 -0.49768865
1.00000000 0.86517531 -0.54346603
1.00000000 0.18197238 -0.35516340
1.00000000 -0.27464116 -0.45452994
1.00000000 0.42674333 -0.32111746
1.00000000 0.24639851 0.13942778
1.00000000 0.81105274 0.64131415
1.00000000 0.74598575 0.04872429
1.00000000 -0.03945172 -0.15389240
1.00000000 0.35228962 -0.21064889
1.00000000 -0.15416336 -0.79382288
1.00000000 0.75410247 -0.36404997
1.00000000 0.55505657 -0.16380399
1.00000000 -0.60362804 -0.98559707
1.00000000 0.81669474 0.32877386
1.00000000 0.61690867 0.46818268
1.00000000 0.77749717 -0.46159774
1.00000000 0.63008511 -0.45941800
1.00000000 -0.05974674 -0.32103616
1.00000000 -0.68876088 -0.76159966
1.00000000 0.67194712 -0.25509566
1.00000000 -0.30192769 -0.79388797
1.00000000 0.36890417 -0.78051478
1.00000000 -0.07471991 -0.71230268
1.00000000 0.58589113 -0.80940813
1.00000000 -0.41961932 -0.69695508
1.00000000 0.05331391 -0.98426270
1.00000000 0.52426660 0.06171024
1.00000000 0.09886533 -0.45270389
1.00000000 0.03020197 -0.65442550
1.00000000 0.66891515 0.16736221
1.00000000 0.19415635 -0.82099658
1.00000000 0.04320967 -0.22889304
1.00000000 0.51105511 -0.43817252
1.00000000 0.33015114 -0.64003491
1.00000000 0.77854115 0.46975029
1.00000000 0.29289043 -0.40381920
1.00000000 0.70425838 -0.70251310
1.00000000 -0.49105752 -0.91794705
1.00000000 0.05662477 -0.79848671
1.00000000 -0.09010124 -0.59476388
1.00000000 -0.24485075 -0.55748880
1.00000000 0.73969007 -0.15286463
1.00000000 -0.23124313 -0.67668164
1.00000000 0.89534175 -0.97309810
1.00000000 -0.53319347 -0.60483742
1.00000000 0.84477496 0.00116360
1.00000000 0.51044691 0.37259579
1.00000000 0.60060942 -0.91471547
1.00000000 0.42606467 0.10711217
1.00000000 0.42235380 -0.60057628
1.00000000 0.17153561 -0.70425671
1.00000000 0.52728987 -0.98673338
1.00000000 -0.42075634 -0.81306326
1.00000000 0.05682886 -0.06351811
1.00000000 0.27995878 -0.28350687
1.00000000 -0.23464692 -0.99538022
1.00000000 0.40809405 0.34088743
1.00000000 0.54273057 -0.30279028
1.00000000 0.45100528 -0.84346038
1.00000000 0.69289774 0.54944086
1.00000000 0.94123077 0.62607014
1.00000000 0.45626348 -0.13613534
1.00000000 0.27104878 -0.74276084
1.00000000 0.19002485 0.03465748
1.00000000 -0.00746262 -0.42135477
1.00000000 0.55177891 -0.54660952
1.00000000 -0.16108048 -0.89502156
1.00000000 0.92142874 -0.09377676
1.00000000 0.30077130 0.05164146
1.00000000 0.88541317 0.74942768
1.00000000 0.88478583 -0.36736178
1.00000000 0.73995358 0.24148095
1.00000000 0.63827407 -0.35540867
1.00000000 -0.05481637 -0.85943288
1.00000000 0.11246496 -0.88420010
1.00000000 0.22918802 -0.48326242
1.00000000 0.89017010 0.41024661
1.00000000 -0.71466172 -0.96948498
1.00000000 0.08653027 0.04191637
1.00000000 0.39797014 -0.42302245
1.00000000 0.68936896 -0.05886191
1.00000000 0.80982375 0.12696457
1.00000000 0.28582287 -0.99828720
1.00000000 0.56183296 0.16307473
1.00000000 -0.55672264 -0.83037138
1.00000000 -0.42869306 -0.99834496
1.00000000 0.25385946 -0.17788619
1.00000000 0.14151788 -0.26026583
1.00000000 0.62689281 0.07162106
1.00000000 0.90512204 -0.64171553
1.00000000 0.61149317 -0.66013491
1.00000000 0.78893077 -0.80098313
1.00000000 -0.32919753 -0.63851821
1.00000000 0.90589404 0.08063495
1.00000000 0.25405115 0.23957396
1.00000000 -0.61839640 -0.68778551
1.00000000 0.66265863 -0.99830991
1.00000000 0.29163450 -0.85161698
1.00000000 0.91462421 0.29453218
1.00000000 -0.10518074 -0.22951114
1.00000000 0.79149431 -0.61224234
1.00000000 -0.02079248 -0.52116823
1.00000000 0.68805200 -0.80473250
1.00000000 0.50098801 -0.75558263
0.03938884 -1.00000000 -0.03183305
0.69240260 -1.00000000 0.44063100
-0.06300282 -1.00000000 -0.21353406
0.09884727 -1.00000000 -0.71558219
-0.16218269 -1.00000000 -0.32709277
0.45852047 -1.00000000 -0.19518661
0.72765303 -1.00000000 -0.13823068
0.63510084 -1.00000000 0.32103828
0.64171004 -1.00000000 -0.32584620
-0.04207826 -1.00000000 -0.41034377
0.78460789 -1.00000000 0.62258393
0.12026155 -1.00000000 -0.59789091
0.59272933 -1.00000000 -0.64960134
0.65522939 -1.00000000 0.09597075
-0.75898230 -1.00000000 -0.96859419
0.73959780 -1.00000000 -0.82159948
-0.18302357 -1.00000000 -0.82182866
0.27445918 -1.00000000 -0.72012269
-0.01438367 -1.00000000 -0.97041219
0.89819360 -1.00000000 -0.96459866
0.33418316 -1.00000000 -0.15585777
-0.71097624 -1.00000000 -0.77228224
-0.52757490 -1.00000000 -0.74863362
0.80662024 -1.00000000 -0.28324807
-0.26069629 -1.00000000 -0.60753173
-0.12307906 -1.00000000 -0.65423000
0.92920965 -1.00000000 0.73334181
0.05793506 -1.00000000 -0.27254128
0.56804073 -1.00000000 0.18157536
-0.28912830 -1.00000000 -0.39405450
0.84318161 -1.00000000 -0.11259544
0.65053439 -1.00000000 -0.45059252
0.89147305 -1.00000000 0.57191432
-0.53385508 -1.00000000 -0.88632244
-0.02204454 -1.00000000 -0.85944980
0.70667970 -1.00000000 -0.91884577
0.74122459 -1.00000000 0.26800871
0.24846333 -1.00000000 0.00015904
0.77308947 -1.00000000 0.04190195
0.50050730 -1.00000000 -0.29810613
0.15763974 -1.00000000 -0.86557901
0.84454525 -1.00000000 0.30335385
0.80546725 -1.00000000 -0.47301447
-0.35968661 -1.00000000 -0.53407246
0.62187707 -1.00000000 -0.00203806
0.37340099 -1.00000000 0.23111555
0.05108863 -1.00000000 -0.52107912
0.44033241 -1.00000000 0.08298722
0.43320596 -1.00000000 -0.59286940
0.52974391 -1.00000000 -0.86598039
0.22371858 -1.00000000 -0.40392017
-0.40785277 -1.00000000 -0.80590951
-0.00002539 -1.00000000 -0.68622917
0.85726881 -1.00000000 -0.65532863
0.28586841 -1.00000000 -0.55359298
0.72664690 -1.00000000 -0.64514494
0.43002790 -1.00000000 -0.72729903
-0.32450593 -1.00000000 -0.71978664
-0.29469764 -1.00000000 -0.84738255
0.32273328 -1.00000000 0.09800726
0.14255583 -1.00000000 -0.10982946
0.86783749 -1.00000000 -0.81541771
0.88817793 -1.00000000 0.13825512
0.91619128 -1.00000000 -0.51482421
0.45673269 -1.00000000 0.36531979
-0.07116795 -1.00000000 -0.55893552
0.81722564 -1.00000000 0.50269008
0.28403842 -1.00000000 -0.89509881
0.11841655 -1.00000000 -0.38021758
0.52765012 -1.00000000 -0.49363005
0.47179711 -1.00000000 -0.96717119
0.87863493 -1.00000000 0.01400560
0.56162590 -1.00000000 -0.15152484
0.37038976 -1.00000000 0.00108811
0.66721696 -1.00000000 -0.22221226
-0.25026989 -1.00000000 -0.95583856
0.63837695 -1.00000000 -0.74406171
0.56810606 -1.00000000 0.43313795
0.38920557 -1.00000000 -0.46823096
0.34807932 -1.00000000 -0.33441579
-0.44089222 -1.00000000 -0.68820798
0.19634211 -1.00000000 -0.21753201
-0.41945696 -1.00000000 -0.98102099
0.17803627 -1.00000000 -0.98892266
0.88379192 -1.00000000 -0.40601504
0.60689342 -1.00000000 -0.98136342
0.91975397 -1.00000000 0.46737847
0.04977655 -1.00000000 -0.16459993
0.36767364 -1.00000000 -0.98340261
0.40727627 -1.00000000 -0.86615503
-0.21170020 -1.00000000 -0.49621245
0.81032258 -1.00000000 -0.91260809
0.46412897 -1.00000000 -0.06228012
-0.61607087 -1.00000000 -0.95032322
0.68271333 -1.00000000 0.56745100
-0.14301157 -1.00000000 -0.99522871
0.68411118 -1.00000000 -0.54840392
0.48682839 -1.00000000 0.26490313
-0.77955592 -1.00000000 -0.85734397
0.78455967 -1.00000000 -0.72943240
0.76546520 -1.00000000 0.16533309
0.34299386 -1.00000000 -0.64652246
-0.58364773 -1.00000000 -0.66262317
0.77434456 -1.00000000 0.37491074
-0.63161588 -1.00000000 -0.84166461
0.54198074 -1.00000000 0.07716146
0.89232004 -1.00000000 -0.20672965
-0.07840240 -1.00000000 -0.75180602
-0.86178672 -1.00000000 -0.99189317
0.94640219 -1.00000000 0.31392133
0.17139781 -1.00000000 -0.50218689
0.08549768 -1.00000000 -0.93750161
0.75628674 -1.00000000 -0.37049770
0.55605376 -1.00000000 -0.38550633
0.14918751 -1.00000000 0.01495588
-0.22253382 -1.00000000 -0.71974874
-0.03688514 -1.00000000 -0.11365725
-0.45362413 -1.00000000 -0.57996964
-0.52042961 -1.00000000 -0.99273664
0.53158909 -1.00000000 -0.74194306
0.45367002 -1.00000000 -0.38819855
0.91359824 -1.00000000 -0.30950266
0.18597543 -1.00000000 -0.76928061
0.63189369 -1.00000000 -0.84585899
0.06925273 -1.00000000 -0.81780380
0.21847236 -1.00000000 -0.62850881
0.25015354 -1.00000000 -0.09984070
-0.11647403 -1.00000000 -0.89673156
0.85415435 -1.00000000 0.80280191
0.66752958 -1.00000000 0.19930324
0.24693274 -1.00000000 -0.30465174
0.79907763 -1.00000000 -0.57288671
0.44145578 -0.26367038 -1.00000000
0.70768023 0.12551391 -1.00000000
0.64303064 -0.75315893 -1.00000000
0.74028659 0.37153459 -1.00000000
-0.02557600 -0.31485057 -1.00000000
0.53715909 -0.16384274 -1.00000000
-0.23675931 -0.89651906 -1.00000000
0.27564746 -0.44267505 -1.00000000
0.56920767 -0.67091483 -1.00000000
0.00851995 -0.50962496 -1.00000000
0.52010131 -0.85938913 -1.00000000
0.28013420 -0.02688098 -1.00000000
0.89315253 -0.01709640 -1.00000000
0.32214469 -0.74891186 -1.00000000
0.73136294 -0.90530384 -1.00000000
0.80043435 0.03839684 -1.00000000
-0.11483705 -0.65291822 -1.00000000
0.27679479 0.17315781 -1.00000000
0.67630017 0.52293479 -1.00000000
0.79326195 0.21726334 -1.00000000
0.53357875 0.08114278 -1.00000000
-0.42796409 -0.53955352 -1.00000000
0.11653084 -0.01450807 -1.00000000
0.44804221 0.31790018 -1.00000000
0.77839923 0.50119436 -1.00000000
0.89852113 0.68100536 -1.00000000
0.89450604 -0.57849026 -1.00000000
-0.40450084 -0.75604296 -1.00000000
0.76250863 0.60733628 -1.00000000
0.43101358 -0.44651914 -1.00000000
0.86686301 -0.39714271 -1.00000000
-0.22327626 -0.46254963 -1.00000000
0.26987922 -0.89837909 -1.00000000
-0.01549971 -0.16282791 -1.00000000
0.59346879 -0.27281857 -1.00000000
0.63245177 -0.39558375 -1.00000000
0.45859641 -0.70463145 -1.00000000
0.37468725 -0.18717223 -1.00000000
0.04393595 -0.81638789 -1.00000000
-0.64292526 -0.75953841 -1.00000000
0.62226748 0.02350628 -1.00000000
0.61868858 0.26261544 -1.00000000
0.14702821 -0.41963285 -1.00000000
-0.53705060 -0.65606910 -1.00000000
-0.25737047 -0.69607556 -1.00000000
0.92253822 -0.89752698 -1.00000000
-0.82092297 -0.89837444 -1.00000000
-0.08957267 -0.83284372 -1.00000000
0.75089014 -0.21379781 -1.00000000
0.60686833 -0.51328480 -1.00000000
0.69057333 -0.29726624 -1.00000000
0.04736745 -0.69966561 -1.00000000
0.73430240 -0.44631106 -1.00000000
-0.14540291 -0.38488495 -1.00000000
0.18147618 -0.57652688 -1.00000000
0.72790498 -0.06695545 -1.00000000
0.41443640 -0.83526832 -1.00000000
0.31613946 -0.28662241 -1.00000000
0.41494453 -0.60299075 -1.00000000
-0.51338339 -0.85260022 -1.00000000
0.56929898 0.39559734 -1.00000000
0.16080588 -0.23787087 -1.00000000
-0.27719462 -0.59237361 -1.00000000
0.90341341 0.24701560 -1.00000000
-0.13389373 -0.24842387 -1.00000000
0.35036272 0.09313118 -1.00000000
0.20324630 -0.77489769 -1.00000000
0.43208963 0.16378355 -1.00000000
0.83013153 -0.77610779 -1.00000000
0.92292494 0.41307318 -1.00000000
0.32709289 -0.52932966 -1.00000000
0.55052662 0.52200949 -1.00000000
-0.67844200 -0.86479294 -1.00000000
0.53392518 -0.44133574 -1.00000000
0.80491346 -0.31214374 -1.00000000
0.52399278 0.21777999 -1.00000000
-0.13764441 -0.55505526 -1.00000000
0.89091164 0.56695151 -1.00000000
0.91170657 -0.14097178 -1.00000000
0.77679002 -0.62137586 -1.00000000
0.44567537 -0.10480094 -1.00000000
-0.37403774 -0.88171732 -1.00000000
0.27180517 -0.65518230 -1.00000000
0.49949121 -0.53896153 -1.00000000
-0.01536953 -0.90109074 -1.00000000
-0.17425048 -0.77560294 -1.00000000
0.84643596 0.33525288 -1.00000000
0.09581542 -0.33313650 -1.00000000
0.09977871 -0.15747809 -1.00000000
0.24305063 -0.14991105 -1.00000000
-0.40965676 -0.65554982 -1.00000000
0.05895102 -0.59952033 -1.00000000
-0.24265325 -0.35647702 -1.00000000
0.47392231 -0.00680023 -1.00000000
0.89509350 -0.25396848 -1.00000000
0.83478248 -0.49533957 -1.00000000
0.89745820 -0.69438511 -1.00000000
0.09268135 -0.92078710 -1.00000000
0.94229263 0.14183462 -1.00000000
0.65935087 -0.14908504 -1.00000000
0.66844523 -0.60048330 -1.00000000
0.63221347 -0.85962421 -1.00000000
0.81304312 -0.12269181 -1.00000000
-0.33507752 -0.47836101 -1.00000000
0.20823526 0.06511700 -1.00000000
0.20169646 -0.32913935 -1.00000000
0.74010289 -0.72209537 -1.00000000
0.60956949 0.15872693 -1.00000000
0.15020835 -0.67341280 -1.00000000
0.89054090 0.78794622 -1.00000000
0.02307719 -0.40784109 -1.00000000
0.58830273 -0.07398582 -1.00000000
-0.27622759 -0.80404949 -1.00000000
0.03067231 -0.06918663 -1.00000000
0.51707530 -0.34247601 -1.00000000
0.93805265 -0.79307646 -1.00000000
0.39200056 -0.35428464 -1.00000000
0.95293486 -0.34040421 -1.00000000
-0.04988158 -0.73261613 -1.00000000
0.04630488 -0.24452621 -1.00000000
-0.07869279 -0.45987290 -1.00000000
0.82718819 -0.93543154 -1.00000000
-0.50545466 -0.75173855 -1.00000000
-0.35112751 -0.43283153 1.00000000
-0.87156558 -0.01235241 1.00000000
-0.58826756 0.23274577 1.00000000
0.24320316 -0.63565373 1.00000000
0.32698417 -0.70436579 1.00000000
-0.85494697 0.20168018 1.00000000
-0.81101894 0.63880301 1.00000000
-0.32265830 0.04940140 1.00000000
-0.01618862 -0.46608633 1.00000000
-0.55757594 -0.13912606 1.00000000
-0.51254845 0.11053467 1.00000000
-0.76270950 -0.03600854 1.00000000
-0.91201526 0.64436746 1.00000000
0.04690981 -0.70860511 1.00000000
-0.66819429 -0.78716737 1.00000000
-0.81135160 -0.27479678 1.00000000
-0.29067039 -0.21228546 1.00000000
-0.71795857 -0.90699673 1.00000000
-0.31986946 -0.82934707 1.00000000
-0.28867602 -0.07381886 1.00000000
-0.19289905 -0.82518280 1.00000000
-0.54431397 -0.00550944 1.00000000
-0.36569494 0.18775702 1.00000000
-0.65836954 -0.41138560 1.00000000
0.02280343 -0.36165172 1.00000000
-0.71678472 0.30186355 1.00000000
-0.05358833 -0.83572388 1.00000000
-0.91295338 -0.56296527 1.00000000
-0.55743062 -0.36698902 1.00000000
-0.20457822 -0.38393021 1.00000000
0.11274803 -0.52802837 1.00000000
0.29917872 -0.54612148 1.00000000
-0.29056346 -0.58107567 1.00000000
-0.85320264 0.36779225 1.00000000
0.66268110 -0.88882667 1.00000000
-0.63925529 0.40070093 1.00000000
-0.47731572 0.28841352 1.00000000
-0.79062021 -0.15303868 1.00000000
-0.11070478 -0.17300081 1.00000000
0.28954351 -0.80141056 1.00000000
-0.91622186 -0.87181044 1.00000000
-0.89943588 0.77555072 1.00000000
-0.57855284 -0.56352550 1.00000000
0.20976055 -0.42803693 1.00000000
-0.09797001 -0.71181881 1.00000000
-0.41767937 -0.09939086 1.00000000
-0.50017530 -0.26777095 1.00000000
-0.89603627 -0.67578143 1.00000000
0.34243238 -0.44348663 1.00000000
-0.42519933 -0.73363698 1.00000000
-0.72309744 0.17491436 1.00000000
-0.22978657 -0.71834511 1.00000000
-0.87020558 -0.38385522 1.00000000
0.41563296 -0.90098310 1.00000000
-0.03705835 -0.09352136 1.00000000
-0.14521456 -0.47608936 1.00000000
0.03408444 -0.23058063 1.00000000
0.60806072 -0.79181778 1.00000000
0.22975338 -0.30738634 1.00000000
0.43653822 -0.70696259 1.00000000
-0.13580018 -0.30516839 1.00000000
-0.62932253 0.10923302 1.00000000
-0.90284562 0.47548318 1.00000000
-0.81708169 -0.75710332 1.00000000
0.06289673 -0.89371091 1.00000000
-0.70791149 -0.67742318 1.00000000
-0.67063594 -0.19893825 1.00000000
-0.78404599 0.46069992 1.00000000
0.53735733 -0.68721062 1.00000000
-0.76877207 -0.47696179 1.00000000
-0.01798713 -0.57021856 1.00000000
-0.57163036 -0.89045525 1.00000000
-0.39139491 -0.52889335 1.00000000
-0.12281376 -0.03768921 1.00000000
-0.91746116 -0.28478116 1.00000000
-0.61329103 0.50574124 1.00000000
0.52498162 -0.89653432 1.00000000
-0.47203976 -0.83855617 1.00000000
-0.28506553 -0.31540900 1.00000000
-0.57646692 -0.66537720 1.00000000
-0.16850132 -0.58009499 1.00000000
-0.89164126 0.09940982 1.00000000
-0.52046794 0.38614857 1.00000000
-0.24071252 -0.92847729 1.00000000
-0.41139239 -0.32410538 1.00000000
-0.73137784 0.06543958 1.00000000
-0.69936562 -0.31341100 1.00000000
-0.70208287 -0.57143146 1.00000000
-0.41117024 -0.63003957 1.00000000
-0.81729198 -0.60117936 1.00000000
0.49440598 -0.79585457 1.00000000
0.11518168 -0.80569047 1.00000000
0.12210321 -0.33295596 1.00000000
-0.45984608 -0.44735068 1.00000000
-0.67525733 -0.09700304 1.00000000
-0.21970314 0.08250594 1.00000000
0.15848565 -0.71216714 1.00000000
0.22681546 -0.88586682 1.00000000
-0.41364092 0.00167239 1.00000000
0.06392467 -0.10539776 1.00000000
0.44928348 -0.59584343 1.00000000
0.76600432 -0.90660203 1.00000000
-0.39131433 -0.91323340 1.00000000
-0.70901525 0.53616059 1.00000000
-0.39796317 -0.19834387 1.00000000
0.73092401 -0.80660009 1.00000000
-0.89695472 -0.12616277 1.00000000
-0.76284802 0.73493159 1.00000000
-0.81644768 -0.88632303 1.00000000
-0.64930260 0.00281692 1.00000000
-0.56053042 -0.78435642 1.00000000
0.90311813 -0.96070397 1.00000000
-0.19923025 -0.12646300 1.00000000
0.38963079 -0.80293638 1.00000000
-0.08677900 -0.39318049 1.00000000
-0.25031036 -0.48248786 1.00000000
-0.12441635 -0.90829414 1.00000000
-0.97260350 0.86033177 1.00000000
-0.33156461 -0.69567806 1.00000000
-0.60227937 -0.27571726 1.00000000
-0.93514401 -0.46495265 1.00000000
-0.37730736 0.28767979 1.00000000
